-340.196081795	308.853240934	4.44241075305
-314.233076132	215.928621027	7.28575709453
-284.395291587	-247.361474402	-1.51891897115
266.813131916	390.303027739	-5.41436632025
204.105594545	-127.147093836	11.5280215246
238.506867053	-13.6603768283	3.50813576821
427.003411623	-18.9513635581	3.00835679625
446.777246901	-363.753899886	1.3935147221
296.623366315	-188.148493849	-5.99304036412
376.605266136	313.195143816	5.65084010809
-131.936087072	240.440708149	4.61020637578
275.906102236	-87.9999348469	16.1318839198
290.518071441	206.810239429	-15.7670226283
-87.3322544702	142.869925708	0.85472846966
-141.596557005	393.790519281	11.0390544732
219.272394792	-329.364534293	-5.44143007808
125.648826463	168.980403782	6.05362029249
-150.675502405	-96.1749970518	3.78738961695
-248.083520269	157.631341661	9.70842330416
47.2395602824	202.605030561	4.35728947244
410.05421266	-263.697080432	-2.67956261764
269.00384926	-232.038131903	8.60532190285
-214.411223837	431.0176124	1.30213716134
392.030440776	277.721083407	-0.0990551299643
-117.69903274	173.712096328	-3.15053505028
-216.501441239	90.0600382531	9.945658093
132.996862683	-85.0151454643	-7.30912337669
113.356985569	247.43245872	0.991512794844
162.308741925	-179.154736983	3.38327602994
-290.368172196	81.3798638672	-7.43152661128
-390.37979813	374.79536937	-10.9730103827
-76.6114894279	-192.733124337	-9.58382393264
-358.83089253	282.508825896	14.9056006143
-5.12670513806	244.076487694	-2.61743261031
-198.423203411	-75.1239496323	-3.49691768095
-301.662881056	-247.463007172	5.7428737525
269.734682993	-63.7440315569	2.46613041139
375.594693	-172.369753804	-8.97163713679
-389.730703567	412.88834082	-1.09015404772
-265.966371122	-400.135960069	-17.5658620963
-17.7049906967	-76.7718726203	33.7098765211
-33.2796212021	16.6803549387	-15.1355030198
109.126479828	-188.366007082	1.08291402893
69.6833802222	389.876011461	5.48204765942
-130.409781839	-230.01682545	2.4802532216
363.313606106	240.953326725	6.50796529065
127.941281115	143.117938591	17.7149669815
336.027770765	373.912069559	5.52722945044
-401.183703383	313.275137762	17.1843707651
-70.0479736539	-376.873223253	21.274847357
-239.31573626	96.966719932	11.6947434139
251.064532363	-163.335304143	15.7513255199
416.119493765	-291.975253556	1.59488035037
290.966602598	-314.505421039	-0.464044214271
-231.023223398	277.327302834	12.6845575964
-228.10482069	-383.179938273	3.5095622366
170.948201958	-190.882384654	4.0656054186
245.435761543	-69.275664415	6.06714119546
-381.267769354	89.7445920682	15.357604787
-238.201289268	-423.912195527	-1.9467464634
-421.470525149	151.31248464	5.80198990945
-369.458767439	-319.46886701	0.66987014754
11.0184117367	304.363049823	0.0920270281092
37.5503607746	155.740386148	15.3147895386
-72.8079123938	232.121757107	5.0998413047
-336.145897805	-344.397292489	8.28057846031
141.73642913	109.458869076	-16.0408708503
-67.5713741897	229.126913578	0.647450506561
165.744310808	197.894529231	14.9469349335
-111.039160224	-165.527268291	-5.69460118294
-293.632466638	272.657854728	-3.23539321526
171.938311044	-210.423509153	-0.939759801683
-33.3753129336	306.190498571	11.6249728604
-441.500173783	-183.328304897	-4.16667684315
385.942503311	301.307867186	4.07953105887
-207.803973917	266.274738667	-5.43884903007
-267.031912864	288.165006251	28.7332905094
-210.585509774	-323.1958739	-13.9504783513
-242.00005372	-162.617526268	19.4698957164
-68.316462382	148.829208514	0.0227665305241
208.549807307	-155.832302763	6.42363981202
-10.1149594464	126.758971597	1.38932670539
188.09142158	448.714321068	1.31902108456
-202.660797936	94.7033400462	16.6088552089
409.701888501	-375.083136562	1.30569040759
49.7669029506	-145.651408888	-6.73614865654
291.772065712	10.7374219984	5.55895555329
-394.351850477	358.85190369	8.10972089806
192.367823955	-343.380584755	1.96713285685
-448.920653815	309.103594836	24.7482916602
123.417904753	-259.886225772	5.10435233332
-221.02721057	85.0506341692	-3.3988223999
-66.8153670774	-433.520567231	10.4911074243
313.336152418	308.099069652	-2.00879432851
296.560076286	238.191389022	18.0466136042
96.1961606538	316.252197588	-25.8918132786
323.706970847	-300.727282344	-3.68769678971
-66.1944869092	365.518139418	6.13416212517
-237.324735034	439.766700871	18.9974331998
-288.989425746	-423.723977758	1.241170649
219.412674043	284.040910394	-5.22762150852
60.2882736321	255.444655754	-6.2791234941
151.741391342	211.379447593	33.9341201853
-89.165687511	-273.350797362	3.37288913907
-401.782260452	-255.363290874	3.06457684424
-399.712058401	44.258933947	21.628586048
-347.853494805	-190.770904354	3.89294726881
-103.551039652	-6.22947548107	-2.10328109601
-243.02316542	260.057093072	-14.4701368482
155.660529427	-117.78273847	-1.98540790542
-161.228147511	161.949276388	-7.11469432305
419.467463372	395.851072572	7.705846305
300.311984728	-96.3394996501	8.25680934255
-105.027069545	7.29051551915	-0.492090085021
-109.902502459	321.056471449	12.6574186485
-321.973288996	-245.803442368	-5.24852671927
86.8074292542	-191.978599377	1.30932712961
17.3727229829	47.9424411649	20.6614558847
-266.366484999	-252.048607887	7.43203050375
-65.9531269811	-440.591444735	11.0858703674
164.105977826	-384.898195292	-0.425310370553
-14.7464493378	386.714413156	6.14199770223
-259.242773555	296.240710864	6.90707541121
-35.0452519743	-61.9504355974	-18.1794707298
-0.445358657359	-451.102593768	15.1674429666
-3.73504258015	121.33859348	15.1800677605
-113.296826031	110.957265218	7.71621630773
143.627210116	-104.435067503	-12.119314201
-402.840985669	-252.653970605	2.663735874
59.7995930467	-124.889572724	24.4991886049
-115.837066019	314.339526988	19.5388038732
-388.917841477	-422.348846242	0.85401271672
-153.670068944	-199.234149034	4.32205140841
-273.395932306	208.60750377	-18.3345159224
-425.411022758	384.560897666	-11.1114844441
-390.960736788	-28.9994817626	22.640049612
392.849640533	-100.205509559	6.49928610989
185.970267051	322.855477958	1.01636244857
241.490151387	222.684097536	-19.6110668625
-159.543205338	-370.060075828	22.0338219905
326.501221543	151.414744906	10.0879940574
110.335491948	430.144697603	-2.95148579744
-20.4230400098	-67.7652514534	9.77216793804
-17.0733771269	317.07471234	2.97574108889
58.626265156	274.336415944	7.31506396709
217.902352115	40.9256461361	0.20784183309
-114.701160092	384.343070614	23.1953605258
-9.58560090777	-197.010792291	25.7315973901
42.5213434789	-167.049676505	-5.84666865146
95.7606183824	-143.254528391	0.196534515096
-5.97249466088	-275.805089821	-1.58981289497
156.542811541	-192.916407594	-1.19115953061
98.3686893757	-60.4456694813	10.176084499
392.653262087	-23.7458583709	5.93516515408
-77.3091774678	-347.818362248	13.0499919763
-14.0375523748	-396.482402348	3.74617286073
-74.1698881304	190.527048288	8.61106061642
-87.8082787874	-406.901252804	20.1929720619
-187.126743224	-376.371104308	-11.6341352997
68.1312265501	-194.002175545	0.380654286416
-397.256111997	20.6555887243	15.0372140067
380.387637865	389.599731617	-3.84644129137
-429.691170876	-385.4916149	5.62314364252
-62.6894868963	288.662147199	3.55286343526
2.47049244342	105.122273067	-9.00961496573
383.933888163	-4.86261424279	7.80992218125
-44.1659764894	-74.5683748784	15.2969952505
-30.3008593325	-231.077605822	2.6665287127
-304.034208124	123.138461159	29.7292230994
-28.7800772308	87.2416969745	11.6774378128
61.3452393764	-161.731514662	-14.1248910283
221.128954005	-100.016083918	0.227825358739
-157.36774971	-351.14030929	13.7603862392
80.3658021661	354.417778698	-10.6541366255
-309.098413881	380.535355967	3.75182726934
-397.25904923	-311.293323527	3.86531125314
-9.95551242111	158.630535398	6.34629884535
391.664947262	-264.384736283	-3.66665958481
-91.1022356307	-187.805877272	4.81140374747
366.171705406	-373.77684287	-2.57033075317
23.4821602767	377.369921841	2.70108858848
-430.009475995	157.7134774	5.65559650314
342.292545317	340.642790137	3.65169972968
-13.5848676017	435.520304502	0.183911052522
53.2696249062	-343.598922268	-3.1943676965
265.254061494	220.831282896	-26.1168825594
-318.829896319	265.343191992	-5.80155232839
-318.84094136	413.822523654	5.89589701023
-169.230767867	390.792592717	-8.95504530036
-186.085845731	288.309657768	9.36561645557
279.472034319	-40.9113977607	1.05386308717
-275.154883364	-349.204980739	9.87862790734
-152.470878276	412.430111942	15.0460457262
-160.067378861	436.169249343	10.6814738822
-288.056171317	-42.5310866066	-0.283141790761
-69.272689931	-179.943299475	1.44982931814
-358.531680727	0.625933454197	8.28377015795
246.041185926	110.260642848	1.47774047031
-266.041343758	-5.36042363521	7.45355626987
-105.341303521	-273.180702777	4.86760753062
347.222833441	-359.368410872	-4.29332568572
39.5587863761	-387.133350006	5.20955606637
-123.313372475	121.953915332	-3.07609289464
212.736879704	312.35288522	-3.6714851168
-80.5517647049	-272.161047583	5.83046210407
-226.503988184	-436.12264071	-4.31937873826
88.1626798957	414.895835861	-1.55729237515
-173.638254641	231.332018223	1.14153179502
327.813613646	428.268238335	0.697890365444
-373.125152839	-26.8077775626	16.2815839443
-165.237830111	266.10287821	9.28600787034
-284.406863409	-123.697277429	-7.92043603259
3.45815118038	270.066081853	-3.38819155181
-69.1215293117	326.953514463	-3.07139537921
-100.11326717	392.225608322	-5.8474473117
-60.5565006137	73.0346469725	2.68147762729
3.22361148508	226.400214689	0.434731358336
-98.1624244788	24.999485717	-2.27367923637
276.974182623	268.240809223	6.3017194484
-379.316484562	365.154389158	12.7024925442
-201.216371396	-35.424834	-8.46464007094
144.800826269	58.6014967965	-2.22037358494
350.780858848	-133.117810876	-5.20405329194
448.195366315	-163.798942067	3.983257397
200.42202562	-90.9380598386	-20.1301388604
35.110668914	421.790026676	8.43636714756
214.151758625	1.01853964649	-2.22417259327
-16.8181943858	173.426162469	-0.422330475685
278.862657998	-103.413763426	1.5191052537
-269.212183058	-352.447090547	13.7082679684
103.345231253	354.472177981	-13.8177043103
52.9552939705	-401.823761104	15.3229761696
5.71291018885	406.133126226	0.797776109147
105.068197118	-2.88068983911	-2.20796101229
327.490584373	-239.719848525	1.44675920477
64.755232083	-174.803059351	2.66839825652
140.07125714	89.0714919416	18.5082810594
-188.782355996	-157.608182615	0.359372352804
254.167628157	-359.755335848	2.02574368005
59.2031788034	-263.471891805	1.34176129546
379.378575864	415.435378436	-6.30627902695
-51.1390695609	144.630741209	5.27237891925
273.434498558	32.429748406	-9.59685103196
351.234686827	-90.6914737112	-10.0800001525
26.5427691044	-18.218577166	-8.08625959799
91.8758280305	5.32092232891	-2.11529897017
-161.11536958	244.751177383	3.03437734945
414.026633588	284.104673031	2.93326338214
120.379812151	-114.404570905	-4.1513465073
-40.2488532271	-143.168796303	-23.748053441
-148.674077191	-61.0409495033	-4.02259551101
-339.027641267	424.0642573	0.554208662331
54.8155174601	65.5235395037	-19.6757104892
358.422697243	396.512639845	-6.30305750639
190.617400944	244.176607651	2.37330181005
104.249312391	368.543663334	-1.68984003754
-246.422811423	443.431477507	10.9108912515
-427.462501489	39.7997805096	34.2434856801
-141.691607002	-178.15886075	-9.0074256604
-172.981376982	-123.680260313	1.14778725658
-280.153295967	-305.036687705	-2.37242807764
11.6155001406	-250.758383068	-4.02988744084
121.900553887	-23.5590208288	-18.0530526514
262.390340539	-199.933769157	-2.2177266142
72.8133389739	195.986795258	5.25885872171
4.70245110345	264.591290042	-5.74251115508
425.449931311	-346.338011949	5.00201980243
-260.128814101	398.184675267	-8.02534522364
314.393818965	334.422098204	4.09892780402
297.159714138	-333.62386555	11.7140395394
97.751737549	217.026131012	7.55845559663
354.372064138	14.0588990413	0.882240739184
-91.7550074848	-149.54242036	-3.22469458412
-417.057626579	46.9211312302	11.6718451691
396.473658783	411.701631259	4.15955724
-237.201525634	345.806019093	-8.31901875192
-163.334527079	104.530618946	2.52129997104
316.25142353	-420.995856525	-4.58986448666
-93.5800898965	-234.388775706	1.39439807727
346.814817583	-393.632318319	-7.27093394176
417.222440611	-168.307995958	-0.235197470493
-89.176146494	22.491038167	-0.454494121742
39.0141933337	58.0044246041	1.38054506513
170.566308157	-103.3807769	4.18133709704
-83.2517255516	-343.561909637	22.3478576641
-197.916992531	34.5144297096	10.5678008898
-247.825268144	322.895560782	-12.1406479363
-17.8232772031	-213.248992371	14.6151709969
82.0759736027	-100.768168509	-15.4943770374
250.974223582	-74.030506824	8.38210462723
241.893650135	424.257765732	1.35037097309
-331.895646767	327.377424112	19.0484873549
356.629648207	-436.705400637	-3.79310935112
-440.172861143	415.305270491	2.76166134163
201.670227981	-202.557003859	15.5810130356
-77.2173722522	430.68795314	7.55315547861
-431.164066833	57.7850074488	38.5116657181
244.595799051	273.264418854	-10.8473831425
327.095545742	-432.965082442	-4.56751429518
357.714806908	240.246137398	1.75005064097
-71.1067443505	95.721489174	6.105781751
-242.750771131	-361.39023747	28.0709383133
-289.428714905	380.251783887	3.43178180304
193.333779605	167.695825685	12.9620757397
-421.257694542	422.44433959	-7.53117446648
-135.043291245	-57.7139083003	10.3327403892
-367.529463426	17.7130361404	0.0595286210457
114.232650139	51.4195361704	-3.5909192895
194.242298658	-270.496582564	11.7722285217
-72.7079893722	27.890793662	-1.77090272907
407.219097052	-161.087228863	-2.46331665032
-40.2290301258	-264.508914255	-4.13520634146
-227.121928521	37.0408440754	-6.56544812958
-374.760944838	243.619323843	-1.05635048211
-324.889216385	305.106049818	-2.36787353886
-392.841682098	-356.844259855	3.26037716397
-213.329690708	-224.616225526	8.3457438837
438.980162043	-432.29960552	9.63755037238
118.469111027	-191.558740471	2.13718867088
47.1525466098	2.89553048338	-8.65129806893
199.480380438	-187.050322901	1.66654271093
31.4795309627	-393.516181652	14.467432907
381.813847007	-349.406888501	-8.36626240939
133.715673311	230.841312557	-3.56524164959
334.77258485	-433.999544533	0.184389802373
388.953328006	-434.544933568	-6.99610375052
154.25130444	-417.788016508	15.1610482023
134.882105078	-265.93703411	-6.26294210298
-278.690507568	-287.027514169	5.72682951256
137.523787373	34.0507181062	1.56209478583
-418.662225532	335.060315827	30.0353562101
-272.040455948	-24.2075191218	1.9620249795
171.832495236	-352.054962235	-12.6972649106
-34.5996824046	38.8079085688	-2.13907433401
125.897166571	-365.633389472	-4.40003812095
419.055904385	217.057943594	-0.848898281104
215.11058099	-305.188066243	15.5503557191
-407.518457604	423.95198062	2.26231775033
-320.628417796	-302.093636647	-2.64563157331
-322.487560601	196.15214629	6.81029875002
-283.265239559	-87.044988106	5.61279343404
-348.389693066	-15.4174677158	7.40187289098
9.98487163564	116.293835942	3.86651879215
-318.535496218	-85.314813282	8.66003074679
183.717811948	3.27993443759	-2.40950735379
-375.259340829	303.881194085	-4.29188509959
61.3822824444	231.839730464	13.2427974716
5.171629372	82.9962933183	7.93210384735
-406.361171224	-404.60528038	4.57481047474
117.212324254	113.752151597	-25.5569534402
-427.991867775	264.427056352	9.55041028552
-20.5286490122	67.1701800382	0.978550961203
-178.415078032	-381.032787655	-10.06994962
271.686503434	205.323933367	1.0045758565
91.6366253297	285.066327341	-5.45471559714
382.912299046	214.330673468	4.80208993214
-430.262658769	-103.498142768	2.52982365956
128.719119011	-406.358288375	-9.57362215158
-165.615047814	24.9749258568	-9.18533388629
-425.4038707	339.678446349	26.0695489804
405.281607176	-289.149107429	-9.95921229813
-15.2215637813	365.607294516	-1.89161707122
205.315517461	-293.441022382	9.99263639131
-90.9325464923	82.4921250024	1.62954942624
411.25501279	-345.879938669	-0.728695174789
402.321760438	-272.215559204	-5.00686074869
-432.250895402	276.240684721	4.44032215027
293.411936367	329.897923736	7.03976410751
-26.2489851736	165.064847526	0.265552779756
-94.959816993	-306.935730939	-0.131172647528
-212.001820561	99.9731788839	24.3089476378
-396.038680425	335.865026308	-10.5512721706
60.3539823166	-193.366722328	5.73704566193
188.841268967	100.948803813	-11.0286359686
180.248333487	-0.171882089694	0.0774609334381
180.495188119	-15.8377414698	-13.5173461854
-350.354594831	-188.269922235	4.12319252432
-309.997874022	-211.49513226	-2.98442014818
-11.3202173299	137.332959473	-7.98654270746
316.17030486	-92.4973345047	6.5823037048
240.428173106	-65.6395062094	9.72113211075
-52.4581745385	-56.2365828183	7.76936942469
-439.694637447	-126.575783047	15.8903595662
199.468977112	-292.227164015	-12.4039200298
355.56296424	277.698728382	-4.12050931168
355.019886745	99.7612165349	-23.3876117738
-356.841745383	-316.28304701	13.7671881326
171.241069856	-257.948137448	9.61645826285
173.711307472	-59.115464154	5.79333474778
162.406696603	0.886239174858	-11.4969075372
-123.070203716	174.792440899	4.3391035548
392.659367252	-411.053435125	9.47464547018
425.63660427	-400.226647473	3.67278633478
72.3204501348	-182.137293456	-7.08421296724
-237.569984355	332.85297891	-19.9032173267
-310.252897857	-403.151614876	10.7767000806
-323.290784255	-64.372038059	8.65500041146
-404.267656387	-249.79513175	2.04746872876
377.645949362	-1.62954065987	4.35911045397
-306.676982577	92.0719816051	21.7082246789
366.829068886	-91.9963301703	-9.72539699149
-128.199397856	-338.221630154	1.64946607279
-194.659660207	-105.985917599	1.85829306221
-341.142646684	-181.354250345	3.58845150358
50.8272292567	10.1216177682	28.3546995876
-256.443109507	-109.53198186	6.89660400249
222.165091886	25.4174512609	2.69307574288
227.502765453	-391.191079095	24.8114149723
-437.657283422	237.630887338	20.8609062854
216.188172234	290.002732384	-8.24927709645
-254.747054934	254.433708709	25.3209167852
448.48511293	404.654534665	-9.41566436702
-365.691098025	215.234445771	10.284371665
311.825611572	109.244543568	1.7364335253
270.997491464	-389.41752417	-3.31398397042
153.170030582	-342.6971178	17.0150129547
-55.0283658284	-403.699686404	18.8846612941
-277.239418813	215.565581607	24.7910285146
-8.80315101784	219.320491672	4.07015003602
-90.9525959501	-398.256194438	11.9306400676
423.757370768	-399.948641338	-3.16151574784
-389.678814369	-75.9552452504	3.0911398859
339.680573266	-163.740455208	-3.18729644386
-210.825486371	-31.7789068629	2.09471610039
-367.037005931	-169.017814238	8.67066676354
164.824473311	-75.9790604916	2.29891985931
144.133415196	-271.285079707	22.9773769397
186.483559152	108.207213247	3.32024160513
-210.013059351	300.036594476	0.822368255924
-407.428363735	-129.631574583	9.69988624938
-76.5981664689	-370.112353196	3.06837167082
215.542052688	-166.328505662	15.6192846324
29.4562423529	-446.401292222	-2.79782718305
302.12509882	369.961688731	12.3171961521
-402.332349909	295.043831545	19.3114792231
-300.353164251	435.183596573	2.88855783685
-38.88911822	-343.876036946	14.2420260209
97.9569062453	-104.709113394	12.4765515578
149.231704952	426.891302342	-4.71022041767
-350.73818014	97.3377679311	1.31382336816
244.024778141	-256.260756581	2.09334656808
-281.107254042	339.412325373	3.26302451561
-8.15135090094	148.292700798	19.4037085075
-239.377101419	35.1399482571	-0.541432425983
-131.901247261	-150.610239821	3.21104443131
77.2272969085	-451.5771283	2.67663275098
270.111691667	-337.055588909	-9.58346398235
220.130156338	-67.1858447942	16.6727433606
33.1582893468	-114.014084307	-4.75056825379
-107.632283631	-189.072074782	13.8124107577
447.16859206	-337.871295094	3.51507921694
-252.493498256	134.073760742	-25.2754661383
-129.298310585	-290.590011005	3.11892133455
254.982638098	45.8054236831	-8.31004708161
-210.792049036	35.9936783023	0.912410082068
-214.161622037	232.24110104	3.39352215184
349.702690196	299.87742045	4.89307101812
236.961472915	368.782780654	2.99641359426
-421.348443611	-126.438741017	1.44263278536
66.8462882425	78.5259212213	3.60472086743
-399.000535938	405.593588667	19.318920912
-140.219500085	147.14093451	18.9607035217
-378.15021269	450.263470267	2.64774017752
-361.046933252	324.548652415	25.2412687044
-272.448420679	-328.341595542	6.90545724469
-166.729270259	368.357810449	7.28220763003
-352.627106549	-173.928613474	5.39910755127
-8.10305196014	-36.6229704676	-18.9076132356
294.82420134	62.0751622974	-20.807838983
261.847152465	326.911612557	5.5546883305
-250.988248561	80.8090632214	-3.6286318714
54.5271383482	-144.640093143	7.48032630459
123.470624958	-311.773962459	14.6776672691
-279.415202052	-118.920452476	-2.40894703479
-32.0002350664	154.277465536	-6.27968834098
37.1987799266	100.512841395	-7.29635700166
328.544343514	-74.0174396761	1.02535222651
444.41180715	-91.8319005119	8.04473349493
300.373207911	330.252896202	13.3043700262
-170.342643499	79.049913995	36.9337456179
405.32352149	-18.8710109694	14.9609403399
33.1934163636	96.741180946	-1.88147399845
-275.916607185	-224.077132183	-2.3803111261
324.449076734	327.376842771	-4.22826701531
-297.387263031	-356.93283144	-4.83623436855
-400.679853146	-35.0881064966	8.4858894569
-308.310236044	219.893448885	8.11653353048
36.3143418578	388.365653704	-8.30569194611
-220.738080685	441.399583844	7.13371465
322.720902319	451.168251539	-2.99465604716
-114.152470334	-131.148977517	0.161036115318
-329.255812043	259.405894764	15.7958759509
261.542328821	350.630491041	8.972283647
304.704672541	245.683414827	-13.5772589688
132.245716312	89.4935077284	-5.09257564626
-278.926944709	307.912818695	38.6978312311
-295.261812978	68.605120848	4.76755512452
-424.119118839	-193.428797789	2.43032467932
-353.065473213	-426.826611685	2.77797359745
-238.423622946	-222.771328591	-0.249655169283
-11.5804319216	-64.1314599236	12.7150072509
-229.884001236	35.6333829372	-8.6713598018
-418.043717728	89.2351890856	36.739252433
-71.0654093169	-128.333574458	-1.97069251844
-130.813043254	327.005229882	0.838938010341
409.069083478	251.243945134	-2.8281212437
-0.209199523588	394.176917177	-5.79053850811
152.156708916	-314.384781686	-12.4476612358
-203.078119246	-392.84024163	0.343938703652
255.347376826	-80.2505064577	-7.88732098432
-439.337929223	291.436188989	7.02892589468
-367.751053347	-62.0207834538	10.2365023554
173.736092508	199.08025676	22.7079632177
249.052002397	-358.430019176	-17.5298543111
-237.040640024	181.25049365	3.59231762785
12.0045977555	286.731757141	-3.3628161184
401.579331926	383.96177071	-10.0090818025
220.366815025	-46.0939373652	4.00385223991
-182.839064855	-359.919759654	-2.79373759443
394.073828128	320.37364684	2.17013659381
-357.486426786	37.7168123014	7.6903625584
16.6134067263	-328.145795778	7.21076079039
-155.906149138	-389.67732299	-3.10053984789
-259.630479811	-161.523333592	17.0754312175
221.99627239	112.78025238	20.5341699014
174.271656946	406.206043023	5.52649801125
127.898278001	-217.227946301	1.74859809921
-108.282120805	411.065513356	12.8365546145
-419.910550632	-267.418549632	-2.46720826418
-105.536501712	146.491846364	-2.08823307867
-213.201309675	-182.87763792	0.461286541147
408.449306592	-100.625753338	15.6625595694
-435.578743295	196.075292285	7.0595254902
-26.0814467517	337.655637299	4.82687984001
-122.090621227	-57.4777423192	-5.17568661719
-291.857114343	-283.123746853	6.38205878034
341.927168855	7.08550828796	2.0656951541
147.696408605	-426.724693733	-8.58388455952
169.510222129	101.172886629	-17.364079079
224.407238778	433.036537915	-4.60686402866
162.100263665	-348.275981783	7.53977164346
339.503486955	51.5040506814	1.42261250092
227.569505426	415.458891056	1.1101692279
-72.8463265771	-413.791190185	20.4573099506
201.59066942	4.55477580993	12.5706632557
-158.649871318	-90.514839615	4.66675001835
-405.652871362	298.669247235	20.4925490636
251.693580196	-444.469825983	-14.5210184327
-405.703724998	112.602480743	13.8800641371
-198.423451335	-415.228048511	2.24007629256
443.413620918	-435.58662432	4.07472334065
139.717471153	-95.9084693053	-12.5546374731
-282.082087682	-285.170411191	-1.60221278906
80.2970335362	-369.335182898	-0.677072613995
68.1613545482	364.011856308	12.4572807132
-332.836809382	205.183689983	2.86000721709
-379.338596272	100.136710366	21.3298324615
416.857913309	307.890206313	2.83520712679
-209.604738814	445.671523605	20.8887757278
-405.644496205	362.967735121	7.80885235691
365.454976748	-87.7416746532	5.58952126233
-66.3066614633	-354.772253943	-0.936460913001
-132.043139765	-438.903272763	4.64438346338
-231.1947355	21.5571225687	19.0431403536
268.180008737	2.7290632127	3.5982997392
-311.107421617	-61.208565401	-3.22030575708
-314.52151271	-62.1806783727	1.37249270642
122.594327976	141.747627417	3.02482115537
-277.111237504	52.2384411621	13.2698380121
-376.428008668	182.492752675	-5.43141917522
341.457649485	-355.630000885	2.43562943063
-370.915526505	-314.151380848	-1.69071887172
-343.018980209	303.855594504	19.9053914358
-397.347141538	361.15190747	9.13732672261
136.914193606	416.625874551	-8.86115855754
45.6762875802	-279.568558824	7.26195683828
122.246536274	-117.181526673	17.6749522894
-170.574088717	268.876838307	3.7944916702
-353.024386351	229.254599598	10.5000303933
-241.508219393	-321.794948321	12.6492774875
172.700461711	153.531156192	6.70908624327
-372.40970407	-178.163320088	6.58947642606
157.181388811	-98.6124503889	19.7375486711
62.207712779	104.961189226	-8.52304995744
-322.762884224	-150.411827866	8.18952091343
236.585188396	361.467610609	3.00033638173
154.053138237	409.647081534	4.45116789294
-272.472663177	418.420951421	4.57994658313
429.697815052	301.902424241	3.8381833571
449.067950981	262.227550596	-6.25778377665
256.040310997	159.702273515	1.13381540702
157.92279798	8.41105251629	12.2899729412
-99.430881237	346.175103478	20.2292316086
-73.4167539635	-51.3286463184	-4.82765739676
16.1489722089	-443.645681181	4.22906749975
264.170528403	308.862011555	-7.25071662349
-316.457151037	-54.3514670404	4.83951436107
-43.6156554065	130.426193915	0.0487298873661
265.009166007	-153.327177573	-0.158689177962
-402.610047946	204.18635022	-7.26729643337
-192.087118123	-385.923903086	7.55483904744
-438.810153699	197.539703485	-4.80760875997
195.848735081	331.828188123	6.26890073397
-79.6794953838	-434.499602522	5.22712429716
363.451787205	-305.2704883	-2.0298273317
-165.052334042	199.909832556	-1.46662940104
-274.119169883	-204.348367538	9.50217451336
-187.549569049	249.274002937	3.85235688309
-38.7006262813	369.056201286	0.243467511029
-343.569032436	411.325361733	-0.698011048028
-88.350068849	-307.500114227	1.03735649097
-290.040437776	-356.812161313	10.0352646982
-264.506844498	-142.616789746	-9.02052642961
-83.9844637114	332.283610598	-2.80027989299
199.122596668	436.102042283	-2.23600576829
72.798897226	380.216626206	-16.9276467435
-30.0959717264	-379.695721033	6.9841802973
-432.601937909	-148.451999579	0.0663629209922
246.296709581	-39.2150265528	-1.90240292168
368.862606044	-177.322797768	3.31666687408
201.095561876	-125.670934194	-8.89907550645
138.247799473	318.763463013	-5.85143667739
-440.975410883	360.999091878	-5.07162142045
169.408346403	-379.500465085	19.105728861
-339.580146919	357.11723476	11.4685329437
221.789620137	-200.991554112	5.11448630091
-353.036628532	-212.157131874	-0.589816393809
4.79882394157	176.861342385	5.55923782058
138.349729368	385.060934792	8.46346052718
351.227769957	174.883391456	-12.5400662346
328.353680178	160.116668142	-0.128404130774
-286.434399049	-42.6902645637	-0.278723688904
-75.3705204992	-276.658005986	11.8770303804
52.7343395514	340.138550275	6.74579627824
-23.1195465297	-238.196209828	20.6943240945
412.100505504	287.810707586	-6.39620420681
172.070432229	7.31387096155	16.0242846707
-117.116890515	25.5783131768	4.0122832857
133.910102589	346.784636326	-3.9664960619
-174.232481105	88.4591735296	-17.7049629112
-126.150690746	-360.988032838	-1.02597179224
379.638376762	252.812461747	3.61969031493
-240.269940647	-316.001198309	-7.91233797404
14.6352836144	242.889037915	2.73236624288
-433.765183083	-313.456943636	4.74659004034
125.733251479	38.682960216	-5.76525510706
64.4457049967	-38.8083524401	-2.65248220597
-43.5352663693	-412.587045516	11.7702040133
-289.116914355	-36.5503789745	-2.62518803013
40.8419916575	-306.007524004	15.211490778
266.421242548	-445.713601816	21.1448960462
12.7924010292	-336.121095091	2.68023383167
-359.391668767	240.508558715	8.07897175747
-85.4542776547	349.771714046	-1.71195948832
449.162074762	378.842857189	-5.08632056241
-145.618763876	-342.905085625	5.15554787215
252.63717807	-367.440405575	-6.4389287392
-304.30965819	7.77401652433	0.702485456373
122.233865779	-172.801073859	5.51721732489
-284.182641066	129.394699922	13.3198686519
-330.223188079	47.346598379	1.97527880719
314.779049881	363.660243397	3.16435857207
-47.2709362745	-219.188887889	3.39929483311
232.599959443	430.331356721	-3.33243999555
407.689763812	440.142655753	16.2519209277
-386.743382079	-120.921247133	-5.37935052863
183.332413128	-124.927041504	-2.71153489147
-236.476228695	191.816947275	1.3061007407
354.454974296	290.301816853	9.50933637675
117.349049427	340.302358936	-14.8688037368
-75.682146965	451.290593756	2.40235733997
157.113858999	89.7577118912	30.3509136726
428.017797878	204.332160537	-10.5990456146
-95.8853135254	50.7128405077	1.36486244133
-252.385258795	-381.033754012	-7.81916459744
-160.043296559	141.858643522	9.22263682427
-143.359231295	53.8589848925	17.7733790859
-352.041011353	-1.78799686533	5.07503204066
211.289982035	200.753651006	-28.7006377193
-328.017547575	-269.706069562	5.5441346297
162.582243772	-272.343242561	-7.14999480936
-428.327074286	-142.996079934	24.7653312625
-297.105618787	68.0410374782	19.1560535782
157.146074643	-120.76311638	19.5629968642
-291.436727364	-346.292022013	-1.53384106983
-343.112277681	254.570517572	13.0195634439
27.4870157607	119.980575355	-14.4511483683
40.6197711178	-141.304030541	27.6118725679
230.603664768	-353.854793762	-21.0358767932
-394.12320572	-449.212885251	2.67377379172
48.7551339787	122.83013161	17.7221456323
63.8120697364	-312.652314395	16.8102871062
-234.471643097	338.436676155	15.8443162943
-101.432462044	312.767824934	4.58878179158
-73.0607781566	-172.901033501	-4.74656236647
268.212557489	111.078203064	-3.98135966147
-295.611293178	386.19189351	9.14485522608
-277.18199372	307.777676213	13.3001577646
123.685259104	326.590149608	18.5277557622
12.2832835155	-5.24410690313	-29.0634097237
-403.298058911	-122.294248752	0.210971912885
-265.089240028	-332.866005682	-15.5753321815
55.719791268	242.116737632	-0.615274845464
-201.927431797	108.668466925	-26.399189642
-124.251054868	102.994284534	-2.89307141089
271.652215394	150.101746425	-4.01805041272
-381.822413167	28.0463860185	-3.42475071412
442.652637918	-280.144170791	-3.78155687111
-48.198272926	37.0954556948	5.20554776213
-208.118875769	-249.049812306	-2.1728943651
-194.990775495	-265.269719648	7.05243848925
207.82453555	-34.1957527795	-9.35155122464
282.509578307	124.715994105	-2.44652727072
302.584530039	-33.3017288651	10.6525285681
-57.578987369	38.5072450896	17.7402502752
102.260471629	417.371891074	1.63254971388
397.103226248	-373.910979073	1.89012734904
21.8887394173	337.010821034	20.0586617712
316.576482509	252.108900945	-9.88014335324
121.045374998	-402.895448341	10.0011533499
-33.5351702543	40.7326733293	-4.5833405577
-310.458053289	266.639001636	-3.14069035676
270.660104194	309.725037068	10.0124441145
209.563838958	-265.293682223	14.7553986354
309.326218539	-182.000127839	-5.25520504646
416.842636255	-135.522931167	1.70253192637
430.262305693	-395.454080016	-5.24215110451
364.051021827	384.482806202	-0.903852933325
43.4286503054	352.982422849	3.41254259149
-118.53326051	328.178002128	5.50003796867
-320.152985224	-425.071552918	0.863222024766
387.958334597	-49.0465000474	14.1429156706
-156.004883176	-167.712165888	11.9596542606
217.21863062	237.774666973	3.20111975849
44.6275208724	-220.146082597	-2.69944523044
-235.341240701	421.040957414	3.40708124047
-54.5928622588	319.142556303	6.38533061351
25.3165499089	346.42642455	-6.93970248472
-211.510721498	-424.325383002	1.70421653719
-76.7383976159	366.952079478	2.9087790505
-221.898725692	36.4508105278	-1.29208541922
-289.510033555	-4.34932099736	-5.54426503881
-269.124866803	-333.985407414	6.47506319421
-363.145031986	60.3366771641	6.16400888743
442.051710682	48.2487570174	-4.46735357367
-124.685995361	270.557749351	4.7566579868
-375.49114928	-165.158687375	1.71077652925
-161.925468562	157.580743498	-1.27181996535
-77.0610762624	382.265463842	-6.16127742226
-41.2112996862	180.599847488	-5.3708862105
55.6994078855	26.073173043	-2.63473446174
-0.633716749302	-96.0539883819	14.6015306129
-347.086940981	394.226580086	-1.13170993406
173.114081423	128.453859925	0.920728245079
294.455152105	-404.482837417	0.0843637450118
-352.590045997	327.180754745	11.4601803822
358.19121818	-70.488509872	14.9360571293
-3.78474068995	12.9269178201	10.2768004905
171.908598353	5.63829962189	-5.74111236829
400.807818106	267.356321761	6.84825226563
176.281808033	-338.203951772	25.0692780788
-162.945744796	414.71287663	13.2346315918
433.84341464	232.9434687	4.08543996649
-2.60055638088	225.898368375	5.11787403524
-436.170908369	-397.00243529	2.91328489044
231.960124352	-273.921822562	-12.8731000288
222.397307289	168.204564044	8.09528612008
-13.4580165188	314.241194509	7.16791279097
275.68627656	-269.906157157	1.80079618295
115.392854616	116.583396193	3.64376948605
-144.400557373	-384.074746853	1.19448579628
-351.223147005	232.133312155	6.66161290671
395.31629066	-420.863279841	0.530929728677
47.8947340186	-417.65245269	-0.392253592286
-313.741770192	-172.762281913	-9.44347937732
209.082461374	-447.156448268	26.1467637394
-151.210813286	-346.816409651	18.9524009878
-9.50057045307	153.147004684	2.16579013835
-16.1387883358	-41.0290915728	0.131051732641
52.0485688212	-349.345712512	12.9768902678
79.7607768442	-82.0467453789	15.7062891862
-362.981007978	78.117018411	26.5738733331
174.784983002	-48.2015116046	2.317105265
99.8735382437	343.572551252	-5.6082109559
-388.451482381	-179.223869064	12.9449558037
419.97654485	33.9917833773	11.0940387917
-314.575587937	-332.755682471	-2.74728636748
-290.49955817	-379.802703318	0.426002134944
42.5152235346	-403.026506719	8.36900248944
-444.753522902	-147.976562418	2.69348270052
-8.09800050548	16.0179555541	-0.148787532514
301.479400428	162.184479281	-20.1295900609
-147.333548433	-274.583722355	1.19162746444
263.080417467	-33.8595513263	-1.17740070999
-7.79953499339	-345.825301735	14.3616281025
-293.595194573	-349.183301716	10.3104766726
-284.338626247	-418.779496359	2.1612566549
-233.090777251	175.02940171	-5.50520303106
400.137893122	-288.584921628	7.50488335074
-37.4398457798	50.7761028399	9.12793039954
-31.2208905771	273.140665863	10.7925085962
-168.626522732	258.812516995	8.38414518243
-235.489598539	417.270472947	1.58561067933
-359.446344045	-95.3009864894	-1.86892317324
-102.250773146	-319.028223599	4.1408046077
-102.909540127	-407.951497418	7.58860110871
19.0224810711	419.333104779	4.55373205258
-267.767972201	34.7727284958	1.25263427955
278.256675923	-443.415047474	6.2757335172
329.736989098	-390.492332921	-0.60327823213
122.281077864	258.3747988	-15.9694018231
-91.3221789557	259.504922435	0.714115346768
150.079310401	357.243703337	-1.12099431331
224.451918155	316.316152531	2.63408684047
129.95519094	-105.075924174	1.2095115251
374.703444974	-419.838494744	0.588117850712
4.56322219369	-317.092486487	5.21336585017
-57.0398249403	171.371130421	0.950299217281
172.987348819	204.501693599	24.2663093417
-217.746490726	187.227000663	-3.29793247605
276.528522368	-352.401273396	12.634448578
207.386084229	118.993548629	35.4034626909
77.0582339276	-83.1965376772	6.90035457546
-153.834114646	262.510896206	3.67158560955
-424.628754184	165.462536868	13.4416081074
255.809145835	368.480688135	2.97132209213
161.878382955	-279.237487203	-5.83956207489
-264.79218692	-326.346568597	14.4281528564
-289.081910137	146.684800945	-14.7818202514
201.164112725	13.5504448141	-5.22111818341
353.242335827	307.276677752	3.90321120443
-53.3010816965	177.481003825	8.01935640477
314.234906469	-303.181244301	8.982487901
-403.245315497	-116.409306928	7.88938686065
-423.643226292	-350.045587861	8.65068479829
269.32935584	318.727536269	-7.55086076643
-299.213361523	19.7951873521	-11.6857305767
-76.5056422811	-327.235529198	1.59199466423
214.666503709	-34.9793473841	-3.2369552074
-425.451303601	218.782433521	16.0019210545
228.092158953	-450.471781632	10.3185220429
-99.4111732332	306.408090949	1.8912794935
198.64866968	-176.886213207	3.42083136403
49.7553112067	-263.24295265	-8.16259540477
251.780695843	141.202250157	15.4268318907
-328.299215471	-82.5003218831	-1.29475950563
402.145334361	-184.276153932	-2.66525575764
109.013745861	266.626349348	17.5246532784
-447.400392596	-346.312848235	4.05490301935
273.393671057	-358.351977294	-8.31306993057
146.318735578	-20.4290883505	17.7510441484
42.6896427201	441.27110171	-5.67794162127
323.162807885	-353.59846002	6.18724657288
-186.927095373	-341.092930875	-3.10317535013
-187.526507445	-405.286034803	-0.0242903479532
-229.273237733	-236.850760072	-14.8501421983
299.313889273	115.829954589	18.0640454769
-226.593387623	253.488944122	2.42247971219
92.7425119011	34.665330468	-20.7094096133
-69.5010969989	-170.441079432	-21.2375268515
249.448193818	-264.853150907	1.71688089858
226.214914208	-220.075928786	17.0383162422
438.813647075	-96.8280996774	4.40931659701
19.6246354873	-208.393112254	-14.1849045327
-184.395224683	-302.725132644	12.3967766695
348.76507287	19.7794302571	6.70435407602
103.968928494	-177.000352172	-2.87188318106
188.150975682	217.344955767	-5.28996285399
-33.6713177061	-22.5014171806	-1.21827840903
-407.339549772	-396.428418342	-2.79466309531
-30.294407283	-212.125291777	0.245948213631
433.628412089	-321.244793211	-1.92403143059
133.041616204	245.088102177	18.132902994
114.653069589	264.763719222	2.09434373322
-250.857659744	-149.208640456	-6.34816274761
-210.894249478	108.042757669	2.12711510161
-274.41487681	355.507265386	23.5287854138
-35.4817553531	112.84484507	2.80012855265
-121.539847834	68.1999994487	13.3505633867
438.917039033	-403.558969396	3.02276600444
451.295730639	400.040898119	-4.36666155127
-433.467846549	264.349106326	5.1592831695
-345.864018387	-147.621268363	1.76019536883
-281.223599483	180.679855197	21.988603271
-155.359928015	219.571264596	7.81126733528
-21.7343853146	180.408811897	4.0096210711
84.2289188562	-172.637173474	-4.51229061241
-208.759486493	136.290941444	-2.06612225466
-257.495186091	-362.381889583	6.35471180709
182.552316648	354.42694244	0.121763505181
414.181336846	-445.084115283	-0.435297783287
-391.469175378	-184.582672846	6.55535230213
59.3089640759	394.800996193	10.1222353471
206.20522476	183.39065997	2.48941359902
262.330662795	-409.815287877	16.4653056408
277.147669839	-254.686348879	-0.0392584397242
-445.615043091	346.178449313	-1.01931812984
220.694048709	38.2590546801	0.132860125412
-109.490329989	248.133446186	6.58982909136
-32.1498047869	-303.555136629	4.20508345232
-281.15725844	-301.579662045	2.45542729224
63.4552532631	-387.539319495	6.24926935257
154.992159032	-245.704680244	-4.7809871725
-242.491848578	-311.470852378	-5.13597376217
-135.437122813	-53.590526313	-10.655816732
332.574059047	167.425779181	-18.484365979
447.508519535	-4.72667638869	-9.5674027485
-58.0050796273	142.563447693	11.9268163517
-3.74924878206	-147.722015232	22.7817306155
-262.617107873	27.8669550473	-0.0724856429877
375.29669709	2.35915727277	13.1754722443
362.207678047	368.400810485	-5.93907902004
-389.200050304	430.920178212	-0.0316093267489
358.259276971	269.606630471	8.53165681703
-59.4957509334	-402.00621638	15.3604436261
-365.531884239	-83.4670571515	11.9998328282
-175.703341323	-347.498348513	1.60471647007
-353.930348007	66.5619633345	0.828531429259
320.707839566	-12.4257658611	6.22112861418
-218.877651385	443.447795522	13.0228230074
399.064255897	-128.463070034	-0.552094385656
-288.123495635	300.134836676	-5.59623859656
-105.568572335	23.9344687958	-0.283300348585
7.18880257427	-63.4708638209	7.89353177664
-274.117020295	-30.4349426	1.76523680157
-321.676476024	283.912580431	6.87724855326
-226.12975132	-123.221423161	12.670405603
-228.420598718	-92.2414539921	4.89532295482
247.397209657	-140.428750882	12.0202542596
214.135759361	-345.695324797	-17.0487693885
445.961389081	-85.3719148066	-1.81079123925
-276.538703921	-205.985902978	-7.51329795071
-210.499357647	-25.8233556428	-1.78189142711
-58.4305678661	-61.1962783803	28.2251427022
-183.104863435	19.5289377659	4.99802997627
359.449262352	-377.740759903	-8.84286051971
354.51691998	-233.091751492	3.52505275579
-74.2659720106	-267.665228493	3.44952443557
33.6197120156	-79.4777794511	-9.20596862468
-38.3106150234	114.754024691	9.19991782251
-427.038174199	-25.5507295773	21.8944098556
62.0424701974	-16.9531421113	-25.3283164443
-94.8853674757	423.150073477	10.4656581194
-366.245350578	-322.566818566	10.9774918346
-41.8283173379	-350.089404489	7.17425466051
202.768546868	240.794631618	-3.13593137075
-289.635099392	294.759172166	7.37007800989
273.494026296	95.0603093749	4.64711055718
350.474989851	-413.557755206	14.5889912663
-414.514744769	-375.676722815	-0.398138175178
-209.950959733	63.8997185008	-7.71648333289
-164.282100071	-321.035533855	13.33301707
-360.964278577	-8.56957969093	0.767860978508
-316.491794129	227.782812338	5.01587454881
28.5101472358	-309.836600124	4.25943192282
197.144198621	-230.731291599	12.9843743281
-96.8060845527	-204.884234815	11.6275352416
150.809187659	108.370057927	-1.89564192269
136.466027161	113.376337478	-6.37591023251
54.5778043835	188.173553125	12.2184626716
285.758261055	373.070626614	-6.790192365
-307.383662242	-123.870520446	-8.64175789216
438.782443746	187.558264744	1.24228913692
365.332882604	-16.0936236944	5.78618468154
147.995251727	-429.788499455	0.876488239508
69.9912895842	13.8587788679	-5.92562680037
-418.014111204	-120.934655445	13.3388845086
392.206364084	71.2519227969	-0.994867313898
254.460029999	-413.51665447	12.9783227075
96.1563100009	402.984316195	0.305657785735
-303.709648813	230.728338316	-5.0406561537
-235.44119023	-349.058452915	15.3400278489
13.989209655	51.3621745234	14.571285472
361.76487329	382.101722498	3.09987641766
-37.8341548089	265.345734996	-1.81270485003
-278.852117647	-336.834449508	-10.2657070547
106.013185049	138.874726051	15.2797669617
210.126510655	-154.773839987	3.50464806924
-337.255665579	442.374641924	3.07978925066
301.983726752	-194.303903669	-0.381630197329
92.537075849	-163.277560281	4.46574128977
321.772184133	112.070055053	34.4163595052
-345.591974068	-10.1255389913	4.52743909402
440.250206268	384.557657694	11.0255347525
-18.7901880973	-210.660294522	19.2174065595
-147.063787149	242.03432108	3.03536874812
-193.491451614	374.561833154	18.2297443169
367.463949583	-176.389409322	0.566991333972
-358.531452792	283.456177418	4.87573394836
151.11091138	-105.706780449	5.06700311755
418.025218782	-339.577124335	8.28742239585
289.042370754	274.369774575	3.85191129298
241.249027221	388.01876029	1.98466257807
-277.004422647	288.637734364	-6.7728464991
113.206832688	-423.420799614	11.3014522061
5.90990425887	0.790873687946	23.6078542514
-218.780822498	-449.600164773	2.96285974868
-328.813664337	-390.789151219	1.82170064648
-258.793968521	-86.7938929269	12.2453194279
-31.7812312616	-107.952268576	27.8463946069
-259.179551869	-436.918279445	31.696168867
-259.705754889	-399.191967421	-30.5669514877
214.728564506	384.592927525	2.62691790778
-322.300556588	250.624271792	14.2818184141
308.868065932	-363.148165829	-1.97033114058
-25.1749681007	296.5327806	-4.58025224838
280.396687022	-36.1645340174	2.77042863437
-82.2155559689	-404.950632953	18.2960055289
417.962992498	382.715209769	5.90529476228
422.125649995	82.1186637804	22.6170726925
434.804401146	274.312753714	4.34037361014
-266.340866307	406.510373094	-6.96615740191
-154.432808318	2.00091440158	-3.42089070295
-77.773052318	138.909506961	13.384881339
331.964178733	104.20793944	17.4488176866
-283.467314324	-113.722012448	2.76883647024
409.377897979	443.912571186	1.13103101977
123.777032211	28.8659557955	2.77638612694
7.15734169692	-350.686684751	15.0039474317
-19.4562407327	293.040704992	0.570823209137
169.745911918	47.8888061615	6.61281328845
-39.1308662709	-98.4382457978	-13.9563916252
114.520087089	31.2307419178	-0.00986113703564
240.192408456	214.503075216	-4.80101182538
389.690504845	104.751113235	28.1609796734
-397.701397139	-232.798206931	3.70192187705
-107.823106488	-29.0529144883	-2.83642660687
317.355419532	-277.732730008	4.41392300338
238.722678223	-323.405657655	-6.26802838883
435.975632747	-180.33238272	-0.0421887157691
46.7992732418	-276.256907732	3.47105143242
-319.720150882	-65.920998031	2.59143098277
-200.825403949	421.924057913	17.943130118
450.78094967	-312.372081199	-1.67541934276
-78.0094557517	432.869960269	0.526101977096
102.253191196	-180.648840519	7.92135749175
270.69768218	30.9729589004	-2.91945041401
155.002305423	-262.760141834	-7.50642687885
-17.7278675636	-165.785901848	-8.27320868815
412.044050996	-38.0920602274	-13.357695165
-341.834558821	-365.214307636	3.91298889664
350.455338477	347.202178066	-5.76257984994
-436.141879839	169.23616526	25.9732517167
425.102294493	-420.319347298	-0.321575674846
259.169954254	356.370499034	-3.61947182548
-205.927175244	381.904628682	-5.52861248695
214.339954606	-355.671382025	1.02268456137
-48.7567810566	76.6706891213	-4.18678110613
197.394458941	-171.369170281	11.8763769998
109.173720846	-141.117515218	-10.0615967417
-108.569928998	4.85560344258	1.86736724165
441.787588	-172.476504995	1.47601742939
371.80577624	-64.4396351248	4.33920818611
274.186094774	-115.769806722	17.441196032
400.128037285	121.367171805	-13.9675114656
-285.747306411	-154.137763173	9.48171613862
-449.707018701	55.4347194859	30.8763421004
11.341530726	219.824666129	-5.23850207931
335.29347139	288.265557225	4.57851843573
290.22438381	270.5430054	-8.28375134056
-391.407439809	-202.997809453	7.47081151465
265.41990815	207.83737949	3.48850592079
366.341921498	-122.962658449	5.04256656406
104.429024271	-218.316123289	3.18603835404
35.8634883792	268.074731678	-2.18354416696
366.312619081	40.0719239398	12.7864178124
-176.451697041	-113.545026756	3.48971025162
-283.956158286	14.3122858957	11.1447353968
98.6109930629	154.962713982	-16.2154802684
-19.081847333	-155.484512249	-0.467165682177
412.019671157	-394.279187135	-3.28239461303
360.170166979	-151.657745207	0.906846375626
-54.6588115896	201.26377553	6.3645719677
158.172006633	-172.03567626	12.0602082265
-382.159174397	82.6511188216	31.9296771047
136.533154514	208.538626119	10.2887361057
155.922877383	332.297302627	-11.5713159958
140.862637396	-444.007426885	-4.7703064731
306.40712154	-367.130052162	-15.785899629
58.5187382007	199.819730959	11.9576558677
364.764046219	-283.229291135	-3.01802688255
389.226214926	-4.91890434596	-11.0988204741
72.2865002532	76.0847302392	6.96917909785
-4.00371025436	-415.691666046	17.6045265614
-221.876479784	-264.924882638	16.5448160066
178.766882068	349.312124756	2.51934938859
-305.668825169	279.150943794	-4.66032890043
-61.3163296859	-376.877089328	-4.14387281828
220.502154661	-157.799255864	4.93714409898
-329.23433667	-14.1685233488	1.21244112614
141.299479633	282.904244695	12.8521562823
359.83192554	157.002957695	-12.3115241996
-403.207278432	-216.041157654	-1.56634714678
301.005868743	-225.995554497	0.318939135055
-17.2080287711	-394.694344301	4.54831734036
159.663238446	188.663488316	-12.9996627253
330.317284595	-205.108782509	-1.69575023867
-337.074467679	183.443299299	-2.43231637222
-106.323027773	-2.980814998	2.57126845344
-282.393024698	164.820559255	-18.2438947526
58.4328995697	135.275090509	-6.8755055651
-113.37448557	-353.579429348	0.728748599501
69.5565900584	-217.567445511	-19.5513621804
-241.633125553	-107.35447016	0.699270710158
-70.5595991631	286.119989057	-5.55483091077
-372.366243687	-65.7341615929	12.8763024885
-63.1225739627	154.198318056	13.2974456323
351.978709664	-385.227835864	-10.3697919842
226.451699076	-220.318497511	15.1141835992
-439.608183031	-143.675000114	2.11860911067
-81.8838072276	278.674424832	0.0538270565291
228.035648672	-347.618972459	2.77490550085
-179.213287169	-349.068437478	14.529866944
-316.948197259	-430.09858261	-7.40274508862
327.28503542	-117.729658075	-7.77433148329
40.9831987595	393.853333519	7.31219421871
141.241632881	30.8063445485	-2.17552959208
-401.618218268	-395.50934192	10.0414826751
204.280550586	-322.369374313	-3.30227842802
414.728731093	39.2291762252	-12.7122286553
434.626866319	331.219320473	3.58769158999
6.74093605635	-294.010906776	6.5426740148
-141.586386002	-18.05099979	9.01844156746
396.366447336	347.921544101	0.126490128417
-357.538009796	305.087549426	0.225639359627
81.4499641083	428.698566875	16.6321754229
449.834964537	-338.186036867	9.43038688697
-120.546638991	-57.9261649556	0.681972997509
307.615206967	372.999645267	-15.7985868161
94.8520092334	-421.674653748	3.08839194475
295.760445113	-301.430675795	5.71836593535
308.609625641	-380.758562477	1.17141774736
190.854580004	-312.897563762	2.80791025805
-281.305691225	431.314158724	2.73746580778
-123.304949839	-307.281619005	11.7725054367
-256.273617444	-9.15615295414	0.844630071345
385.324554809	-192.487396775	3.46855101609
27.0489494697	192.329128258	0.348224385204
-340.344692133	-449.154537039	-12.2215241354
295.330906806	-332.491756518	-7.24565420696
-398.113040411	-423.981868161	11.3367096809
-8.74312877586	291.89907009	6.27362310799
241.407965506	-88.9418452639	7.92418293092
136.01453212	-307.629587047	7.02120547899
47.0114154024	-230.221635663	2.19637103185
329.003309705	10.7539913032	8.05823173619
187.720415015	-317.968912534	-0.631505052415
-287.769619432	-68.5756187357	-0.81389727009
-226.062094873	-180.316243678	-7.72213507382
392.628596097	-5.51006990625	6.30327697455
362.660346866	105.931641178	9.13248649998
312.437741845	209.229477785	-23.6289500384
-393.658992438	-328.185159978	4.30654000644
-270.792036314	61.9232981157	22.9113850432
6.58389309822	-55.8168383683	-14.8395721099
-165.527219547	122.570467763	-9.18078064494
-225.397227295	-203.867911369	4.18180471794
429.329231208	-362.471949215	6.66097410427
399.036547196	288.333879695	3.49856505417
134.315084026	185.987640794	-8.18820527223
-89.2843736891	-436.392456829	11.464926906
96.1916881391	220.190922741	3.62506716901
-263.80407354	-275.813095434	12.2984918629
-369.723236923	346.584997235	-12.1417495725
180.817404231	-360.530075832	-0.140835766925
114.460911782	304.213265108	-18.764585327
-154.659311524	-402.041827143	4.41569186677
-343.167570273	-228.857349639	16.5503152969
353.721522065	-223.836128419	10.2636333715
-402.483391251	-423.130185045	8.11597394923
249.491300357	-197.893525299	-4.6320330352
396.476789462	406.89911489	-7.29523952767
131.915481251	87.3257780473	20.8047139715
-171.546546718	-170.442717033	9.33436004562
392.861184595	-416.805817466	0.905752525203
66.4442574594	433.781681778	19.2945604585
-354.706737043	-35.6021738314	-1.53545260461
31.6940531539	-211.03641614	15.0692699525
0.214049685567	-293.478398316	-0.616107899071
-18.5804623219	-50.6562706286	21.6895427324
37.3897466593	-394.505321527	8.23860540932
346.919137708	-26.720123897	9.28929698019
424.082752391	-75.8988141386	2.52021606039
-17.4334858184	195.259062693	-1.07609342895
156.839359652	74.6216621833	-25.2515187004
294.265339177	247.975122885	8.40453952736
-282.343992576	-194.064407469	13.1492340992
23.9474006471	438.139564503	-10.9497909328
422.961192821	94.4076437444	11.4866747458
-147.817487671	-393.514672802	1.57628986825
312.055158609	428.695159551	-1.27433869696
199.230279567	397.869791132	2.24565855319
-17.9939924525	56.01731952	14.9148933199
-290.09241452	-30.3042733677	2.12896047107
75.8968867218	-314.78812018	-1.07259571335
132.362788488	329.787999973	-9.12388340175
-226.62224765	-2.72139388016	-8.43931761299
-217.496636856	-133.830809238	-0.511767179163
-73.8552355594	-256.841464528	7.51917907765
195.925160918	307.139016825	2.38551324321
