-233.193361271	-267.829420132	1.75496937612
312.630946622	302.156164055	-14.6022952574
-246.017846001	68.0164015454	11.5047961852
-230.955524796	-296.529761963	-2.12669031858
-222.929683493	-101.715418417	8.92369105615
51.4028115755	41.2851498106	12.6716844835
-268.777322683	-168.112371668	2.53209683537
-188.261433557	306.94653342	-0.525788723125
254.710606856	-77.0438705031	13.4919745447
-174.652393643	196.305423293	-11.2300473586
-260.702588999	-26.0756698477	1.28037999713
-266.053524231	79.6072420651	2.3420828302
-72.179177559	139.450507179	-1.21330751546
-191.329544227	-113.735099381	-0.0494931145448
-107.79889178	178.161331659	2.07092084231
209.706143324	-299.378991031	9.07790993372
224.405547731	-185.466379829	-9.96166118619
28.9285807696	-93.3451548221	-7.79585072175
273.491819252	48.1099446625	14.2771065409
-165.579536992	-144.757766173	3.47523789627
14.2768484056	113.016165748	6.310119958
76.4024269211	166.691922699	4.07038528195
179.518103806	143.034668092	3.72608132325
96.1038303339	306.356144685	2.18163243833
157.027715329	-174.717605875	4.03300183154
318.030558482	234.794185983	-13.4649848129
-277.613673673	194.074768474	2.87285428285
-147.476730869	-305.940257407	-7.75305746274
-121.299116494	-293.77517463	-11.5885070012
127.31078878	-163.026808786	-13.1049565797
-57.5707142192	126.466163012	-4.39300319869
-50.4588198731	-196.88563864	15.1281526307
-238.222345909	142.851206329	14.418987972
-68.1454543932	-208.531901665	-12.1600571444
13.696114284	-278.249637391	2.02881317708
-91.6614663721	-221.550520591	-2.42131215366
68.1998695472	28.3122918024	-26.2839339355
-30.9492864576	7.78286550688	-3.21715868943
163.661607386	293.052181138	0.143764957816
-72.3196439137	-239.548065564	1.21246560223
39.8610999106	-66.8406720829	5.78496286239
-143.58699036	-218.965137013	-5.64607574475
-39.6122571578	-247.83912385	6.64371468098
31.1410195672	22.1493943966	-10.7493853864
-303.166857052	209.425173396	-3.33769157884
-88.5565985578	-201.187048147	-10.0560489362
116.261982439	-27.3063489722	-1.84486724043
-288.244602917	195.166895092	5.20800923703
-293.135939107	-123.610262294	17.013619324
310.319564979	256.217744363	-11.4731178203
-286.381094833	-16.2336676621	-11.53267728
-16.324126156	-75.050411749	3.95305256314
221.522246414	237.920315418	-8.74171748083
232.213279635	278.51503787	-9.0911489132
-306.780478624	165.258494169	6.91056444661
134.763101185	216.75060552	6.94795160994
308.023677214	-152.172668256	16.4025549105
-196.544299296	75.2323158839	1.52221818334
7.67036035421	-248.883904476	7.86794202827
-172.083377373	-157.625839073	-8.33630560579
296.858188757	48.56136032	2.02359082403
141.937288166	149.04951877	7.61455810529
286.313356033	92.8155044364	16.0134072934
301.749174903	-277.199242603	-0.796523153631
37.6734389447	214.608276747	5.96960070761
41.0560999399	-130.588965934	1.56784275588
-38.3291156039	211.749860936	-8.94350809274
70.7465192984	184.645135544	12.3475874364
-41.832660599	-164.979216002	-7.02822004821
-304.945525715	-110.982067928	2.90700744185
45.1573195713	114.456682915	9.81195148927
-220.382789011	56.7718377623	-4.61374657857
79.4528750593	-290.062676852	15.8630455985
-293.848797764	-158.265590039	2.97423061828
-65.5877729282	-185.77465301	7.82445505789
290.840355975	101.149562445	3.28615193814
-232.380928015	229.679659049	12.9961943547
87.1870240551	64.2649877486	10.4177736897
-289.647391098	-231.810570337	1.14051063168
-250.959667995	234.508900226	4.58392497248
-182.789913614	-221.622718194	16.7757836767
-288.759093657	3.76153651653	3.41472926711
257.19745609	154.144611	9.5888226721
208.930958396	-158.211387181	-7.26553738759
-301.983922381	230.286346237	-6.39929588004
-45.177257078	144.313538998	5.60958651653
-177.135538356	-210.009513955	-8.07693728436
285.612175795	137.0177559	11.3024100436
-55.5998901539	155.589421428	-8.47940144749
184.079676746	117.958624066	-9.20358673631
310.750384514	308.029506095	2.80448795678
-33.9892558273	153.171227074	-5.14523138127
-245.458701509	-190.844043483	2.83938103744
-218.894468141	256.839795429	1.61366225947
-301.158156344	89.2007312282	0.576985620931
-133.431808203	-151.93639017	26.0970370605
29.7644110227	-292.528828503	-4.09995869793
-30.5426884558	-226.234477409	8.22887030798
-143.474270493	-192.611604331	10.7104055569
-95.3409498453	-89.3286339914	7.530249455
-296.108621071	177.358898465	-0.0245779816488
295.72650451	216.640770904	13.6369964431
104.373752728	-24.5404072976	-0.82575387046
22.5024066076	-107.005990194	2.11389205547
192.385691995	75.4666158939	-1.12935650719
48.2519807772	-127.255089511	-2.87503984196
69.071132166	-209.825723444	15.8692093258
214.741466724	67.7732344244	-3.76367723813
-31.601415036	-13.0451601581	-0.680103071862
155.101635031	-265.600544231	1.94546595913
-88.1130061723	41.4764749151	13.8773946327
180.72089973	119.38492262	-3.3097879226
-141.561758696	46.9109617344	4.26179147546
-280.450640147	15.0299321387	20.6532634996
-141.364070714	316.853209838	-9.74568111069
-46.0092002915	-265.491621277	0.349316746812
195.003879486	73.0663961835	-8.65672282421
-75.8194230553	-91.32586567	0.315188786959
-149.489647948	124.342950179	-9.96029351934
-183.545058521	234.832602801	-8.95953994963
-257.486225536	205.50089994	-3.09703993308
95.6704096922	-122.810740136	1.89243824678
-256.346545343	-109.985530428	19.1046009674
12.3097326949	-184.179734126	-1.96976000165
-200.531705148	-183.910251671	-6.61797413243
65.1733318514	226.310089637	-3.80852862715
-309.803513129	-194.728759045	-8.99677316197
11.0138832432	187.594763123	-0.146500107237
314.671789148	-255.047296874	4.88353758423
-176.904192678	-197.091520028	-2.05187681977
-124.941933434	-94.0734909645	7.55251641878
-81.8585564908	159.698856803	8.9547008754
-220.310826207	283.145705054	4.12474808307
-245.407305629	242.911694196	0.59521035008
262.387071048	-252.787259023	2.14566914509
-318.749678881	-261.63509259	5.0047788669
-258.355925854	-166.682840413	3.99880988133
-265.790387028	-43.4054633392	-7.27338454418
199.11550883	36.3735575733	9.68456506446
2.43412681642	-48.0533908581	1.80540350512
-60.7080085849	263.684627978	-16.3962291455
227.996369805	77.3900959361	3.62455574842
95.5889285406	271.855483513	-2.12066425379
46.8303138334	-295.079319972	14.1051911781
80.0340694261	196.90780986	-6.90493078342
94.1505683205	21.8632803678	15.3579518614
104.476700251	-71.2934225791	-0.789344821754
289.510870312	190.701024851	-14.617010888
-57.1809645677	-195.056728497	22.8592091018
-204.845976058	-101.41785049	8.98431158849
-183.261466428	-36.4348798145	-3.19959470355
93.6724502715	158.818518449	-0.744598562012
114.371551011	29.6786619584	12.5267623991
-304.90261676	282.481192013	10.2769784579
-152.022609387	213.886367672	-9.99309841835
-249.776722362	133.941593327	13.2625820984
242.926381115	-89.4374965915	-2.07641563983
298.572897181	-22.7240757553	5.23001751017
53.5235497168	22.2335863536	10.9104870572
-257.03848933	-88.392490569	-19.3301770468
161.57604984	272.574533227	2.84753937533
-234.040832897	-184.587691034	2.78904009843
-42.7414837657	74.2362384073	-1.00409001484
29.2345192147	-35.8083489392	7.536523069
-64.5371952389	12.6531538139	11.375713647
78.1401239165	24.1967961693	4.09360619185
-78.0602715823	313.732359461	-16.6926181709
75.6544076781	209.372713208	1.14840434111
1.64624432628	-187.02302294	5.43314215247
128.89668527	-152.630984748	4.82527174619
-282.179625866	-137.721823076	9.06093798723
-96.5278906648	114.903556506	4.7874406362
-166.032331828	-90.3336996927	0.129088253405
108.177712121	17.971330915	-6.55587502257
-158.137036526	162.375184174	-9.69488334746
-116.180552059	-314.234740493	-15.8446995462
280.593357122	-186.679731017	6.14244599956
235.78221147	236.281660366	2.90874645316
-2.42785874856	-195.163480135	-3.3743587121
-282.756131231	-316.066028092	16.3613165779
259.188012302	-174.814588189	-2.36973757598
-67.3015971723	-138.263789136	3.53822286821
-265.807239979	53.7976206223	0.57537085448
-137.807988058	-50.5269797633	1.8395543447
-141.358218987	193.644486353	-17.1031111727
-0.514229590102	-83.7578641366	1.38036070631
228.910159997	238.38807815	-10.3444955007
164.468915251	20.0429035432	17.7764424821
158.906266776	58.6206719053	-14.4363270324
281.201921943	-222.47186824	-3.20869743377
-74.2778823098	8.51919155693	-3.94965592966
-142.641036577	-31.5560737042	6.52920084571
207.289570509	-191.081890744	11.9211880828
-247.241039067	-271.791824243	-9.77679436099
180.727271617	-176.672539368	20.9385258833
-169.924591032	-245.888231265	-21.9808672536
-17.1193770381	33.8659243701	20.0631951755
-191.350167524	-100.259447432	0.607489148247
-292.979704845	-75.3197051003	0.859666759364
228.85414521	-49.331913404	0.481082380305
-37.6802589058	-156.900732312	18.8108012636
-38.3379353825	181.948763029	-6.73725694048
187.707532227	158.941453592	-2.86830180439
-261.843945431	4.19138021199	9.48806208247
-281.976327321	-224.362979056	-1.14566367888
-246.261870035	233.426643751	8.20739179476
124.311131946	-118.069751309	0.592611162374
88.6699082654	-271.157553044	10.1225098152
74.6751952421	-230.575758946	1.68868974847
145.579173501	225.674868551	6.40657731188
226.095952616	-236.383189523	-0.0367411678946
202.164904972	35.9953160141	6.57266747565
-250.060483518	-173.212856411	2.87459736325
-225.078463893	-247.038056754	8.11704338543
281.545720842	270.111209247	3.09831008468
-269.84967003	-124.267998634	-2.62848321078
-151.944789609	-249.379588196	-14.5790378486
12.6496561463	-76.2507124352	-5.23480648757
225.613554223	-138.380936818	5.79716329441
-56.6884159003	-33.9039092352	4.10919434802
30.9365224443	-295.257713004	8.20971947585
-144.323313034	-102.367428116	6.20640845941
238.933484873	-80.7812278371	15.3162637087
225.251879035	-37.190521986	6.43226851479
-280.767832249	-55.6558467255	7.45302634744
-2.75192578221	-275.480699951	7.18887985638
146.78196852	-280.021545209	2.72922251861
-301.211244032	-145.884786478	-7.5343428297
-264.931492366	-87.7901036291	15.1719821295
47.5656235631	-305.958028449	4.79024210522
108.48607694	-197.701600804	10.7807710807
-186.927202442	0.37607136005	1.50006561055
-277.005543426	-274.493585556	0.0541273003267
93.978882952	-39.0844854855	0.961986547571
7.20347765984	-16.5723587441	9.35126005248
190.909915764	0.088455245872	-3.53684074857
-43.4600272658	297.949586507	19.1690735785
279.997688954	183.76694768	-6.39874947658
-319.058975952	168.152955223	10.9778409127
-149.695141542	-158.97464806	-7.40581063242
-21.4981303602	267.838604668	-17.3990077059
118.415301806	-171.509590782	21.3574310429
295.34985692	2.45550436478	9.06695118402
285.101936642	-3.21759450732	-5.07191817391
-19.3994062215	-125.507916598	4.06379160882
40.7831331487	247.077021834	2.37471417959
199.360216089	233.71469916	5.04565994863
-277.468707097	-23.2580647988	8.37948912873
-114.065263415	303.670589456	21.9465277802
9.25232827381	-14.764456804	6.65195204797
152.511894025	-153.878215941	1.60313555759
52.8956543739	16.6869999799	-2.38461112127
-297.157611337	207.260472556	-5.06995741844
-280.383718578	-107.540455018	0.376392436061
-102.133321407	275.975940455	-22.6977555881
240.492592981	108.20613035	13.2127558327
298.907449706	-236.285115641	4.81804692346
-178.904774072	79.6378797418	7.50012897492
-29.7822578165	-185.222099535	19.2047282844
-171.063180637	-94.0967945009	1.43380370998
-193.362064821	171.715327172	-13.9883130607
-29.8921063992	176.391630539	-8.52374142342
-269.233712754	-217.99748939	-3.82085231572
-69.162284109	224.939922393	12.6530548882
248.832265326	153.829795824	17.9632737343
-157.345770568	-110.205575227	-0.327530830476
-195.052215102	-139.202454835	-2.33499060794
-80.3371297701	-3.08365802977	-12.2458892648
-4.11062503334	62.9352328828	20.2685937785
-320.051297703	23.1606870082	-2.06686462233
-131.866926348	-181.071921515	-3.13178073341
-227.219982515	208.991764224	-2.49428782269
-218.17019458	-120.651992219	8.21424626169
-94.6747734776	171.77701136	13.3978746768
-187.369697855	295.811208978	-8.97572529739
141.746434507	-263.202517944	2.46217773804
0.768214770907	130.947861889	3.07569105066
-182.328934476	-172.7687312	-10.2332359057
134.38393507	-283.988664162	10.0606513097
-279.413688314	112.477874844	3.65318550514
-9.4728545471	-143.047386161	15.1204107378
52.4385605855	-205.377965314	-9.60227747157
187.262879071	200.127643892	-5.02699231175
203.845146057	-190.297168848	0.932928083435
-224.335615448	109.812982368	-3.51651409868
-128.079969605	121.67126234	-0.0912501789602
-300.396045992	118.475305068	-0.963446111815
245.16985894	177.072414621	-8.30588587088
-55.3739258224	-158.356161879	19.3575354956
-88.7595873689	48.5453541451	-13.1628541295
-199.658520747	-116.254740402	12.988253792
176.566028498	-155.582858799	6.24722794302
-299.786230149	-76.175131269	-5.83059226283
-306.090635226	117.545173722	-3.69147505558
132.226136401	184.421455114	1.93694735349
42.2707705221	-273.334457936	-0.854058203587
61.4211028884	234.029956403	-4.28472508675
-132.849591695	306.445100164	20.3416552235
211.204816115	305.559026079	10.9766600581
25.8856972536	285.76601881	2.75436014826
-112.116438067	-49.5924871043	8.5790949134
201.680966071	-186.227947996	2.06927212969
117.084860144	149.052831946	-2.34302197876
-269.210344748	-303.263682109	10.1870267866
94.1080025169	-266.945353146	10.9726650268
90.6297966531	-255.654163644	1.7746209664
-78.4189222869	122.306691259	1.43917795017
106.949952881	305.995152279	-7.10232342342
71.0956318238	-183.800061059	-1.81861299974
139.602554895	70.7022698248	20.4325899365
-279.257544222	-78.9636692627	-8.5329246005
-125.77059885	-312.37019395	-14.0567117911
-113.452317526	176.253158584	1.59476728078
-83.5625976063	-285.887007549	-7.56621113982
-36.8955785808	321.485733321	2.58383516576
214.095711063	69.2941039583	5.47167900846
-106.696422409	-16.8822955862	4.85614850219
-158.319995455	254.903334956	-0.286983095454
-48.4468707101	49.2430444195	21.2831644176
-305.83336636	-142.473585433	8.46211747136
-34.4161986617	-200.585589289	-18.262563054
86.7426577198	116.330115783	25.3875510009
318.883369176	10.6882702551	4.48425859263
-230.519712342	230.228919409	8.71202416608
164.814258013	-8.71628164697	-0.95589963845
19.1364451214	-147.32954546	7.64514143777
-229.189413403	-212.93080093	7.95833438307
-155.530340899	-284.454497804	-14.0831372963
25.7130949771	-210.23818105	4.09541464857
192.81869196	318.305676437	6.33572133974
73.0862979868	-261.05366157	-1.40885577048
135.204997658	-103.176124107	0.532490857757
203.941937781	-17.9866581953	2.96211918905
172.816864955	-144.943036889	2.4579747134
294.71155406	-301.44740793	-14.0223770856
-105.79555222	-4.88210561392	-5.09478027567
-4.54371053336	-151.623204338	16.3868088431
195.183259828	310.58903683	2.62257193364
-187.535646298	-148.600203106	3.35689197529
-218.77644338	254.349742299	10.9754793962
163.804520409	276.574379358	-2.44617066349
246.510161825	-270.391680733	-11.4305123174
-253.272555749	-170.053918661	3.88404802358
47.7731296572	-200.094881548	-7.93865754908
-60.2312364791	277.563205145	25.8275747264
87.1564178247	166.477081945	4.3068290986
280.587073848	91.5812177996	-2.64297086562
-217.059911135	92.3059877925	6.4241197796
144.333072033	200.762866942	2.81831746678
194.759206383	131.86275302	3.89555806796
69.091076069	-256.18620953	-3.04002526804
-116.313761181	-188.124459089	-12.8683037231
253.095020924	-247.569587104	2.60322304894
256.902683963	-289.127099473	-4.87536403813
-264.258849945	-52.9869660996	-8.67133844124
127.746653667	-54.196831543	3.61197088602
286.892725711	305.075362072	1.56237912928
-254.585804562	-288.752888341	5.69253385267
138.965740261	-6.68846364181	4.83113581212
-5.10308776105	217.130167371	-0.75257608999
40.7478815451	192.071618411	-6.41721116622
182.54404065	110.646415533	-6.25601336824
-181.944531806	-70.5202009195	-2.55679368538
-167.272422321	152.829216969	-1.26057203338
165.071524267	260.130591499	0.512330397335
59.562795257	-88.9228656883	-3.86618342772
144.25957713	253.748093059	-9.27424917455
-40.1867296492	-155.235711805	20.916282175
-290.696949531	-199.571457035	3.15237804012
-68.2530001042	-95.1006914036	2.82148677752
-208.005707538	-285.552560454	-19.0036213876
-262.160936868	179.032558803	4.19569980052
182.045544733	-289.39686429	8.2232382591
299.913871533	12.9100241549	18.1190176612
24.6619855921	265.933788076	-3.99890821692
-202.819316428	118.269580361	10.2590093388
163.23001347	189.694428361	-2.47098806261
-127.755031325	-144.488427991	19.1696297218
-255.866340185	131.175903786	9.81430389925
42.1661728659	152.274029328	0.844255344714
-67.84427243	253.335777774	-13.6812026341
-225.02549386	26.9085050027	-2.41272716031
124.6833009	29.3259318847	-6.35287726172
1.39031857699	-259.03307377	4.35076653909
-204.377727925	-288.018417261	-5.18986687746
-86.4745972797	-295.267765294	10.6903526645
-294.345961835	-26.6235060786	-8.04878221765
-246.545842372	278.287973826	0.33003776819
-12.7275261844	-107.933234956	5.89437119394
-282.740922664	-82.9532861394	-6.16584971997
76.9826343221	-73.4002227539	-5.26557159604
172.876463034	-309.346317315	0.935980439931
-14.4397627287	239.807577293	-13.4513812435
-143.488872303	-133.542408278	6.67122261201
-6.44303448884	-296.943932849	5.36141043063
-9.53105453928	113.364762814	2.74190673997
-22.3662587608	-173.014395557	3.42325169765
-16.8933657271	209.088637671	16.7621976249
-260.866189877	-226.228862395	6.9480520121
-34.2835724575	-205.303519722	3.31091138646
211.472611952	283.534146303	13.9874657814
-290.529555209	143.504645434	7.95001624368
-127.234590101	192.185852503	1.19033589362
320.39541728	319.738811697	-15.0754095876
73.2849656794	-255.13878158	10.7774042429
170.486751039	-321.273901234	5.3134667715
-166.415380796	-95.0753832597	4.12508485174
-270.401114631	-145.399671517	7.87408392569
-242.068535426	314.33873698	12.2748291014
-137.232213978	308.412631664	15.2392273383
-259.171605126	-313.999586898	0.964697041335
-27.9052834478	-1.46094769912	2.98385478059
189.289962722	-255.385517979	-8.0237522885
252.922279507	-112.590788468	1.29969315029
241.728329023	-171.513304373	19.3504290158
-116.061454518	169.973663308	3.79785836919
-8.34647317462	213.463108861	-9.53566548696
-153.845068552	163.020569379	-0.852396333307
227.557914561	-301.384604318	19.4620622553
130.714905342	-172.317766728	-13.3571093044
-239.671665552	-302.016512528	7.07680034702
-53.322222201	-204.856202986	3.44570230322
-11.956493723	-126.721814519	11.9774474402
-175.289792594	-179.719546185	-4.54376922521
58.528338093	87.8038391483	-6.93210633374
-208.530776391	57.4005346224	-7.33349648226
-31.076085175	265.446842572	-10.0040795148
-281.443213014	194.238186797	-4.47516943133
81.6140480958	-228.369537075	2.15236770606
-43.1529194306	287.717424508	5.78220014026
63.5547509019	-269.124956351	3.43092977894
-50.7373282821	145.69085834	3.56065194894
261.682581683	118.086862533	-1.87957472937
85.0683655697	-71.3983414069	6.72844945483
-39.6583450584	-9.48736695358	-4.48248080034
-24.6429632505	-120.731757037	12.2534267487
-313.950922483	-131.903287459	10.0920473386
-150.135342175	-295.001991809	9.56836611249
-56.369099632	-209.900422909	-21.8429216881
176.333941768	-275.809358338	7.40745340414
-152.981463495	199.183785697	7.41753024028
-272.095515582	-200.409321375	3.69424948001
-127.318686327	284.581650915	-2.27220173545
9.49322214044	314.637928461	-7.85951836396
262.20108164	-91.0075788222	-8.60727664114
274.996970799	-63.5630841851	21.3143230394
-92.1666375263	238.120154651	-17.7595406499
-310.842631368	254.452946585	15.1579039875
-249.035260878	-25.7743809767	0.150733208487
3.20626988943	-46.1577711847	0.80911768707
308.609730645	-270.968166924	4.27187040533
-190.148572606	294.044076678	10.2851095924
-278.39426623	-128.361226972	10.3618639036
-192.965251675	-34.1015949174	5.27097881756
39.000963626	260.34031254	-1.1435949888
-303.474573718	-149.964304819	-7.50229921141
-160.032668562	-266.733429169	4.34783635696
-136.349392936	92.6484356492	10.895356616
67.2535193741	-150.147035534	17.5835020904
-199.265644608	-265.484916415	-23.8089622298
-180.350838316	1.7173429594	0.737141430946
-225.995021007	114.68213355	21.7138182347
-71.9284809222	-229.77879807	5.88173717217
-83.4267514617	-231.316384669	8.31228367401
-126.122714064	-288.532667516	20.4404546967
76.9520199213	-92.4060796476	-3.35983401423
285.571083076	118.670280607	-10.3130155277
228.372472291	-290.230385532	-11.7920498737
105.313717952	-219.16124146	2.98429528995
189.175409075	-240.394461981	0.4995730217
-122.279300061	-38.4608585105	1.6265829564
102.782684214	-264.818096637	-1.65747961853
120.424466922	320.004688207	-5.15102606021
-39.6546073139	82.4190726476	2.86680270334
-275.427146266	-312.514980761	8.26973766903
-157.498852873	65.6590226274	8.67273810615
-253.517346822	-225.698368807	-8.31395068379
-140.42251605	225.628614363	-21.8571472978
16.0021036029	191.600803821	6.46526207208
-317.001797061	97.3833157125	7.61766520845
-309.443287344	276.335751559	-1.26144484764
-107.441339951	233.913583367	-10.2419681185
-227.675836844	-20.2385887746	7.55998826247
-292.671734173	177.216779765	12.6696021398
-47.1893128541	301.147736703	-3.88608378973
235.434184454	138.089165386	6.60102644094
135.91900401	-264.651340085	-1.19674941774
126.230903167	62.4418466902	-12.8801159562
-218.514025356	10.2782608314	-0.416921238889
-21.1342467991	265.529358731	2.19650203866
177.085920851	-304.887673453	-6.16968060638
141.700809809	-308.150013425	-0.197568141756
-268.201887554	-119.491881901	15.2741172348
19.0937943774	-140.61809057	1.9001371327
-13.1926877517	-0.607435934637	6.73184381549
-196.042786403	54.9063027373	-0.774576626742
-264.503860465	-238.227070438	-0.854921721494
-132.364438619	-13.2067874298	6.95077418708
-255.709687835	-45.8026249244	-9.80706368509
-161.578761071	194.421522873	-4.32828596779
-95.483934769	-320.301514851	-2.1565230504
-275.34403414	173.945529834	5.59965258836
312.752844461	158.052525077	-1.36154119698
-138.540474405	39.5212852585	3.42325189812
56.2061224397	97.9719773021	-5.99569634221
120.277904362	227.597846856	0.450609326385
217.238471551	-178.67784329	-12.1068786647
130.245042931	-245.486484689	2.03735593671
-297.216386176	-160.666405164	8.52384805567
143.135196889	-40.5398637295	-2.99981487826
-261.205469826	87.7604873705	12.2123225736
-133.047604096	-259.14045061	13.7095382556
-280.3483106	-162.767372613	-1.83100397725
-2.16069489067	275.899531316	-2.77282497363
37.9110299372	174.192546887	3.00197923172
-150.881905092	138.240209401	-11.467243075
-229.184257052	-76.431818522	-0.817706362735
231.736855784	-24.1246149672	1.01457361663
-96.1611926485	294.857636876	30.20263466
52.6475505544	20.5784752592	-0.198480566251
36.2201840127	-312.506923873	3.18713209173
198.474317295	-17.2485668674	-0.293169483088
314.009951863	113.074554223	-4.97969660995
-220.980467087	179.66032336	-2.7870397934
-275.984160474	-247.594062751	1.33559238363
254.170447136	-201.004121396	3.76047660578
-111.185057394	227.34038705	-2.61389888043
-201.570137058	-46.0780154665	-7.49017626022
51.4636355827	6.50108803131	12.0654027978
-288.749367404	210.514224085	2.56138640289
281.58230607	-19.5059829577	1.43123006257
85.469889624	293.807776864	2.7724964226
-254.145836763	-46.0810995204	6.14683894438
-304.67461402	43.743522094	6.85222200267
240.348207798	-192.325654183	3.72754365038
-45.5857772174	253.402458299	4.94594382852
-55.1785361257	-170.966184194	-2.21689310526
-2.70012713759	-61.6127462482	5.87509071512
285.143351785	-90.3526082615	-0.471346576947
-210.732337835	21.1531026379	5.16545119019
299.365218509	-150.687058873	2.26825918629
287.52289311	-111.95461544	18.3781726811
-311.054254003	-251.502022275	2.81615056042
50.4243573008	-40.4598009471	2.42074746753
129.051431327	110.890802636	-3.53251873026
216.683887912	4.38034751849	7.93467806142
-261.984242801	-22.1557520417	-5.83762483278
-260.309940411	185.65928845	12.4473546406
174.710093266	193.695606239	2.81741091315
-133.51303838	-268.848374699	0.434544381868
-192.568543339	15.5401497447	1.06280463331
275.692388993	6.53688597066	4.76139782095
213.72939072	129.434743171	-11.1366562059
22.5277815497	-130.593827376	4.69266974382
-253.205353782	244.491893616	-2.49589439572
-3.26798816577	-287.376789696	2.79205468549
91.0775881309	205.788866521	-9.97066725269
-172.868857746	216.603049024	-0.565807091291
-305.938172907	-217.027237789	1.87575911318
-237.392488831	205.743091907	2.01565215944
-223.414037792	-176.755261074	-5.067537621
-83.1097864388	289.107713655	6.11564014412
165.316331933	286.638019816	2.43385934347
239.716297356	119.538463301	11.8708457287
13.5442257476	-28.5928764065	-0.306569056185
-96.5882234695	265.966039011	-12.5373035349
69.7017070749	-188.286272881	24.8231957484
-163.637846803	66.6337769895	-6.04204501366
-197.969452002	97.3253131549	2.71957075339
203.865348206	-102.490690622	3.88675396764
144.853719108	125.210443703	-10.1495923333
-162.553933699	-222.426491793	-22.493156574
-216.894013007	-74.615864759	-4.35206516301
203.512400713	-101.624912771	11.5136291915
-115.761563516	-166.207693174	-9.74969562633
322.289276719	170.654214482	-16.3083790802
-113.837032783	-200.589778178	8.75355664454
113.604852109	-243.047936651	1.55083222052
277.792476812	160.444489391	-10.035258036
-196.203911922	-190.702849233	11.5520804041
145.302001828	258.032995952	-10.659074537
172.768904388	140.200360916	2.23292466751
-112.297410212	-248.681103004	14.5542476787
-154.57520376	-213.343657125	6.20680077175
111.176394988	-207.725203357	16.4820534066
-84.9740240432	-320.511216523	1.44268195323
212.376645809	-64.6798408641	5.2003949335
-149.448403808	-144.615297692	-8.04082124634
-207.819721401	-115.696988785	-3.62393484313
-319.975307858	316.080495511	22.8017227574
-40.6773652396	-71.8086766227	12.4961170385
194.633677991	-96.9605872366	-1.49782537586
210.106418207	238.650835123	-4.2709191288
-62.2141763923	187.46685452	-7.95888414639
239.943101636	2.5049369721	2.55518270838
-2.43719746257	-102.073948951	-5.29322964996
-152.636366124	218.326115187	1.86836496547
-291.334421351	-78.2514434061	6.41290652726
84.2052965963	110.73571041	-12.0618626999
-99.5522171535	-268.404615318	-3.74098164018
-209.612776925	-3.42830687092	-2.13810043609
247.583082737	8.48601135909	11.7422310585
181.897471798	-290.38978858	12.4902017383
-226.482440636	85.2912881555	12.7335954899
-268.922084072	-149.383011948	3.15436137579
212.492785351	100.961782957	-0.0623643391767
177.443863163	319.15498863	1.14459480046
19.8605156154	-149.317653298	-3.49479053143
160.737267724	237.4632678	-10.9955040239
25.8814409177	-209.642369015	-0.394740303012
170.782989746	-196.139935647	-1.12624363661
126.478750504	-217.258771241	9.64723148966
-245.70960317	196.370273479	1.04759827171
43.4493435957	51.6999515487	15.6081621598
182.522371779	-67.4733210546	1.17413542342
17.9716420775	-179.459036515	-1.44107013302
-96.531751707	-121.210406104	3.76698466403
-76.8986296459	176.075654395	-10.292415291
-48.7069561607	256.505180467	-0.526425007267
-108.52645345	57.9475885962	2.84802905692
-62.6540922537	-29.3985838472	10.5083500663
-174.991582014	-259.665344981	-3.30381915766
-177.985857235	297.126628606	-10.8506451355
305.016291119	-168.335357892	-10.2267579859
310.936476033	188.329825278	19.3893436166
-90.1190874338	286.063255485	-2.85175814524
86.3182261928	-118.863799876	-2.5039694449
153.075259001	4.04133322011	-0.0305952730839
315.303937568	-104.381071892	-8.05719229299
25.2054189203	-317.831693941	-0.110963639544
101.180037502	58.7344401358	-0.062645733128
133.161762462	167.824106401	3.52829193659
209.926440524	164.503150102	6.23360535425
-291.291559145	-238.83645461	-1.86054457887
-205.228829646	-212.904311672	2.02087305265
-158.128056084	202.36696953	12.4836608657
-94.8588486491	71.1332191152	5.01867870038
198.151001707	-176.133795069	10.2965863381
37.8682279028	294.553313691	-4.89982530662
-190.867813804	-20.3476235836	7.92019643685
-5.59596412168	265.677315567	-1.3526041113
-245.76095797	-240.926499213	-3.68657723101
-221.863600913	235.793276606	8.2180638094
-207.212654214	283.598388242	1.05778785658
42.2203838709	226.556278246	2.23093519447
177.277385091	220.803810104	0.174035703347
296.776858236	-248.545700923	3.28618524454
-199.732979934	175.329743494	10.5293661622
-181.028089053	-68.1850321719	6.41200876593
229.590379256	171.134706668	-0.706595765279
133.744878643	87.487072683	-5.76500009954
271.615456435	-44.2903941845	19.4997338043
-198.541387857	157.485778616	-1.62568917216
-252.886120006	-294.363041962	1.90496279668
-239.395248766	112.649991309	9.6200209497
288.934982214	133.503702536	-20.1525393293
-176.350572553	-150.00561	8.05316375627
276.752663901	148.182288796	-11.2370605758
106.297851258	-49.4988625498	5.67862203041
-112.693927312	47.1328340468	15.2233670064
-237.262988774	-179.090398037	0.660773025589
-200.87619286	7.63642294569	4.89187506427
-213.460043081	22.1874385413	10.4071710396
-321.571338835	88.005382898	5.04961350829
-242.733813097	-75.7745196433	-3.35789161266
147.002342945	15.2426260639	2.10359285267
-129.383715875	221.183463269	-14.5019648144
-33.4767229404	316.992482375	-13.8808040577
-115.056848958	-196.305482045	-9.40402125799
-135.988873087	271.49666227	29.2534301864
-63.8854700792	1.03663158356	2.64789053438
160.532634281	-41.6161646968	0.0161291947
253.82089697	22.6959388436	10.0032323494
-239.365322204	32.7918405227	-0.877925342158
166.986467263	-220.047991763	5.02771167385
123.554341232	198.834716813	1.69410374333
-114.463301462	278.350394472	-14.98242027
54.1680307572	233.879875425	3.36540455986
-287.54496934	-157.808755303	-1.54823511269
137.141609824	308.307413922	-5.44799266844
149.508041643	-287.138712623	-4.68312242638
-262.378827189	-269.834846975	-0.164730518303
294.734240191	156.371269246	10.3401816913
-44.5068824358	150.853473477	3.44053514969
287.265954956	-49.5257042929	13.2962309438
158.802422097	109.812098005	3.59414456995
295.672335205	-51.0761977827	9.38773069801
73.4895231208	-250.617470481	-2.26482560674
-154.110826081	-299.439370853	17.6251924013
-315.419156519	-123.337962575	-4.08992257654
-216.458161267	147.726767328	6.78392863925
-46.2533070983	170.77591957	-8.09844701054
-277.809580944	-57.6494545436	11.625836715
224.715004722	-3.93739285364	6.03935790235
55.4060866025	-115.292280034	-4.34096067451
-121.13566375	83.3125455852	13.8852330081
15.6055512515	-260.913898535	3.03048060434
-296.028277431	235.495465918	10.7274801373
-318.596182648	3.88762388115	-13.7270775222
146.882586137	272.547762817	2.6567730816
-157.31361115	-191.006690497	17.1720136376
1.95066153475	3.30577934528	11.4868947584
-203.446965399	253.846492064	3.87829908857
-120.755785775	153.572823651	-0.419754031317
-165.536685051	-301.471304828	-8.79370409402
-282.932382579	-140.340080798	-0.817795682399
-136.445177186	283.876723966	20.8432894635
233.892606136	-162.420063214	7.75414088958
-23.1426468718	-260.743198536	2.43286196138
-91.1844140525	37.7658946252	24.1779828566
-206.718167359	-199.45372414	2.0715761012
-319.877702733	-236.298354642	5.06512186444
273.850649215	-207.313329377	3.40814348013
-155.387556832	-16.3357332119	8.3152288188
-208.172905211	175.288967968	17.968815288
-74.7698822024	-159.583514475	19.3860886275
226.038816304	271.184183648	-9.12884291302
24.8749247293	264.131592372	-1.83139736256
-41.1510703908	24.5517580533	2.4506017304
-193.18954679	279.728566742	-1.18537388223
-41.8063549549	-50.2435751276	-8.02488673782
-239.529613472	169.833071843	2.87121061303
-277.718075666	-121.519833317	-2.85740061139
-234.747137689	88.6946335453	3.74374951024
105.455892162	211.234535019	-5.46540024558
8.97708793737	132.122705048	0.274452556279
-89.4534901508	-38.2264241183	1.32124697916
109.14331512	-267.133698886	9.30947025357
-61.755455125	-68.2505633616	-4.81147346105
172.550231254	302.789905195	2.97585918182
192.299218326	267.621729454	5.93548862465
64.1898432425	180.529882834	6.62007219677
-149.230598706	-193.105902146	9.08108875637
-149.136745105	239.443347097	-7.60289970474
-314.527713567	-199.528247743	-4.89245353532
255.874603423	-161.693531365	-9.74936276266
45.0311476565	-168.518211836	-8.60278136424
-64.1085143564	-274.346216298	0.560099590378
-30.5122463286	-61.919652832	-1.4074147229
152.405997744	32.2625274919	1.49683087398
291.705162611	145.01111399	-9.2084387854
137.436347975	48.2740626677	-6.77614930533
236.219070332	254.208732663	-5.60324583641
-239.277732496	-252.472171429	-7.40816696957
220.548840346	302.073690748	-2.64649555979
-252.603757714	-87.4823406608	15.2350301985
-111.657285233	-286.063133246	6.625473325
-31.8545449378	-30.3458992948	2.57459543184
151.936997007	312.215768103	1.39161092917
-97.6412140434	-288.038446777	-3.35879951238
-293.064361464	-297.417501131	1.48304658774
259.289650095	-66.2668851619	17.084584654
-213.709737434	66.8160937778	0.158464760135
-124.426351267	115.646435044	2.11931916979
-100.901479721	-46.2518084148	0.605541642167
-248.07500758	74.4913066475	-1.90535395028
196.891418091	-110.144181179	4.6639125969
-256.335681144	-185.789804484	1.19254559854
315.825174812	164.354670262	17.2480249091
-308.578931751	182.311699512	5.27939544977
295.978741404	286.486192609	-1.31535238826
228.309619534	-293.089403424	12.5091856669
119.114968811	-136.264063447	-10.6194987708
-262.966752605	-151.411844132	7.083901411
-146.597868904	-70.9553435285	0.177521105124
2.59375461458	-36.4876921822	1.93959122395
24.8767169027	-59.707721141	7.57560370895
313.034724177	296.74327004	12.1631918812
-156.523326446	87.2661880791	9.91955748277
-204.116928841	274.013643476	11.6432693009
283.394504784	216.179466609	9.88563617966
-211.418862757	-248.561610325	-12.5112858778
-197.372012968	196.852976559	1.78944931956
-146.834931907	-197.413377666	23.0854373573
287.573570321	-155.168990076	16.5761236083
58.6545651019	-185.985461613	3.11952006387
-268.489975836	170.435341945	10.0202032104
176.531452275	272.275008491	-3.92067317209
-40.0653468357	-315.563070538	1.56105381563
88.5461361993	-286.009176378	6.28411580398
-254.927810305	15.0982109955	3.21702237404
62.1616174343	-159.638576076	21.9710945901
283.043435992	-206.471973299	-3.33671665767
-202.647351003	297.325187596	11.397334569
-153.747539911	205.014428465	-2.6777310955
-106.829611384	-302.759314643	-12.0265312691
15.6481402944	-156.355491912	10.7721934433
-19.4093820897	121.157936135	-0.052608864863
124.885494799	-304.420315156	17.4528571761
-248.371456271	281.736047737	7.63559971657
-267.877959973	86.028479531	0.71238181802
299.113167091	269.715385902	-1.23161938973
-0.566213478936	-198.347026567	15.8966812108
313.967641433	-267.313491519	0.0609083201352
24.850092139	-100.309184415	-2.13579912408
-258.566166175	121.30973845	7.72976189137
-309.50342662	255.683173867	1.3044494778
280.523553467	82.9698963149	12.1564103387
-263.27722665	-142.329783732	5.51691137018
-265.074681584	134.630984544	4.06044928225
-109.0495881	151.874734947	5.53021066372
227.487877551	208.364768185	2.04965120815
-114.122554198	-235.839419818	14.0203005811
-32.5803855719	115.169967509	-0.116087117341
84.3755162498	-143.871569191	-9.04727241063
-98.4211910916	-117.18410781	6.7758640914
60.8258633348	-20.2911167426	12.8736749821
34.4259209373	120.359791639	-4.38703195881
239.079628038	298.347302479	12.1500220667
175.926428427	-305.772086729	-0.378378257445
235.354906637	28.4782195182	1.79301762904
12.3324292634	-176.990215748	1.10315582785
-115.376094341	-209.730188724	15.1519837559
-40.3807016795	-18.0009791496	5.54164914604
-3.27263359954	200.083401565	-4.42611502743
189.52468783	310.939730096	-5.05419277803
215.78744895	204.558247706	-6.07656536677
-318.261292132	-166.913752256	9.77582021646
58.5654585263	-170.775820559	5.70814579051
133.2178233	-155.547703287	1.30913361006
197.116291246	-95.8353031016	8.54169127789
-100.445669269	274.127930037	14.5507172466
-265.027529722	-249.479181628	-0.875233494722
-43.0589916681	-261.90795191	-1.15397228083
-136.296376538	191.662015276	4.39529750494
0.616104780997	27.4469972967	-8.27410845701
-161.457489248	-46.9170966317	4.20855306647
256.271760325	297.770878756	9.91882691037
-20.4608974065	56.8773874378	-1.1275844697
76.0970164081	8.10034038371	1.99751734293
-128.190569928	-269.61941036	-10.2810994177
-0.636609268909	133.547288036	0.705882613136
159.054630881	74.9598971585	-10.2446357583
141.901261436	110.021770481	15.9494886632
180.748389559	-172.895879759	-15.0926131659
36.5274266714	80.8602722701	14.0254287635
-68.1048716765	246.757517532	16.931433216
56.3568104639	-221.844215064	3.93481820626
198.461171431	55.531166761	-2.93522402719
-58.9883811406	36.2903458131	-6.9635493355
162.549657209	-114.816667648	5.33287203075
103.700083353	175.224866575	7.08702892125
125.913504268	-140.080289653	-1.20789335983
-273.406368021	106.322991286	5.84004928528
279.896073027	64.1765202129	-5.48131651856
-120.503629799	159.121439466	0.752232105834
-116.707681254	81.0144658599	4.19868902231
-15.1708741208	-151.362427536	17.5027224351
-2.89564917144	122.204829074	0.745015384434
-185.231815133	-94.0465611569	0.581384310747
136.927338149	-216.711120683	-7.16921800663
-180.463946464	-286.004224462	4.69837261753
-193.969248471	-186.563277261	12.1579970168
-255.579413335	1.45246881545	1.68931606756
-16.1182528252	-321.562071298	6.32106878675
314.919295944	-169.160048966	-4.42986788858
282.533815311	181.162378165	3.73616036545
-74.5512358091	105.517600639	4.61636621086
10.5710302951	235.416076203	-8.7304617373
-258.32364485	-302.605258028	8.17379235023
159.787924416	87.4188335181	19.0702675197
-298.584846229	-119.176149553	3.66760552958
82.3865232556	-234.106208526	0.168522455202
45.5205485637	-186.890298984	-4.18780692345
-203.631445554	-291.385547892	-4.16897168904
135.300141421	-313.888298922	0.901673353874
210.693424879	-171.597972022	-10.4625834427
-274.389142356	103.897702054	-2.90406860935
173.712011455	-177.833750656	7.2256841338
265.48043817	306.236499223	-3.38250592694
163.265104623	272.689916585	2.87319778881
159.518002648	199.005617172	2.25150306298
243.50892084	3.79555446383	-1.76032890007
-47.3620285341	216.401511267	-7.38657145167
-55.417222482	-92.2782658683	-0.37342903149
181.3056475	-257.214458942	-9.07988998342
314.886130442	-263.532946741	3.06243643484
-69.6641141559	-63.8894546237	3.50985642624
-19.5836574798	207.380059325	-1.2941841796
108.260649014	297.625295765	0.708183397353
50.8237288724	-267.360585751	-6.68749800592
-153.849037273	27.3286701025	0.571696525323
122.83531473	-209.491367123	12.1741259375
0.267162485183	94.8734261667	-4.27950438701
-179.611132244	-214.727389984	-14.8285321843
181.371112064	126.702335553	-2.67668576637
212.186017528	-55.0770925528	-3.26149866543
-208.819056549	-243.26810461	0.02195847968
259.38258835	-50.4768953859	-8.29033246771
242.352840017	-315.163866617	-2.30836062576
301.616286217	-108.035109168	27.5103383967
170.141125566	-250.250148808	1.28759376862
95.3917618337	-106.252214146	6.25812353465
-30.2980696193	-11.948724566	-11.7701942847
18.0100561851	-12.3558305741	1.45568094411
92.8154620048	-289.311940837	7.60413396519
136.404140553	51.7457679055	-11.2406414557
-296.320216515	179.198284256	13.6645929209
248.739573441	214.724719246	-6.1305030299
-146.911071832	76.1152654632	0.148361913053
-291.279585961	-119.803686722	-4.69648476674
170.236415925	204.828705856	-1.196488722
114.284536728	-226.715623557	3.04518609662
293.375940623	171.83262302	6.12092031337
-321.802438604	-319.264182622	11.0180490299
-39.7081978386	127.081728988	9.42255334344
-318.629393313	140.567253568	0.652436235105
64.1883336935	-259.14240511	4.1789389098
0.0854592315832	254.208719222	5.06746439341
57.5549467216	275.703244421	3.95088711262
-30.0216602265	317.522643941	-11.2685238251
-152.07981102	-118.313259916	5.56279705746
-16.735312098	64.0998479703	13.2379913014
-1.2566015739	-310.946734512	4.55638524499
-85.2193417378	156.860548021	0.164726052345
-15.3044445629	-315.927556075	9.59604995654
-99.0508076811	171.650680554	9.19101803221
109.16359333	-137.103151133	4.01932176809
-160.922150578	-143.010263396	4.62452033554
-264.819468752	46.6784980817	0.652492730033
298.355348111	-121.443892142	6.3816068547
-35.4678797762	-76.853863033	4.93046715771
-147.77662366	174.384973977	8.17577345972
221.246823488	57.5120974957	-4.01331655018
65.0279692933	-225.57700179	2.07706849625
118.028945384	-223.40197376	6.89266408627
-255.861226915	-30.1240091168	21.1176496929
-312.030977199	82.3110242118	4.92712797401
69.7850820568	-75.5383189534	4.87846203493
50.8382081224	-320.466032508	0.589657600038
-137.993364382	-213.846571082	-5.91906640064
-46.7120997424	-99.5618156782	-5.7637982887
-239.079592408	78.2786811011	-2.10638179692
96.7662548911	-177.898364768	-7.11406700538
163.310330155	5.30487479215	3.36354879374
-308.604444021	-136.321522068	-1.31472313434
-212.285684423	-114.960647576	-0.987096299002
119.325833403	125.506934526	-4.57372030033
-318.803672865	257.162430006	12.5913268697
135.337542107	-8.46669555745	7.04722372485
-127.571487684	304.213315997	16.6397210261
-315.450546876	22.9508433648	11.8249306578
180.520690591	-198.965521396	-6.97982103119
-206.405942951	-234.42227607	-0.282628058571
-138.87496846	-163.084313104	28.9729011928
-293.260704104	-168.224907861	1.41080787209
-312.249625844	-23.849956467	-11.7166563111
-94.8924369629	92.6446485938	0.212143715024
121.249932012	158.830426168	-3.20147434437
-235.402455307	-168.676253076	-0.226821332349
33.1968982794	177.233923741	4.55893113674
213.649247333	108.416140641	9.31031906989
-47.5537475885	240.620144913	22.136492863
-275.001513089	274.188167156	9.65271808563
-300.314262433	176.566085259	10.1899561759
-31.0627709401	-322.190254163	8.15357492985
213.277600549	-168.520592844	-9.25371026531
-22.5948629092	-174.325479967	3.87535409257
189.208095562	-224.791662806	1.51424982499
-289.584910961	319.568494287	1.42862890902
3.43271142222	-195.532055427	-2.8100733978
99.7229454597	189.534642358	4.14246027273
185.453019672	252.632703236	-7.8354697063
-53.6391536571	69.9779618246	6.77647310381
-165.779565993	-42.9467724447	12.5917782118
130.23873255	-9.16392071701	11.8265172861
-53.7876918923	119.743487492	-3.56867239783
0.220650016353	290.784586478	-4.1137783685
-286.872949732	-209.670198224	-7.65472444887
-111.970960238	-61.115039269	8.22729334645
-38.704049687	184.828203968	-9.55823764146
279.586073731	310.171429372	8.4119986205
69.6556223164	80.4560634818	18.5570846223
-171.677329614	187.197998262	2.37200193867
-232.909019657	-203.962930483	-0.885618354763
-196.158578872	296.985134926	7.7760128353
184.348376085	-305.60015281	-6.8283597358
-256.598709579	-249.387924812	-1.12327725069
-173.108087112	73.6899151736	1.46294696296
-44.7950693503	238.87402133	-1.36067365926
-13.9157575174	291.221115047	7.56099136535
-146.480889698	-43.9470620808	-2.83872595944
86.2057120105	222.288866872	-5.4183253786
-242.809628189	-236.166541508	-4.03203317107
9.71064943905	-129.334503779	1.58601320935
-203.193217713	-267.588351761	3.18315273423
-256.923698161	-146.953730848	0.0512168992293
-83.7092587256	47.2638831211	-19.7245501369
-159.590942384	42.3876274141	7.95433411254
75.6492362711	-28.3906380201	3.30216759563
-14.1552999424	11.5340064052	11.1867918039
-221.881982972	294.09205231	6.605015965
-49.0442970893	-94.5412760016	6.79387946564
-154.187561971	-286.065137125	19.8531498297
171.753284922	-294.824285112	-3.37335222256
26.1163654549	223.354750222	-0.259472450407
138.193640214	314.191073342	1.94284169894
-287.439506991	46.0488376495	12.2594648013
-27.1201214268	-300.472651877	11.3086741323
-152.595029644	-14.1231623383	2.08938980508
168.531104805	234.681161246	1.00774794789
-263.863665228	27.1708639195	-3.20831629439
60.8568106911	-209.242784063	5.53266784016
60.5105166592	-18.69063699	14.650611173
-316.873523375	-310.601290664	17.6564860369
210.461024334	-189.937089816	-18.9137567411
-253.753707871	-246.763067705	-8.43710995937
-194.258685765	316.201186625	-12.2653708771
129.000177267	32.583639364	-3.85167100174
231.104490001	210.319598152	0.768332060218
-195.835637961	241.852666058	2.00441755672
125.645701185	226.24828733	-8.62404891739
160.35389156	53.1488833024	0.164436373373
8.52977023002	-10.3942651196	4.20886947625
-263.85436658	69.575212874	8.77743900532
-156.779652134	64.9254308537	8.28793271341
-113.588018462	-228.558099444	11.6951949301
-34.4621137999	84.2183313961	-16.2379537863
55.0891409681	185.035509493	3.20690757302
171.103875808	-82.3459473858	-0.210688184066
3.74552354561	-9.79214914008	1.14254394765
84.1810245444	260.393241435	-0.236794153167
245.164111363	177.569097959	-9.72449581667
152.562515292	-4.25130085033	-7.88382830273
257.42441238	154.720388805	18.0073748039
175.116703015	-304.354346705	0.0646407137651
141.727458028	-119.56467314	-0.0830101552331
92.3789801492	-62.879711907	3.61916989643
-16.3479739645	240.167592042	6.7617955486
144.611744434	304.608394836	-0.471921476756
-28.8528947397	-127.065370631	-10.7737760648
-195.135377646	305.405681184	13.4454817174
-24.8789873068	266.660305481	-11.6946912534
-284.33938575	-110.942506595	5.21263802278
-13.889692284	296.403244317	3.2220814458
-148.485850532	-8.52622696927	0.69086926712
278.135261366	-275.537213764	13.4723121209
245.642820137	-289.387188387	-4.50189686544
-88.454939549	62.7362818	-1.01860098251
-252.914080264	-295.251021862	1.76110820752
-294.544361894	167.543771172	3.27821134335
-225.377227998	-288.617965794	4.85455102571
-148.282193668	319.433202549	-5.15359690849
38.045458329	320.600193274	-1.16034686536
-96.5982467168	288.0641525	11.9351151681
116.345765478	99.8321825032	5.30258381194
322.140150019	312.853847857	7.74570917717
173.219254183	184.979705733	3.46901552875
101.19700366	295.394631029	4.94120075551
-193.304935688	19.9925164493	2.36232617077
-79.765241596	74.0938494182	17.3015859762
-238.132477664	278.024602666	1.84183488619
277.014500214	153.052136837	-12.3759674146
-50.6978337341	119.788154982	-11.3339192274
302.989391048	279.933417101	12.2728256816
-240.997443489	-195.196717438	-0.675095548135
-31.5541557536	-143.159538668	9.51157983205
-48.8456859893	-319.427443268	-3.03158269088
207.459256545	-262.529672007	18.4886679086
-175.434792261	263.018818406	5.5668855159
-222.625381987	234.006384969	-2.1881989762
307.51680931	90.525096975	13.8798173692
-259.28658664	310.765725374	6.53262205838
194.198484975	-186.481357924	-1.77683904667
-248.333897942	-71.7073469067	-0.999947448375
130.393181489	233.355229891	-1.40713656855
121.658087704	306.588136526	2.47306281695
312.44799328	227.120217136	-1.87602387726
292.830860378	-298.55842766	2.64089350499
191.628379081	-99.2193055759	-5.91131007719
-62.1192404479	-145.845157341	-5.71157354356
89.0230556216	242.675477923	3.39980693059
-46.4465073278	45.618387766	9.19805275874
83.2021364474	83.0544259819	7.6772549843
-234.192159415	158.432133738	-0.941435855371
-189.211305726	-113.82854299	1.37427850899
41.5495410259	-245.248812032	6.07543009594
-206.787965667	237.959670298	10.221827726
308.256175021	-63.0688973667	18.9889088983
293.216180099	-144.268612908	0.81661264876
-219.667096553	-120.764549851	-1.94094085981
-135.549806432	-204.87625092	24.944230396
30.4027755788	293.047903237	-4.40816351238
22.7280468997	194.139400521	-3.73186838745
213.183021745	-159.571091535	3.57475976988
235.822208852	235.465834543	2.3691113408
166.995295029	65.616854614	5.34746593775
231.978690309	-179.97360954	-18.3474403825
-4.7266496889	221.719850623	-6.31316599539
180.444392441	146.596215319	7.9845950035
190.290622604	-305.380700715	9.88833314949
-195.958839867	-92.8475119692	-1.56057983762
269.235047973	100.347819706	15.5435311767
75.3643985182	127.910862182	-0.0855838383432
8.74768581885	-88.0381181492	-2.1499474553
274.67179321	121.586825145	-15.7432755523
-286.21358358	-273.084747961	1.59764962395
296.777749962	-241.918632746	5.39568817283
88.8350012925	287.223133866	1.11415650726
177.880637579	-222.765553645	5.69042769412
