402.32449283	293.193097613	3.43514090168
349.577032976	-86.3290055887	-12.6647632522
147.339068669	514.941371079	8.15485191879
185.00277707	296.488127807	2.93070308645
-522.233099009	612.344803544	0.230274104763
-238.063870613	136.79477747	11.7565367189
-411.837013034	596.38137554	3.22341949328
150.068457451	-398.10932846	-2.69352047635
138.450093749	-93.8217795239	-1.75863041768
519.703931676	501.754975265	-3.57675811756
-502.319030156	-216.13792405	8.04008567687
326.803649562	-468.756793653	-5.5644434607
-382.895044012	-481.426282759	4.77367320546
309.407347612	601.230477688	20.9783327384
361.108212091	-516.166921712	9.40955819954
128.427111801	65.4739102378	10.8682123965
-419.931769445	-251.771336905	2.01234880101
-492.150880246	603.009263447	-1.33028280229
154.839756216	92.7159000944	12.8855205004
509.342687494	-550.465231375	-5.96616953707
235.184716701	41.0905434151	2.42870178042
-222.428188221	-300.096012232	1.47364489954
412.497196115	-523.438312268	5.68321640816
312.787746241	391.291685401	-11.09388109
-489.900749475	131.066163543	16.6476670414
-161.744340071	497.694110233	-4.69812948676
614.398483352	133.68027173	-14.3713080734
117.363849687	-281.068099795	4.57277914584
244.158132479	38.1405359456	10.2191276764
-103.65224723	175.965694709	-4.7219502245
-292.943600234	-256.637255752	12.6762668166
-243.713113611	-308.797928113	-12.4914436603
-605.21626874	215.554244658	25.7327568824
-77.0649171086	-291.285898031	9.61106387303
293.78301708	-291.529568846	2.90653039951
-629.122530674	-441.383552655	27.7357081629
-545.337354228	608.087408607	4.78490612315
-21.00787827	354.170173965	-19.2233683089
407.653869905	-519.134494613	2.21023178962
49.1016817971	-46.7077550931	2.28154839203
513.760100177	-557.246431299	1.58298580969
567.565321829	-476.134480216	-8.45981868614
-419.036971268	-157.873319356	6.54578333837
600.805440398	256.247226149	25.6028818509
483.350332157	-620.075804293	2.80439462667
385.996379095	-114.619134919	-0.0526378608262
-348.078253562	-136.422873378	21.5547227135
-221.747027837	-205.839282507	-14.6247141606
554.336809334	-449.216637679	13.241582077
350.58788683	161.161193254	1.98488946386
218.250153402	-565.49003732	-14.3980611779
462.944236016	347.095892362	3.17264845846
226.632719491	278.492537011	2.96140310822
324.474043822	582.343164559	3.64305531337
69.9789903838	-424.921301755	5.10635504336
86.1377232392	-266.626929596	0.560058125864
-402.329223251	-288.656211112	7.10298282317
-494.650110515	551.148355246	-7.05968869974
396.612630636	383.877790445	-0.844268459186
-454.780032363	573.765830168	-12.2227731129
-508.675256823	-49.6211953	-2.77327180191
-603.394988223	612.579058669	15.5495859073
-567.033748957	601.819768886	8.73507269801
508.224035669	186.982371893	3.96728225879
-562.592050448	-557.732980012	16.1767051983
-103.990178275	424.088536177	-7.70025458678
429.29503894	190.739971319	21.9025044292
-180.966099295	-528.425321507	-7.9474800295
157.325898364	-138.846362659	-17.6015467979
508.69937842	546.639123407	0.838931741062
-246.22600379	252.971522674	4.28965284508
-60.9476401065	-215.814269304	-8.81587708749
-630.176936011	-423.669254688	29.7334750456
431.228017549	-36.81005953	4.15404665724
-626.716735894	-30.0602755753	12.0526108789
-158.081347971	212.835783612	3.45172619065
-383.227397809	-475.546603474	1.20730201057
-26.4177182397	70.3449714253	11.4123861332
-555.962180212	334.990968031	5.99404390155
14.9725242854	-60.458853239	-5.9880470856
-420.727730723	597.594618753	-10.8361158705
-197.609050271	360.663115475	11.0119014078
195.615062019	319.000597435	4.22809492966
-530.308343778	-245.702440864	-1.1978860658
-508.65998205	-123.844425986	-2.25773549054
-627.49416984	235.862215121	48.5494482404
126.232974748	-243.446899602	2.58437470227
-220.55289999	-237.607210487	-4.27991487298
-375.687193141	-632.175713174	4.3047009831
-208.042851148	-509.85671214	-13.6438772658
78.461141048	-374.964409805	-2.2652748322
338.165322808	-615.910239112	-4.2622529794
425.098299693	-160.586985205	-12.6762646935
-297.446678243	-160.933586734	6.90698370864
434.804926722	-503.944677116	0.913126281764
-85.634680287	-409.971009088	15.6732205592
-464.738653681	-599.167491063	3.94792279064
538.95260391	435.797831083	25.218002827
-142.015203514	620.348881944	-9.26049308242
83.7675157034	293.417512664	-8.9107290507
79.3096802047	53.299643422	6.49550040432
-318.723907253	621.076902509	7.48747246765
603.449384259	-376.313398652	8.66048362013
369.667915371	139.719280005	-5.38220416511
613.95883567	-2.09814359168	2.21601960387
434.294602164	-283.893450958	3.67415288343
336.667711234	-470.363502938	9.91320599848
108.479557341	403.836418902	1.90321883882
206.31191118	-495.3137131	1.21516350417
-143.673800003	367.574003122	16.2486219532
-442.208643508	-151.241801688	3.53976180451
308.21023641	-10.7785243321	-7.30789479212
-351.161499132	-164.08206435	8.66876613641
-248.650472912	308.226235967	5.30863148755
114.811741468	-380.766602934	-1.43329324411
128.868720362	532.838225474	2.6027625703
-552.672369484	-93.5285550584	15.1224403826
-315.677807324	185.219642887	-7.41789697068
-60.3733301245	410.620733248	4.35165238098
-179.391974793	-597.46746987	19.1285981307
77.7695003442	226.009493484	-5.96007026517
-89.1774372901	80.4570286452	-3.15598105189
420.057960258	-17.7205961487	-1.1916150841
-451.144551345	278.193955571	3.63526346659
-485.70086083	111.226983733	0.351376447911
-53.4761727551	-338.027720579	7.71284239614
562.85756256	-351.984466564	9.48673085847
-353.314362509	-51.8551570847	12.9600408535
198.800151938	52.4578097853	-0.901201400405
-526.047772268	-270.509922392	16.5170869356
-102.179642521	-64.8868991171	5.17109558146
188.250446714	-440.859938587	12.8488108036
-291.857700625	-113.59868882	-14.5508833265
-631.771964578	461.422400908	-22.3152807351
-177.186137838	509.174380648	-0.664209307355
38.0526443679	-362.01029701	-6.29296233144
-383.19169432	274.873454564	5.26804354272
508.571869776	-303.404316555	-3.93815053422
312.512562199	-146.587318044	0.0775393456574
-278.800090614	277.865125191	-1.93021769855
215.857174318	-216.175547994	5.16828112868
207.553670087	82.354136031	-5.56559255758
-274.003114223	292.142023479	5.12987522807
-379.184717202	236.016319547	2.06950006078
-550.919696146	412.087441367	-3.7706256212
-68.5085234761	-184.97804001	-30.0777246705
-565.825111532	379.93346282	16.7023216215
222.887864727	-463.02226346	10.4804913446
-379.354866251	543.187498159	6.43190434348
286.117000771	-246.436995456	1.24066006395
-205.013739227	315.037313053	-16.4663352388
325.473122365	-394.721795687	7.2699185407
183.253490039	396.910745951	3.09173351023
-109.966215135	366.109016505	-21.2729051205
-571.099383954	63.1197579159	6.45291404443
343.037767353	504.182903144	7.35218949951
-541.49693919	-27.7164997293	3.2883483742
-431.281645137	148.129209204	10.5642237299
-20.6693295876	-306.538053448	8.09909521879
372.562931177	-476.819514825	-3.51870322647
-570.470955506	50.7643575691	5.77700419498
-423.363946307	-377.384335375	6.98998552767
-137.762961541	409.588096071	1.60046316257
-500.368309589	-103.875182451	8.77263930223
44.0594636898	-227.389136317	-11.9706564097
-70.4471417919	-201.734294436	11.2066164488
-480.180080657	-494.555695785	6.75768512829
249.764600853	-371.189655822	-17.463924848
-579.536135644	-34.7704886277	6.1796757935
139.143745311	118.701569348	4.23189117781
331.825202375	-629.443774593	-2.02165540798
336.688461327	389.012272695	4.47734332436
174.64121945	461.445584968	-3.29304821127
-310.119323624	299.976230418	0.780244861947
-324.311691428	-151.762668864	-6.95629498765
142.11668827	-261.360654505	-4.41264438881
-567.631997659	477.345318609	7.93698910871
385.18789449	320.773533118	4.37038062823
-456.718133214	288.943962438	5.08121677312
510.133380294	-251.405208959	-10.8126003425
310.341975501	-391.934869549	9.16163483381
580.241847081	-494.744192407	2.65411933488
159.67234498	610.4495863	14.2259842676
-20.8028374752	-500.325472119	-4.25737012351
294.442838227	-128.620846457	-3.99351156731
530.743980326	37.7412022605	19.215456154
426.723388277	-580.696107501	-2.5755925901
543.287009455	-515.62498025	2.89304126384
245.194545067	-272.295270589	3.52247962389
-629.072707838	-225.9943322	-7.87831387618
104.198998238	451.552126733	-9.99893911755
320.692935088	479.355849726	-2.92923031208
-589.954532486	132.219057887	17.8196434132
257.220321722	-8.54729761627	12.7912083074
-139.184762579	114.83922465	-9.6857992499
-266.401263408	227.677037622	-9.53199511867
-161.856927722	312.506470755	8.25424922204
83.9206533326	-116.564742105	-13.1084008613
-45.4176073049	532.787472311	-1.3334127544
82.0898353661	-189.736351154	2.88209166827
-101.826687504	232.704980967	19.642947671
-465.550999647	-135.869790452	3.77697359728
58.6218240817	414.220510172	1.85269488243
-563.026950953	-567.310164885	4.55344880291
150.760701364	581.517487833	-5.7610465978
330.073115716	391.181631366	2.94984466356
488.495173462	-544.843520599	-4.97788773948
-530.855577899	510.59316409	8.54170812277
-213.503278494	418.68596373	6.08136304453
-568.742247872	216.53903649	16.6739039739
428.21032407	340.272417643	2.82664273714
609.811515351	554.338251594	3.70045554417
625.109285763	491.737484503	2.86662658525
117.416528558	295.992322842	13.922005379
616.276530558	-330.584633933	-4.37869701567
50.6430989969	-164.473040686	-3.13046274891
153.425986737	-115.280304788	14.7753943122
90.0975748174	281.353050488	6.71341550338
185.305105932	318.764647705	20.604992038
102.400389721	375.071358384	-4.08085890138
-616.659828282	-149.99486969	-6.09467277189
428.84586437	-221.243034477	4.21887691796
-556.627148608	358.885930066	-5.52237507836
-76.2801523355	124.45439175	-1.53563555129
-1.84772822263	-613.65962149	1.63514195489
56.6609554036	162.362766458	12.9535435264
589.150498021	-199.171841124	-22.1704947106
-201.176176616	293.699214682	6.59091838466
-368.788957542	-288.354295186	2.15015637323
149.221189624	593.876108434	-4.39787963888
471.672889732	71.1575006265	1.77378998497
396.335144728	285.832145868	-4.01177863732
-165.189384113	-410.350833453	-3.23653228555
182.988626138	167.547981004	3.11260864437
-432.814547186	-13.9689066302	13.086219152
-280.207642623	71.4091548116	-0.116891123239
98.7193455826	425.750481398	2.45684900129
-557.966991645	371.943840419	27.0407417095
443.198320638	-476.135866245	1.8680613339
208.383869406	151.615640749	-2.00485971147
535.427283017	-378.588368728	2.51842294328
-291.315325016	-383.611798423	0.609317845026
103.777527695	127.907397381	0.55819848827
-528.752676559	-495.058609922	-1.53133503014
231.262504967	142.761185326	-0.892223141005
-429.186727973	541.010369653	-11.4545841871
177.269140399	293.445378086	-9.73125780094
571.663559055	-104.884397371	-7.2037987247
323.538351461	-514.359120291	4.25635201017
-566.28565396	-499.102453468	5.92575518618
422.02739007	-238.843955474	9.0561205617
361.734419654	97.3476625637	12.6266749615
179.441591302	324.158934005	15.2273370729
29.885334856	48.6984145513	-7.37584716177
629.912503018	409.167457083	-31.8899914856
-137.6106355	317.326008826	-18.341352871
509.116068142	-377.746684691	1.61280349672
235.216315215	-389.197945726	0.0827963118362
-198.458150438	-362.495154336	6.85092564749
-250.89787847	-239.648874165	0.140589833042
-118.664791504	-155.080847742	-6.83604834508
-589.624718827	623.682093943	-19.3416633704
397.273160555	250.083848064	-2.3771002562
-169.622852876	-581.240148797	-3.25722073393
119.789387036	-125.405516563	11.197463276
-285.115829614	-127.788115066	1.11853774417
-354.193098988	533.492940335	-15.9658585908
546.945058669	16.4639119112	17.6687884054
520.284797113	-284.227373143	0.30539524981
582.734231512	28.2968472199	18.6071101462
420.48162508	113.818418876	12.1289466572
-319.060961501	-39.2732584403	6.67943387319
337.296899445	-530.179202892	0.532984256399
588.87169401	-322.965337407	13.3026377108
499.102362811	-168.188566909	-8.03480949166
402.62293172	465.029114213	4.88118702987
-593.619843366	484.159876284	-7.1585422214
130.734576282	288.277178283	8.44413784148
-366.003683798	-418.961310764	5.98835965841
-382.635031709	344.475259879	5.07199502863
-508.926207009	603.157836155	3.78741744319
-19.1875579692	387.584005411	-20.0980027345
-410.329986484	-45.2433751738	12.2084332465
-631.547856617	613.149214539	-20.695753449
-15.2641261935	-43.1292694247	8.92411174194
-490.038084711	-130.093698415	1.9407522636
509.298858123	48.7316359588	5.34077123227
-519.96918488	-206.802624029	-9.69919136413
-292.732835817	-162.488636857	-4.1821488981
223.904698665	-426.323209399	5.78911818137
374.012025877	322.522055702	13.8448839141
-292.722340493	126.491514858	1.26797506017
-299.074853424	199.219367287	-1.25062962639
-9.89971858095	-634.416606327	1.10406092289
-296.889808132	96.881787882	-6.70804795906
-216.437636755	-534.408327469	-6.53179081446
375.634705013	-198.193183075	-6.75571216663
161.034890942	35.529035045	-4.53137873251
-404.770964466	-164.834956358	8.76282972931
-151.995726741	-77.8084974083	7.09035789912
540.920453143	-187.871529484	17.5546107408
-203.730856106	-242.043860208	-4.96476184756
84.1452214233	-291.138908591	0.619614964308
-361.689895985	-274.225888919	0.820196440841
-529.595253006	84.1982077041	14.4002156112
-583.185205498	-613.415417053	23.3956487683
-508.345698912	-139.052436298	5.47504085302
-444.72669824	-242.300152309	2.47699269213
-247.333610071	326.482289659	11.3141734501
330.289893078	384.575404245	19.4917654563
227.083917907	-385.289531264	6.26613043136
291.932396354	-589.997959451	-1.46268686892
-7.56525338302	-16.7907513482	3.9824302615
-118.312969029	-441.356296971	-1.53532368546
-602.442452213	-57.286573272	-4.35482507538
156.034596798	-476.595791167	2.64626145353
-575.94588263	-552.749015968	1.31248496035
295.611663587	-402.246701655	1.45469483099
24.2826326111	-345.378389909	11.9663291329
157.227230081	630.585452065	3.36428266628
127.294295794	-117.460105319	-0.826504549613
500.710950695	447.804263546	17.6436049624
600.720904595	-536.33505598	13.2581226684
-53.4442137488	140.341923439	16.995887878
-186.597679697	-152.702079756	11.2202667586
607.686594595	624.472023277	9.86050211798
-85.5388344613	153.724118551	5.5131385001
566.660669451	543.889176311	0.469711228449
114.595644653	-595.457447703	-16.9363380512
165.829085631	69.3625343312	9.97872775096
91.2307804992	-351.738653735	9.04906660319
542.88543308	555.641571627	2.42392749338
188.688426069	-520.961897476	-2.74160265712
-244.645356484	-493.898348063	0.368837299398
308.238789131	-553.005665135	-1.45172809462
130.750253842	-575.242878583	22.0861991093
378.100294463	512.705113997	-32.3356671664
-127.107820093	-626.576424786	25.1850366696
515.133357356	-420.763433894	11.870203457
360.282902633	-333.793121856	-6.68353344744
569.132950516	254.680754369	1.28896221563
-427.153525649	-524.036632164	-4.75608055177
-266.316272481	-615.84217156	13.3253771146
159.491340259	614.895430008	0.744199633351
573.052775128	-180.203802	-9.90058388604
-424.139985798	43.2474613232	3.93657995054
485.171694649	-598.405835727	-8.71905029339
162.990813814	-358.485298135	4.56792229697
-349.480307475	538.949711096	16.8193844489
-527.609918156	-416.742999572	-10.757349561
601.795593584	-401.498220168	-0.701962038153
-495.227058986	92.4622408922	11.2864739851
-161.170644198	528.899108517	0.952396310742
-484.051340077	-210.460181605	0.233915797781
37.2897583603	396.366926998	-2.74899428334
613.24307113	-77.3029451757	19.6979324087
-606.901421055	548.010720752	-25.0811488214
-357.645301009	296.948441896	9.84095221191
-567.610703356	-1.57106651604	-3.16357548873
-345.395586637	75.0728886606	3.38999179676
-35.1294518576	-221.341017714	-1.42210261909
269.765453515	78.185141987	-0.128907197297
-500.940741253	290.128568404	-5.11699838549
-253.347676886	-145.445430106	-8.1247481368
234.171715457	333.857170579	-14.3735672655
-63.0526007617	59.418104142	1.11573228461
-34.9330132126	-339.580381371	7.25804417197
209.909019731	-497.785594085	-3.12486203006
-136.837682547	575.795199311	-7.5468311453
-2.27580439693	-444.024637301	0.168851271429
-110.351556336	-387.509326587	8.54332202483
90.6037266243	-70.4370963644	-0.834652747901
-380.605481223	78.1177376634	10.8797192291
-94.3511291624	56.7100123216	20.8952787841
-607.336752689	-217.027043234	-5.3084024257
-624.041827599	579.206675325	-28.8062957778
238.330814781	-495.772906197	-6.91983577289
317.50790276	-605.996991635	-17.7825287884
-455.251925661	-436.58190557	5.98714282118
322.473860971	447.668423961	-6.54673041369
-270.264564856	-390.256781806	2.86168599799
-320.378646578	-107.833760693	-1.44639440672
-507.627580556	-132.562673992	0.98744174591
-492.83957027	421.429723688	0.523467286061
-49.5479022081	320.778862084	-0.59185730735
607.496691258	587.877230429	10.3175323606
-231.1551774	-567.380431944	-0.345133588389
-540.876622555	-208.235220235	-1.1318208937
-118.859597891	184.542300306	-6.00344784479
-604.555633422	-607.789575132	19.3392359483
164.57420212	-446.713727308	-2.55982231456
-233.285934932	-16.3992483084	3.93870478641
-547.838811221	152.76146006	10.5316803604
359.990045997	107.489193419	22.1240578789
-201.941944669	165.170692204	-5.02235814642
-192.042148773	-474.649046485	-1.23176440409
-396.967951019	-559.867950874	-2.19128417945
-597.413412025	347.270141846	32.8888205964
-116.998515391	576.694096413	3.15397658161
-593.541136549	-328.829718673	-2.51639547046
385.962337532	473.693893792	-9.48596561915
-307.970659316	-66.648821629	-3.34222203028
-89.8057097802	-54.6452736353	-2.9985595507
-421.55014083	247.687765655	7.34733314445
-10.9612274655	244.517370232	18.8730977154
312.56785724	209.768492069	4.43307714055
-386.887571074	151.169109546	-2.66059395948
493.844679127	399.219896283	13.8570186285
-373.994323843	-617.274918896	-14.5558569224
-275.572250409	487.480100766	-1.65926437626
27.5842649032	-136.406541798	-24.4486294823
449.776907207	339.827198881	2.65008871453
-436.213576861	234.885792422	2.45000896573
629.938804209	-343.141431513	10.7744236531
-259.970300357	-349.18748391	4.08623050564
-446.029599952	-505.873613366	-8.78007522264
438.525962776	566.1298483	2.13128104523
22.0243036636	-559.924982457	-6.0129866934
336.538538453	599.787969788	2.22925641148
380.908239179	576.573739775	-5.51957678945
607.33563742	-192.685827081	-27.1734653844
291.920751641	-603.782890655	-4.5189249474
589.871304295	253.275996889	18.3711235522
566.57418149	522.505306601	3.2577849943
-528.217330336	245.94378381	8.6718740626
338.149994354	155.783515785	-14.1960154334
-381.633839136	145.483349343	4.05412323507
187.02662602	465.554182457	-1.40023384917
59.104928158	596.991047951	11.2477164223
328.619736322	-631.469936791	-23.7450884761
-77.8929599393	-196.67380569	-0.218004503791
441.630936938	170.977756852	4.18866946627
-173.89420411	-439.7379951	-10.6691130324
-454.67600436	602.362615453	8.12855317684
510.883708049	-521.244822659	-7.9140667505
-94.6012394795	338.099876292	-28.8118707349
-527.413744386	-32.416968137	6.14891358388
52.5733199912	451.919335784	0.302688246663
-294.009708026	62.2607657848	-10.6907415396
-310.784871673	-33.7373816157	-9.21959435234
-71.1148916462	-623.931165194	1.60970012378
382.736683995	201.998347437	17.8922305167
-72.5765027531	-602.17159791	19.3507039505
57.6249287955	199.170783529	12.7083363601
-450.766361268	-152.695130518	7.41518078235
134.495184383	-201.502738164	3.05704226943
363.864569398	469.436575266	14.9850734225
-574.41376255	110.430970372	12.6158732862
-589.776822707	626.616658149	-23.1032727782
312.126472543	-513.58687063	-9.37155303241
448.18313958	527.850674034	-4.92590719285
389.159639366	466.095896266	12.9393296448
-375.367420363	-36.186309785	7.85873422523
-540.308234186	-563.821028495	5.49230788296
-244.94801598	261.65581798	10.1856802861
-285.948612739	253.387126442	9.12586030327
-306.298037581	228.014517119	14.7374259301
31.3847182342	-115.155486117	-1.80123896479
-33.4330552212	510.910625464	3.14106844983
-369.848566741	-16.4961106682	-1.76329914123
533.356086226	100.827338027	4.58070150163
566.18227279	610.919028038	11.0188063232
-336.547808105	42.6255382673	13.2030373946
-491.503202674	342.223423147	-3.59913665939
-580.02849976	204.695660411	-7.74543305816
49.5036317453	-509.802573354	-11.8301799018
542.325968569	605.671655745	5.67341870972
-369.760562955	-10.1835869986	2.63292831837
-364.901526269	262.157102162	9.94190862372
-346.484872747	-482.446493326	0.835795418071
-535.307742246	394.376584122	-1.79885738272
411.078920179	-375.980867729	-3.0514292832
-496.552982824	-439.162015228	9.46609397899
-482.065167996	-138.932524467	-1.11127053412
524.095222047	-311.859013626	-2.32265084414
367.921593503	-143.887536819	-6.44672619659
94.3418962701	-21.3446262148	4.48878061952
116.797273686	39.1316390282	-5.47198720537
46.089099349	575.134274959	6.37517692342
589.793851182	600.398748817	3.3035230044
-560.885008068	369.706392635	13.9504325763
520.305519458	486.855923325	5.28173228649
120.215103943	551.844717683	3.14781375269
77.0521050746	-2.16060957935	3.18747109371
-31.0134258147	399.800263151	-2.17764447573
432.341905175	261.853932866	3.31139772724
127.450802568	279.726689657	3.40867905445
-283.0805587	-197.865860225	21.5418221185
42.0683389337	-144.596874245	10.3418872614
124.670420662	454.139860844	0.569980406846
-430.758070096	-45.429341889	-1.96038492976
266.8632359	355.768550188	-16.2155424819
-256.247971015	-427.860357426	7.56167312776
-133.013366864	-212.757971439	-13.1782568866
21.1701845102	58.7759626276	7.33258446689
-97.4370735432	-395.791647509	-2.45209577982
473.33558186	32.4472504022	0.00176428641514
-108.191616028	43.4706447556	-4.1364613144
450.502526903	-89.5114753819	-6.90454499004
-540.71612547	264.544109036	-7.11648180453
3.68931275978	-85.3187070731	-8.11666868469
303.559331745	-147.903233148	-9.07582548298
68.0614617178	112.992837336	-17.1075792934
-153.798972953	547.794794867	8.90690360432
183.199849633	-533.946744794	-4.90418456756
194.888533554	-237.682691059	0.631670455046
-2.79506722882	-484.390652936	-10.0844862777
595.917270025	594.326616569	11.1301043161
-374.398687204	118.884387257	3.23345361487
337.616378728	-235.099229589	18.6020601736
355.705819136	359.866244998	-12.3507636157
350.468863144	-163.996949094	6.60613373005
-20.5358066456	-269.242009271	4.24518525752
-451.942630868	29.119648606	0.245822725511
198.210120049	379.500712207	-8.98622899016
-340.536499709	-272.824736725	0.682664993235
238.425653732	-604.772387449	-6.61688811391
-555.732640134	-144.425783797	-7.14280193825
123.946606302	-124.654872127	5.35000880218
-167.006848889	-206.619952339	7.88086194728
-82.3032336221	-146.711759855	5.41550606436
485.439181546	-184.625228207	24.8545470168
-443.894883348	-315.127369741	-14.5689282111
-509.705349323	574.892018733	0.302591130803
338.119936101	11.171664903	-2.15571688222
319.457204534	-273.890560543	13.2574542752
-50.655220963	20.4247474577	5.84652004237
-249.959277693	-434.410809516	-1.34834756614
-52.2129370676	148.020905645	34.7026263249
160.115513664	-152.185522458	6.25796700802
-502.697504228	-529.426360019	14.8652383634
455.153014914	-178.118162595	-3.43990079481
384.663215083	13.7403332472	5.93995074017
47.313234253	-340.924283446	-2.95768453181
214.545655921	379.627409291	-4.78470989905
242.301104607	-510.010606259	-6.81604415225
405.663051199	72.496077338	7.25771696613
373.253784033	-405.669425993	-1.21485798091
-261.841088142	-21.8828851344	4.25059234724
580.395257033	-379.697812668	4.22874093052
459.114595807	619.374101297	-6.8661472391
-425.683717649	439.527993292	-12.4635018877
-12.0398550711	42.1618643657	10.4695650522
107.770863487	243.047035682	16.1174874928
512.341085387	491.800573239	1.04335252206
403.338780134	272.191246414	5.41290596616
-69.0764090009	-444.99770618	13.3897430454
-316.94844449	-138.719497147	30.9980598085
451.986628363	-547.611724184	6.00599634472
-392.90564527	-15.4510643718	1.72557599138
-400.521674416	-84.1628891139	-1.19218573719
-466.292839454	158.392828591	1.62983685004
201.113402398	-574.512551114	-17.7780236506
397.056934118	232.066376554	-2.08039529425
-271.065196404	-472.392822703	3.67065296616
-271.860069433	-537.925321975	-6.09413096709
-521.494790393	126.068249883	17.5926559166
-217.229367482	81.4230032837	-11.0538676452
39.8376758679	-6.27167613632	5.93321301134
615.190668137	-420.001348491	-0.4161088808
291.059688229	631.953109364	2.59698682776
-259.456463026	72.7555392925	-0.589051341337
-490.539148617	-471.950322973	2.05816897033
393.843701338	2.37762989254	2.33245153367
85.6243407712	-515.119915668	-6.03113139108
434.039105843	21.5220987543	4.53379550076
372.355856164	-418.037842928	2.24800358166
-599.127636109	-418.885689996	35.5183048563
560.012093449	-68.1767945206	12.1083215809
-238.070188819	592.594276893	1.30724304795
-593.318005743	168.203850105	29.1993799186
451.147516255	-172.350894721	6.69036011729
150.012868752	64.0774808473	3.32911700509
-104.353516003	-477.259167701	4.52707716686
-303.859572648	-526.344676695	3.73068731197
-346.614668042	87.8221190615	-0.266460831805
152.369679966	174.18999065	9.39615157643
-494.968430852	-518.584576007	-2.84400035011
429.132018836	-259.773706907	-1.58238954496
592.527926623	13.9639041966	-3.43156766929
-251.4808753	-3.41407060858	-1.45387682078
-282.619625028	39.1020995405	0.382128707501
-113.698624244	-507.930789522	0.869475477385
-51.0877509927	21.7523276312	16.9833704943
-130.739050493	-580.861309283	-8.93908309697
-335.621301891	-353.033670746	-7.82773354096
73.0742540631	519.434402382	-11.0665476683
-575.494455139	165.758157617	23.9989843852
458.359389175	590.206784925	1.77831309332
-623.67262647	43.6165107711	5.22389642552
-133.464105033	-417.031024636	-1.33021431915
138.606243899	550.176719758	-2.87312087957
-60.2913074964	-538.881851297	-2.79272281875
-0.845035163457	-183.796163266	3.72698662984
-621.17112438	-529.872045308	9.17050054472
-262.03872876	257.144620696	14.707773806
623.837105954	228.630764271	-13.5113752258
454.769158904	-275.011327235	-0.300367582476
-623.643003282	-492.268205932	27.7461614402
594.770779907	-339.364698982	-1.00314155864
108.271223409	-536.009108309	-15.5347523183
477.478392633	-157.922996578	12.7704369338
-486.704363787	234.039162301	-0.0813646513943
502.396242644	278.409345323	1.77205531351
395.884962567	-141.289678107	10.1864503662
-109.886010706	458.540390193	-20.6668614751
-335.726968604	-7.17879115424	4.54376701674
146.10220666	543.920811877	6.46471232311
257.424576701	366.272466246	0.801328827234
156.770959547	-216.268330026	-4.58022382871
481.786271911	408.347194185	20.6993507482
-538.984590016	76.9897969734	17.4365586939
531.799433169	555.120666746	14.9271602127
-435.783053548	-76.8297002805	11.8613711903
137.459468447	-304.532148834	-1.35535845642
419.78572751	-573.102210159	-6.16604465328
302.954462109	194.881929552	8.61145833821
273.344314972	-619.962890179	-12.6543447918
94.3859961576	455.201674456	-10.7996877237
-55.2433806251	454.496902211	4.20787500517
-328.644082787	204.857788606	7.20331588062
187.053572378	69.6877728668	4.71477776331
482.107026378	-231.887556105	-0.384729406921
30.6263981138	-108.221114516	19.8931526911
-262.611537258	-110.259395398	0.424051511948
-251.869460325	288.904831316	-5.61172555539
298.640231235	458.101629908	1.59717518422
-262.042625029	217.177814924	15.1830334771
409.100797286	501.708347155	-13.2086680423
-27.1119703036	-244.729197812	-5.42634548762
-463.166073905	-379.000837367	-1.52415113783
75.8627431004	-628.839858085	2.1603268051
-494.641372455	-582.114381129	24.8894698349
-541.268942626	387.833241103	8.28221063092
-103.597173406	-26.9193770292	14.6176678845
503.343734873	-256.216970403	-3.81536810542
438.901898685	-316.82051738	18.7602501074
136.680307717	-194.980442611	8.76020874978
50.9387172373	-236.611914936	-7.89815200625
540.347218928	-244.477401419	-21.194691734
293.838284553	-346.840228461	2.11691757669
74.8805041612	234.06590413	-4.34319200507
-193.408396289	-86.3829519599	6.61616881344
144.326911148	-321.501447766	-2.00657936
-178.918939838	499.743389172	-7.00413719364
-26.6528273754	-378.798899895	-0.223631125112
557.186758949	-256.545482682	7.56280989569
-624.896291181	66.6372677242	16.6255612256
43.5150118118	629.183355685	-16.4717223874
-551.617543752	369.55048052	25.5448889321
-40.3165934694	-567.867094436	19.9024927957
-243.510894547	517.058321654	-20.5923381907
-427.626237069	337.827805887	-2.07439097383
-422.865202692	443.48203447	11.3735560875
-388.909274242	55.9184934419	13.4865653156
-556.124962087	168.893618565	-4.41884598951
565.517041674	-64.4992211363	-8.97070270549
-471.583228766	251.192654941	17.4984969266
316.534065708	-30.6921397828	14.5273658374
-147.49653675	-563.881585007	7.15625034924
-343.795555409	167.829859505	5.7143397917
-241.814773047	240.250843444	-0.0300624103803
520.855011098	59.5362568595	21.8353888229
-65.7580774526	-530.191933447	-4.25514555927
77.5964045715	-605.409758541	-11.2149104064
428.586152043	-594.207189356	-5.05925762256
-357.840219831	103.008896477	2.34027958805
501.637902837	582.023164002	4.34660725885
-305.338730645	129.142815514	-6.58485724369
268.995280377	79.2301054723	13.7207302574
-498.118355642	476.637453617	2.57216908136
573.886382639	-261.016010734	-1.1494599008
261.851845215	-289.650197276	12.4060634104
-58.0348020012	602.782015601	6.83956576259
-587.749620884	549.006591558	10.0792168713
-273.123018541	207.035982537	5.38389647433
-469.266154898	-25.4198069589	13.9449705135
285.247208477	429.246084455	1.86844735772
-208.619770583	-589.016241581	-8.79715881232
-432.76891258	-217.68623577	1.61457892502
47.5203018661	-450.679682978	-3.00668484438
467.41872211	-323.049321157	5.40933634442
211.73714871	-344.787180784	-8.94500321434
32.8972244969	286.340834182	-10.4453162008
-36.740734721	-11.4997617087	5.93909534393
-8.22210090122	347.860902889	28.1028755983
596.001543228	-358.358307074	1.86050805581
156.966320855	-25.3415939045	14.0125326475
-376.769983142	-591.73477424	10.0363270996
496.311275371	-277.332271455	10.3967518746
-42.3386668758	264.836092459	14.5776436046
393.397266469	-405.356901638	6.17872744455
166.95358986	612.84329742	2.03925620318
215.987109177	316.775316758	9.00437887608
509.715862035	58.5629977834	-2.6399320636
400.4121551	534.728666205	-20.8618141232
319.676941675	-296.876085131	0.98261109517
92.4941889799	-171.737031874	-7.55143353935
464.056985663	-214.867618836	5.64555903946
-271.492244395	106.694452332	-5.22108816696
371.816791008	-56.7177476735	11.2431475784
490.444832131	21.1279360831	5.60603623688
310.734704855	627.966926054	23.0030628259
-89.8228825255	-408.915602143	20.5150904281
-236.017649517	17.6203710225	6.99292698671
463.373483046	352.751955798	2.6473128499
-113.037331873	352.219068025	9.49685773984
-503.141389842	-11.2940447737	21.1156968353
-79.4065200704	-435.556654751	16.6868849753
-191.694914833	-498.504105662	1.58529242901
-95.8759777786	-613.466899388	7.07995216312
-209.669481691	-295.281100987	15.7907250043
572.04581385	-282.916123063	2.13629323452
196.60187687	-77.5943884996	5.26248234878
-293.564490795	-11.7019164225	0.724737933288
-355.313581918	626.049599702	1.30672418523
397.865182892	-595.852766575	2.16841708892
-253.143976023	209.209283337	-12.3805392876
273.45436558	-618.146925411	-8.41123706568
631.544588323	-436.190330695	-0.640558524745
-256.623088902	-15.2625034215	11.5822289046
609.820456827	-374.374217287	1.36692652781
58.0500492466	265.88345171	-3.3199079721
-231.811412632	-564.068713712	-4.10880131283
272.210014255	-492.385012912	8.29863123734
102.498372944	61.2534410307	-0.755959253119
154.666340484	436.725357345	5.58961590864
-182.1874448	88.7763804714	6.50938144866
500.748866287	-53.6093067596	6.08585956133
364.744917192	-102.180058087	20.9542141487
-264.993874383	570.636040288	6.64097110787
326.735848756	-2.19037807399	-1.80853927992
-305.293167838	435.3131379	2.22285014108
-375.103417032	-601.840116959	-2.45206234589
308.093873672	18.3095092298	-3.86424497906
-491.975361598	20.1428557368	7.58266451631
-438.562756435	436.195602707	7.44959994589
-434.311504011	53.7609773257	-9.56277335991
-5.88782827252	356.409513063	-3.27860900193
-601.880316497	278.145488805	39.2145355851
-363.973952567	-399.233053677	-3.84409733293
-253.409497173	-163.625553158	9.8788347894
-466.254429317	360.673640319	-2.78569906901
352.742122664	-161.104089057	-12.516454759
416.295974242	300.498417454	-4.80235339993
600.136894145	-202.346736932	-26.7105974296
-524.761795895	-285.033226455	2.68857093156
-596.90195055	88.4341007771	6.78893233572
-291.677678955	479.847560727	3.65180443314
-442.778622584	390.155588339	-9.90207935841
526.299669633	-448.580925088	3.29481341078
-51.7971252545	456.993544884	-6.50235097488
-490.25222265	-334.456161535	19.2317513158
11.7912436658	-12.597350922	10.7972471963
-298.925859535	436.4355257	-7.86111885986
-26.0204423357	253.966483665	16.6380419638
-576.316621158	-451.5240129	-2.41048300444
192.772083995	34.3423465382	2.10291843205
214.511977557	619.229943998	11.8551966443
-567.105011604	-624.648402626	28.9138346572
-138.931059668	208.349451978	5.9718141605
58.4241954752	-474.930961303	16.1279114093
119.476903048	103.471154991	16.5521095268
-248.348012066	-526.868231522	-5.05635726157
580.535316111	269.06080947	20.6405105361
-389.304221557	-38.4065866377	8.4121765674
608.945350511	138.605778793	3.09683986379
114.342600112	50.9290310559	9.15409400174
-573.129185201	175.646008834	-3.43233462907
407.442326019	-74.64130496	0.617454882824
593.070272041	26.9782542448	-1.90261208044
-566.3882267	479.880481186	-16.4868920588
-231.725898884	213.107397144	-0.300969077229
-264.342418951	535.752131631	-15.1700657188
65.9915323908	-312.014807465	6.91085083051
-603.771276153	147.220501207	-2.43766159253
-475.568645833	169.30172914	1.91793692258
-431.330844011	-178.118245318	-3.31060640501
-55.2096139526	-571.711172542	12.8869956308
125.335399924	108.036216833	-8.20963601672
-409.950096672	-621.377669269	7.99590298388
-187.510901109	544.004343904	3.29112720569
84.5332677083	538.266890965	-7.17177632424
523.638974288	409.945097976	19.1517516858
504.891173404	357.038812239	-2.51506732012
183.986701785	-151.469937993	1.33105598021
-481.306507802	386.737979318	0.418263773349
491.773170216	253.200198103	7.26965276361
-43.5075533646	-426.466472375	0.059316479104
-557.713398389	470.161820883	-12.3069479496
-601.455076879	-611.221796409	24.7068042383
535.091017403	-56.7599723321	2.2121089786
-42.0759983815	-138.85214509	-19.6206933411
-210.501616681	283.599809036	0.396496318243
-208.264165593	-45.3591846309	-0.633779340546
-55.6840735799	-55.3379315162	27.060027737
256.370863647	289.534523052	2.33506130327
-627.199080309	142.9769691	32.8298513716
-405.488619669	471.176531854	-5.14049675016
132.633514243	-323.993893192	14.8784278896
-180.66136974	-152.270728124	11.6739395181
321.007522016	-490.753645562	-3.36718389837
-168.186563594	567.932057148	-25.3741628699
538.295959128	-220.775382557	-11.0551819621
299.13641847	-282.179561303	3.72460817923
-511.648399778	121.586155423	11.5841530764
131.488652573	-606.836715808	22.7450605816
-60.2674521808	-555.000989625	-9.82162744164
382.678389292	479.467638513	-3.16661636057
-153.867938707	-95.8035047091	4.34166073432
324.468896483	148.733198136	-18.0405426883
123.168703296	-166.991574851	4.27484481318
-264.61127053	-615.921994953	14.77880607
-85.062692291	581.945748398	5.1017248234
174.941321768	-223.802525725	9.12526474685
68.8837587422	-19.7826005501	-5.66367307079
-45.0396157507	-88.8890856702	-9.95120533302
-125.06771483	-336.583574104	2.82614103924
11.326314404	529.922695022	2.8757915464
-164.780445349	-547.730998785	-8.39580898402
-282.020192731	-526.156890726	0.638732557255
108.038027401	386.227662184	1.64542672863
-213.562213141	-27.1871965359	5.38702480958
502.572986623	-8.84822183964	4.9971070668
180.857848138	-306.724619393	-3.3378882847
332.150064536	-376.583433968	3.13407941647
3.07898370001	-55.0971852669	10.2388731277
98.3748495244	319.137858518	16.370744882
399.709694816	-509.858194376	2.51553281088
4.77894881082	526.159152318	-1.15859317339
-272.330604957	-543.72982225	0.956699576573
213.121840837	633.708482745	22.9834734575
-449.800665662	506.819175888	-4.40681411147
-283.413963848	430.92540593	-4.07674986295
552.668921416	-361.597152561	7.68791574691
-286.285952454	-114.917065262	12.5014994811
384.459634181	200.496467241	17.7098174379
-618.273677241	-53.7806781501	5.81438487589
-383.195375127	-293.541495244	-4.25678199274
-379.449196011	515.687442502	17.3338997072
406.032990979	-322.139977985	7.04507237159
-121.616516844	163.043502907	4.20703774089
-430.07685532	520.567667526	12.7258573237
146.93653799	361.709035155	0.692938449157
573.206073407	61.5744380977	18.7858517014
322.562848493	-537.504190549	4.09288780587
-434.852347447	198.795649371	3.22566187285
-43.7749737152	487.243417456	-0.447620837958
526.370215826	-239.86820556	3.28704855084
176.489159159	-319.747631697	-0.917303682222
18.3102832373	437.167030123	-10.0307010825
251.079375	559.876721329	15.9349843803
24.9253342786	-543.555706616	-15.3366587102
-52.4907168273	-186.293343231	3.45671482466
469.78008415	438.596987938	15.3014371941
-511.997767506	-476.053245818	8.74263834586
-367.016673803	-384.783901091	-10.4443190356
-62.2517853456	132.933027105	24.9452612116
-398.478819485	-49.5911768798	7.97289322273
563.459843751	388.695886251	15.4987673101
140.235023876	-274.115492276	2.78262622382
161.270345977	-629.179898808	-17.0424361063
272.223862253	1.57723896636	-1.88679411545
314.871820128	-579.293479062	-1.9810861344
446.359561752	223.3750823	-4.82447421648
-338.897956422	631.139285753	10.8645576817
-500.992446524	182.378873444	17.6650974187
-59.1883461692	-179.8495204	-3.1873257557
155.327850008	-163.146390461	-6.89156010462
-337.847843039	32.8282203734	4.75763910501
298.738233726	149.598709952	6.79536658222
525.875483338	-289.026879295	13.8848220676
-542.759502814	-125.598026555	11.6613743194
-470.568864067	-268.282569215	7.06166240127
296.40374607	-27.3064489649	7.6442330737
-483.279382616	-242.098807088	3.13059654681
-614.892956948	-159.099813629	-7.59039961456
-311.108847824	537.543103151	-5.03895805536
4.61695765237	605.517383127	5.57058141617
-367.843246752	-159.661261496	-9.89937467282
-197.896693381	93.3310518129	-4.57824001039
418.848045707	-84.8370829117	-4.76670463828
-350.508624159	-476.633491947	12.3589954407
320.117376688	-605.587880862	-21.3150561346
-492.259301342	-525.734746712	15.1829305169
584.026807745	203.305147622	1.10919648573
-262.275041235	-493.767315149	-2.65495579621
-119.30648923	14.6984373222	15.8055226423
-61.4986956632	265.696677071	-11.3623270933
-153.504873245	477.642796287	13.6481928255
605.359987905	350.992391388	-2.50208915321
-49.3959886998	417.3217295	-10.5196348682
-617.874650973	210.908565689	40.8632390541
-15.4290742952	456.096522025	4.67813306276
293.926270295	-534.067791701	-8.93901430149
-147.696430814	-497.84933065	2.70144692963
63.7587040039	-549.425150857	-8.39764716528
-418.877458377	-564.427682349	6.64217831727
318.26549578	425.299822083	4.48735950613
498.916894943	94.2978109343	-3.36979563941
-148.485774083	557.399007507	-2.23382152116
-547.831038354	411.545113401	18.5354649023
-208.314627644	135.36677976	1.90468190087
52.5999698087	520.712984282	4.90968293362
220.27556158	228.442766499	4.54002262198
326.333382818	286.759212761	-8.65918905858
174.206783768	-441.562714498	-2.37597575833
357.404731953	-481.842112255	5.53902911863
-516.186843265	251.828135733	-9.52395084714
366.469215964	491.548195827	2.90479534258
-186.5931304	67.5828949826	-3.00813500163
200.532841376	-104.732385338	2.52062606327
-162.676289813	-619.891989499	19.1469740299
12.1090418431	-438.20014858	9.83346246323
-546.331042221	-52.7026493608	-6.39459490123
-455.508587002	-489.251469574	-2.43197041202
-394.153627131	-63.8834822523	-6.48744317531
-237.075916514	549.386845756	15.9742877412
-61.99589005	-221.678377688	16.623958699
476.523115065	-597.591496875	11.9738859126
-556.502890373	-309.456898146	0.639590854347
-325.159162021	214.355667481	8.15736627058
519.647431698	363.759002794	2.57306289791
-450.291066621	135.012088296	10.8426711077
-274.409093222	-93.4740332531	11.054688511
-396.159677297	-530.861184184	-6.08622707217
516.386503699	557.080604038	2.65053041884
-200.271517939	64.4175312232	5.22378347634
396.616955647	409.973122016	2.65074921118
152.101956992	502.026166731	1.92466513086
367.730949927	270.127210684	1.74469725946
-587.14471178	545.498034094	-25.6724878101
574.832182075	170.14970573	7.22110182871
485.750071986	-463.295018191	14.1272088377
101.864312136	-625.461741519	5.13210446062
204.932312068	-64.9111170181	6.01483471385
-220.343857125	-214.856185989	-1.23775748962
159.285072746	-272.598366367	0.802858322746
-311.697063893	-55.8918838626	6.22205153523
-607.847911687	226.369297046	38.3744498042
-130.475285115	47.47180329	-0.575034432355
-108.861253382	183.974650894	-2.39424386513
384.075835396	53.3108128503	-3.02725444421
68.9285488386	341.868904792	-12.5696001946
49.2495446577	-353.70504676	-2.48672306501
232.142858914	-237.850337383	21.0829950619
-505.349179526	-560.052636122	18.6693340654
-517.879776068	356.042603185	4.81404090026
182.819306671	-233.914055542	3.23437528575
-548.35777402	-499.869651149	4.2396085428
-436.410290444	-390.099975164	5.26528827562
559.630138898	423.856554227	10.5382951437
47.5937423961	-350.802985324	9.1129938537
509.414455069	628.543033992	2.54826988011
-323.23774991	39.8925859097	1.28363246302
-197.55412225	79.8684074687	-11.9054418656
-626.786680892	-535.979651216	-3.5488197022
-572.686540416	172.162002426	22.6290129396
48.1419193235	499.956566888	-3.02860633234
326.449121209	114.413993652	10.6630034831
341.027199886	11.0624489885	-4.98821357844
-357.483237546	287.12956279	8.42024839994
109.395368747	333.628683902	1.83673234677
-131.591890822	-234.666702906	8.36911980392
192.82123475	-476.190806585	-3.50590671647
-83.2880984541	157.776717938	5.87827789112
57.8896608461	-604.553601274	-4.56516480473
-345.977539263	-149.044264673	-14.1921523328
127.12203713	418.104025391	0.0307619053748
276.0963084	-46.0631422233	1.65392952255
-394.484612684	95.3044267572	-3.5537603457
486.627851654	-94.696250054	14.862140316
-252.236366796	-575.220507758	6.73934363372
-163.071470706	489.748659289	25.8741213879
143.285518982	64.7147677438	7.30380996109
462.857156408	478.895324784	-10.3230643561
9.91342796018	-602.517557457	3.73040537337
-301.942270181	-304.204149502	5.67204508511
267.757559659	484.014442449	3.62167709688
-586.963244463	-592.881286505	17.8579020954
547.132065574	-440.403156573	13.3954427701
182.209473749	22.2221198114	5.68296369863
129.769303852	-376.365164176	1.7050359037
-560.97319326	-192.885944239	-0.0041420116037
205.52384709	374.99070895	-4.05217076638
-270.360500674	-8.99904841889	0.687751883754
575.766512821	626.721792146	2.79582411252
-507.398264754	-118.687404227	-0.234359528607
311.63024184	455.797384111	-19.7061019845
488.646788472	520.84840804	3.29903761242
279.685565447	-535.966461598	-10.998737386
552.261838141	-105.636646693	0.629167692792
127.911125231	76.1424000689	13.3311160935
-149.029497851	-478.218524801	6.43125060458
211.234126808	-610.297935679	14.1886535271
428.401276104	549.270799946	1.88317257319
-516.05873473	-143.282413344	3.64856378644
267.350795424	-54.0152202901	12.436130511
-149.828819741	582.526557231	-11.8743402705
-413.103652655	-431.917123213	-9.05218360662
-241.613947369	299.258328668	3.51307204629
-476.735818638	311.158709458	10.0802101819
542.054889473	-417.035089043	1.78340304961
-111.490185275	7.27442571798	-6.0889056891
-302.664994158	-60.0956608362	3.64815722955
450.101092175	197.786858094	1.42723612393
-344.273758484	-416.300985747	0.699413148987
513.392518854	-526.18526471	-4.67477029303
132.02550317	-53.0717320544	26.2157889894
317.478064575	-477.46435328	-2.24602480638
-134.248488869	-491.233812428	6.00907152823
492.751872031	-361.927702248	-4.41509758943
-579.829574048	551.409866347	13.844468241
228.574367707	425.741019718	-9.43114073194
-233.002708033	-526.23828478	7.51633830491
31.2164812538	35.2128718904	1.9060339033
-509.899345192	580.649374376	13.3254579133
-41.80926704	-36.6080952975	3.77162583986
-185.577794797	231.008653955	21.6698517084
-350.33971358	535.884184984	10.9451540329
-420.529789644	-204.208194108	8.46763245858
-109.106183978	189.87412937	-3.70340302528
-461.31113373	-263.563204524	1.95736459905
-599.057493036	368.831291441	30.1283736764
-351.715553658	129.022448534	-0.85870037232
-334.22233061	-366.826950863	3.34297970791
-455.912001947	539.525320943	11.8077220288
35.4521516888	-73.1622397938	13.2038794762
82.0296602984	-619.629493658	-13.6298567892
-160.770503944	-39.7061955094	-0.0563086808306
-92.1268871865	259.75452408	15.1985281804
448.064291883	186.841146937	25.1742207989
22.6413314577	181.626343496	11.5962978322
384.286613047	-380.142281763	-1.74982403511
69.030714992	-161.97201466	-0.992097828435
242.513809192	55.1711060671	-0.389961558142
-587.843339101	-388.111892821	7.88568801157
-236.487572076	-540.360128236	0.989108857809
486.15624154	-210.558518679	21.3629877829
615.991760659	430.630785373	2.36611470117
422.323140354	65.2121715705	11.1110331922
-241.098190215	378.795459588	6.86247119523
-569.931041488	-178.270775304	-13.8388777719
76.5716529116	604.066479761	-3.09570691542
-413.532138121	329.697838941	0.417976054584
416.860656192	242.169143021	1.12434981109
-425.734791243	524.027611304	15.3709609712
-396.148369466	285.874668408	6.67297619307
452.437396433	-564.921069185	-3.30726147225
-474.773657301	-21.3755944067	2.09482733404
223.185285521	408.211727145	1.54491684811
173.125296102	-472.704346994	9.48215345444
-474.923218111	-282.582638974	-2.18266696543
484.691391902	-234.663276442	-0.583773918399
-535.47517528	526.087199931	1.58683562243
-9.37818103068	542.759110967	-2.57193288813
157.394442927	494.887726617	-1.53351283152
-277.825010332	-476.077822554	-0.666966718997
-408.780104703	632.826854673	3.67862245754
263.400327811	-389.536240732	-1.45275019108
396.988987928	-453.407556912	0.712340677033
192.88647712	499.797970514	0.269573848321
477.960876567	182.695648037	-6.65383518853
148.474928406	221.095776796	3.89857400261
5.83961986745	-166.475620944	3.79200728095
-219.827215507	-210.611058809	0.377097267413
486.016674951	625.241696029	-1.13752966687
607.942192974	41.4084110478	27.3019835233
433.907764942	102.892378927	11.7408457507
184.542340447	-42.1707978499	13.4746422615
86.2224303321	221.671494253	16.1688746253
-359.884362662	210.181780305	7.34784502787
-527.896478852	-102.020129424	-2.75345082362
365.224529033	116.846960649	3.24714470164
-497.465156538	271.208561955	-3.94910572477
633.567170926	-345.336152513	8.80773375728
291.674838636	-607.291535661	-1.98890930715
175.620152111	-341.280581843	-2.50548707783
86.7611323557	372.740418115	-2.92664044942
-342.282872428	-385.779391452	2.21785798483
-130.9736043	-516.303100745	7.67095767257
357.301366121	-227.475050732	7.83514391906
409.39182853	-41.1374033963	-3.7158579492
249.432747316	-601.821498029	-15.778125327
406.352469568	-553.30450575	-8.61437549647
-407.455192206	147.06980398	6.23842991618
-253.481494875	-554.750298747	3.09206739024
-502.547424707	-565.277521618	14.9034876407
314.976279915	-576.374577429	-25.9160405249
-469.885130207	-373.627051914	1.70874172241
415.6854306	-368.226414945	13.9179978782
249.662150925	-87.9037059801	-0.854743988018
154.178925055	-365.993745389	8.06228509449
-532.092152164	-259.883838852	11.3420257245
-237.798160553	629.644750192	0.922468101923
469.709119576	-88.6202496101	10.7418843957
142.351518822	277.878011601	18.1193138458
94.5625491567	-371.158792673	-2.78107016268
242.396116238	36.8610569255	-0.0330769259932
625.213928019	282.605708453	13.076267085
-576.860752942	-196.640043347	21.0710894656
-571.446781466	166.935286984	33.8120500902
152.497407185	-154.6895715	0.912694013806
-430.187899538	-39.8217973879	-0.752781912377
-511.071138334	-187.886276611	9.65686440893
311.396927391	558.611588476	13.474341235
-50.7218747018	-325.939802849	7.56849661234
-153.509946078	631.240386729	8.85333422908
-590.383244711	169.04839714	27.0475394961
-545.095341236	149.621976149	24.2456041636
-415.151747859	-159.93900553	4.5674570567
-362.01833888	-157.23917681	5.85256586838
83.3897358386	267.328076287	18.3451140673
-469.305380073	-482.746074179	5.02090550059
-4.99028489364	521.580431036	-3.41406466957
120.527638388	493.930731427	11.0396279171
127.234984586	83.800318877	-6.26154465099
-380.206171326	62.4044683117	11.5475682946
-280.427708235	388.762524842	2.23473999767
-621.4310079	-362.4110714	12.0619591406
13.0781746685	84.1317631317	23.6901105928
-549.438912881	241.103071523	22.0003394956
-501.308219811	113.046546507	16.1181328312
476.166496893	200.593025054	1.36659410377
279.99488203	-263.397495691	2.66386961305
536.003920894	404.221853392	23.4371440524
111.705160134	-497.56606529	-15.8726766752
204.304472263	-123.562306845	2.85143979524
-511.838607664	400.082077921	-16.2239197774
520.510058325	-169.931954158	25.2269628076
-580.910928368	-434.945061475	-9.78378887893
-354.496029111	328.034773475	0.558580651955
-286.330192053	-98.4909375032	-1.97900827028
275.798241106	593.469919146	3.55777007411
426.663757543	-564.059660261	4.78241178291
471.732444899	-390.474680418	7.05562272754
-404.051991101	-143.044821897	3.77507306803
130.321749601	397.934551005	2.95656606253
-257.750150996	526.98105898	6.47113636267
-420.92759503	-208.596991807	-8.68161887245
-385.566169529	-482.491468775	-4.68685330558
-122.391239515	150.136907967	-6.61128565531
-202.831714979	-336.993878242	4.08463663451
470.491030814	451.947669845	3.44122547955
-41.3874947095	-210.650132271	5.88270781418
-281.635107075	242.587007449	-0.804172064407
-532.04461652	-151.537547305	1.54034541609
-352.383714464	54.9678678753	7.38044652133
-437.292891125	-387.680550349	6.007341247
-454.21668516	133.732704301	-1.3306456686
-150.289383681	59.9599506977	-12.7584666485
12.2095669295	616.485671353	1.15907624336
-492.153517154	-432.175585558	-4.54942302874
-584.451700162	97.6431756945	4.79193627176
-391.892754085	-143.413426941	7.16890008131
-464.862719529	611.738343872	-7.69800395819
-434.517664704	573.456795083	-2.46423750222
-173.295002159	544.818057901	-20.4401927804
-573.198016102	3.1792381119	9.19981464844
-389.732977349	-559.44736807	-10.7402920004
-37.6100160858	326.270644274	9.32296878939
-423.589592311	626.647937658	3.41846345116
-251.488576831	-292.543363455	-1.84595700994
-632.660242788	-271.098400143	-12.5842674205
134.017596463	-413.89813643	5.41565693765
420.724957589	-49.4009562563	-2.51473035452
-268.321153752	302.268360532	5.27157600392
18.5363116978	240.170875834	-18.7705574386
572.179737196	-553.285130836	-5.37053092612
-140.76166939	300.074311131	14.9801918879
-391.266034667	-522.891411606	-1.57556109924
-149.378652946	140.537478816	7.70988432705
-485.713843765	65.0209891569	9.27174345034
47.9136140867	41.8549003865	-13.1038271419
-478.5238591	538.792100711	-10.1838997701
-159.830099865	229.742949602	15.1462586336
-99.9990946681	-633.027776088	20.2776868043
223.823952505	-78.0225594295	-3.74019137287
-266.499683982	542.790878611	-9.93146910854
586.331410078	-166.404366147	-28.3988720826
380.08246384	-201.889904675	-2.39873367263
-501.189261652	188.407772033	-0.550388651093
-185.103793173	627.850224353	6.18265684937
-399.344708901	162.387889346	0.927572969297
-132.740741788	169.204725903	-5.87940537652
43.0139396606	274.461673022	-2.94425770799
510.708343718	89.6306457118	12.4204103163
455.725365461	562.737834749	-0.202608483339
-444.763001722	18.0481779132	0.776640212762
-364.894697734	154.879355971	11.6996373731
507.17227265	35.942962979	15.2340584781
569.451913642	202.192258006	6.09665741951
484.445392125	-123.356805196	-0.436670595988
-631.309844453	-611.763877286	7.55015939596
-455.38062775	439.335661522	-6.91750966515
-77.4662762347	566.569036365	-8.60452059921
72.9845850113	118.42841083	10.3532681452
492.274148859	-252.648364797	5.41241554361
177.6689512	32.2756639056	4.95163928649
-335.924058066	-547.555988977	-2.4926994297
585.84364109	-428.099064908	1.20009620675
440.868139614	408.343062766	2.79802350259
-177.361362582	-4.37284454041	5.27124212446
573.344533524	8.12013049244	-8.55178946252
-634.262896618	-482.597560568	12.4231778039
-110.853762073	-479.156044626	5.35533543603
-175.378881855	445.454445707	-3.71043497833
-238.156579593	354.161951791	11.2915905484
-462.049137659	205.210534499	9.04215676756
628.075876911	263.580755479	10.6173782186
19.2143922832	-457.880173151	-17.8951442491
-517.038135794	541.301784277	-11.8910106315
66.2785745727	-575.201632704	-3.51583896401
313.315557046	549.57010134	-6.96499642005
-542.624755341	255.783446565	13.5867299221
-160.613868276	309.168647705	19.6862528226
572.213483588	-311.788836244	8.01265623669
378.808193147	632.651651491	11.9537228039
-205.784966082	421.670235792	6.38945384103
-456.345364623	-82.1841358297	0.0713601297023
580.849533486	-194.653263753	-18.4974407648
194.707756115	223.447119271	-0.704502673294
256.784693408	-78.1354864575	0.419984625285
-48.6679113415	254.300642871	11.6239505165
117.478371164	-352.298727379	-3.88364731153
341.941650754	-302.706711504	4.27224751293
458.216600276	368.901012529	10.559547483
362.350200019	-495.187333439	9.70738175403
-521.960927372	290.035751319	-0.308446953002
515.078180733	-597.330494568	-9.87167641443
-382.418677964	147.475095522	11.4239922255
582.238255572	-121.028489995	23.0258158387
319.575017716	-256.517452304	0.312849925229
-71.6560303076	-376.068402955	-3.89436234876
469.434067707	-478.769627548	8.67035258413
-540.342013526	102.005847867	13.8565159798
-249.49306114	-361.614942825	-26.1336122913
555.613582491	36.8673984796	0.208858344291
-252.828262079	557.032701634	11.9050849082
-273.665569082	201.951828635	1.29376752458
-213.288824947	276.942848737	0.847198666277
350.463038815	-75.4609072747	-4.76110117812
553.53151647	353.323008249	3.2175584791
-336.090696343	169.015744447	-7.78028877201
-161.643831961	-375.841564441	4.60623313301
-327.938324519	-463.655952769	10.5295735342
400.425193542	333.428764915	7.75412523598
271.564329353	-287.604712526	3.22958621551
173.614901092	130.996809383	-0.772892163922
583.50528416	-145.437959055	-11.3605021075
534.419037822	215.401670841	9.29412529289
116.114117861	-334.985197624	-0.219803292435
-542.269180291	-206.886993099	-3.26916499985
193.184292562	438.868677694	-0.64850540186
278.317251061	-20.7142424896	16.0770980704
577.154549513	19.7541288863	-5.91741305284
-491.930445568	-536.775182898	17.918626474
-140.020036937	-620.229892258	34.9215662992
447.716785436	-198.593069611	-6.16010801492
-192.744999148	109.515301775	-9.14363250992
480.848699559	-612.968334274	-1.42559412708
-151.084444754	-382.470953638	1.53820887904
559.831195179	-288.200476358	9.59756832657
-368.627678409	-584.368828916	3.72025847308
-423.752818442	573.800939457	12.2712149656
-579.994390942	453.797230638	-21.6364853225
89.8828495336	-319.644465358	3.36241662435
-376.345824157	0.94413995943	6.53862839533
554.497065614	39.9955006325	14.5068652125
-480.873230179	87.2745345378	11.1339226655
-263.767845473	-241.258698362	9.23043664819
96.4515624088	164.421818045	1.28808230941
63.8840596087	-287.887243821	-1.49717523151
-610.204053609	248.9264318	37.396682122
-143.953664011	-526.460484866	2.40271396613
-135.24800442	-270.069765354	10.5040978354
9.98528799971	-357.342730985	1.54289828336
-405.313090147	341.624381059	1.69435767678
290.677204676	283.871488452	-11.7191283313
479.746916212	-293.272851187	2.58797198438
192.784187225	588.452531278	8.20552074591
-497.035770649	-608.785218109	17.5279840057
-260.594071012	361.044266783	-5.09733545905
-518.811048547	363.528035795	23.5496901241
39.5921596321	558.796972779	5.53214075655
-70.7799817051	239.424157537	-20.6882105371
392.805957255	-27.4730601862	1.9002707672
-42.4699576068	-367.267408535	-3.6751823197
558.772675748	364.862403943	7.62752797252
584.942630378	230.53127059	4.38353790988
372.052226348	-286.829324558	-0.567887560997
-528.042371238	-229.154405081	0.528493967691
-521.178767375	342.879195857	0.285843590025
170.419075983	-352.38221403	-1.44355404638
-196.901868607	-548.542909023	-4.28733769484
-455.001000052	29.3876557267	-1.37150050081
447.431494512	137.987675239	14.8692506776
-37.1824900071	-590.970330912	-0.5850060488
-13.3048498707	-142.767527939	5.11384232392
-448.436619887	-269.730822208	2.74102566912
-413.850739042	267.91397758	8.38098463146
359.145823664	69.5048458167	-2.42677881752
-257.770782632	429.034645218	-4.01115330947
367.707158676	472.561056922	14.9561514567
594.319116931	358.39104396	-4.73693338445
-62.9919344991	190.88488859	0.089483474852
561.357164234	226.08465418	3.12264219006
34.0914223402	232.566644901	-5.49779818882
585.679899407	104.14267594	20.5826062046
-518.980528228	27.6587119166	14.3332953565
-89.0785643844	-575.22540736	-7.58839962883
-446.097113594	-83.5017702148	16.3308357716
181.337927276	-263.322156262	4.82149246851
295.522839737	-107.954710894	6.56264728286
-59.6358133471	-206.182231093	-9.7754738673
-219.960070959	522.98954332	-18.2752734961
37.499684502	540.431280146	-5.34802959454
-155.994140396	-451.49514884	-2.83173008687
97.9056745496	353.041390017	3.40835159515
-473.519058499	-393.425760551	1.20436843668
-567.469237215	585.944874343	6.22539344262
-114.104952787	-261.349564512	15.8776281038
-71.0110709475	-518.561081213	7.68825465273
309.053911188	-373.726569934	2.74418370478
-595.804671164	309.67638131	38.5885096089
-443.552051013	-564.392902259	5.27898852899
468.924365778	216.547178029	-8.15959601515
-538.200175122	149.638211287	1.95094202594
430.359940387	47.263133531	6.98681517806
-303.270649742	526.962801389	12.4144367474
-191.031040623	3.73713139423	3.63501880229
238.029113494	385.762748464	-10.4162570976
216.00974181	-196.469139892	15.925663212
504.795637326	-210.045059264	-13.7633168439
515.741981619	187.701017108	20.2312619355
-551.753429073	-406.470809854	-11.3526070275
199.141535864	8.60154977768	0.242100328762
-7.74527301372	-127.483555175	6.99749918635
302.508925246	255.136908187	-20.2602748308
-47.7176304995	163.425063957	24.2032125784
287.230897783	620.707189291	3.16593113933
-449.323329355	182.159682337	10.0878683207
-345.107734173	529.937829876	-4.81811230292
472.986273989	279.901134476	9.65049097564
-389.105396781	428.797571288	3.54463299057
-564.739506919	-430.906261297	5.21945692428
-509.042102449	597.592814582	-6.4646717113
523.075198006	618.599641048	15.5601407632
-579.070788197	568.356335991	-17.5257364536
-410.494125713	-472.188245177	-4.25256603605
76.2729602176	394.064808428	0.44061043355
-413.364274967	-87.7068908621	5.47590023211
315.263767601	144.154606663	26.4417524611
434.678588481	435.427077657	6.25265037989
381.046615616	-35.3340675428	11.9542603129
-521.783160588	23.4743223703	0.489466675301
-513.144267223	-492.995507043	8.5968436311
-86.4028745091	29.1270096962	-6.61075728055
-407.62923896	378.780747033	-7.67047623353
113.482105695	-624.742447338	14.7456473525
-152.508278091	-183.265095852	1.20913829858
-166.295929138	-291.34782508	2.94575804483
-289.181629574	106.680303424	4.36359485543
456.408280426	480.018441217	0.77707138165
517.929624895	532.205332906	3.50653580446
-6.42501544564	-35.0714317674	-7.17942383646
-139.863940883	-472.777029191	1.01297118019
-161.250799287	-527.376653995	3.52922141308
-50.684376219	135.118570778	11.2637324655
-86.1822599223	411.136188866	4.02512781753
613.900951245	-488.787812305	5.00221998942
292.814321405	500.095873625	-4.61945828788
-374.767522043	-591.206476243	14.1499505096
271.161097023	-90.9853704662	9.43516953433
-296.924742473	-28.4893759263	5.93707490683
462.015441771	-256.52219046	-2.97906321073
-61.5761695375	284.138352434	1.78934129043
630.296911876	280.663860107	18.5381221053
8.74483854781	-296.908350046	2.98970634405
368.097952502	470.3951486	11.071644993
-337.967013759	-616.130825469	-15.154753778
-55.7514916673	-326.104599807	8.2196859704
-185.486995211	100.958942379	4.20779039899
256.811158373	-270.631534451	-4.3874215774
324.858757486	-15.5359351464	13.9932087413
-475.234460402	270.111052485	2.20655137016
-135.267225195	131.318640666	7.10062629104
212.74550762	547.998144163	12.5718904249
624.844162742	368.226436033	-0.0365437963874
-580.972015501	114.714825179	3.44845036328
588.707977112	470.823361168	2.53605600207
243.29256204	-160.757025123	-4.62065669658
27.9683269602	434.151180678	-6.41915236206
534.712172626	-255.377905904	-12.0204582788
-473.559895425	273.831613373	0.467519741329
433.881947783	-55.1698162654	-0.34333740871
299.717283426	-454.197058814	0.224297918173
394.452650733	567.722084035	-17.6967007791
466.582161725	221.926485656	5.20669151801
256.452644213	-617.349502769	-18.3102303958
