399.307084689	315.427672682	1.65287178457
-273.547132886	6.71648410965	2.71636161926
106.550644432	-197.754568301	10.8015216394
205.917885711	141.934141509	3.60409427871
-388.936814483	-376.322323655	1.70555413413
69.618273655	-154.060043858	10.1535274744
-358.602206696	-59.8249612591	1.4759147586
-278.450624892	247.27516778	12.0502880871
-257.981155088	-26.5298964917	11.5380966905
377.797735147	-149.107960956	30.3106756502
-75.4143895747	-365.131117064	-17.7596535207
-201.079431341	-324.384528239	-0.00150746497557
104.517157775	116.7473036	-5.87035802984
-91.4062562366	144.491943674	15.5258324007
-29.0975188353	-291.669247833	-11.790374291
-60.2448763494	246.536196757	-1.29421678995
-316.810878011	190.330523192	8.26687063529
16.882678504	-198.401959579	5.16345233694
296.837386804	111.310626252	22.0179113004
294.801873686	-330.635160762	-12.1487892328
209.204770985	-159.429473556	-5.21049197198
240.891846292	-70.1619381299	-3.09519250744
135.537044613	-46.6903795932	5.25265050726
36.7320951721	-76.68325076	-10.834316212
-105.384095897	-337.96705644	-10.7894103888
-70.935811213	314.40545159	1.64631018118
148.070813216	386.685240858	4.19624218635
393.652078783	287.286872831	-5.74934461148
340.304900549	329.985599785	-8.91937418715
-392.808593218	264.107162448	8.33374689365
60.6096797664	-6.83604106294	5.67057765365
137.568870695	265.095643384	0.192587830421
-263.855098651	2.50163158392	-2.83709978051
-172.892958555	-82.9879464807	7.05091409395
-394.791336378	233.732221384	2.4012834469
-19.7975334761	-15.1884419315	3.88758425844
-19.5478369324	-54.8726271247	-0.00837711269808
-29.1099016197	338.237574519	2.8557954349
192.232571397	-381.900338112	-17.4292384779
376.834157444	361.878346808	3.64919201538
-177.349035204	-173.690444113	0.701243296034
-258.42105209	167.296177846	-7.42436900645
39.8763135412	-237.892698578	27.2079527579
-62.9316712336	275.723492798	7.37264450386
161.914409815	-119.81189966	7.06371465674
157.71551534	-178.889104948	16.399186382
135.119241483	201.694412755	-1.25839858025
161.156844487	-218.938059118	-0.111979679566
217.045923932	-49.848021797	0.978517301571
-180.14230188	44.476065517	1.92978880897
10.62252492	27.7467841071	5.82442590803
144.083749125	-76.8036888934	-0.233181305048
-172.233993098	-31.7753629731	6.05481078939
-283.684852901	-327.094107239	-1.3957571796
-79.06970733	-369.853186623	-32.5833928708
-290.644421085	-154.890881464	2.76231251789
291.407581041	-187.534570118	4.39363305383
67.1140801958	-114.056342336	24.8880148924
387.691894597	6.53496462762	13.5529245349
367.868114302	-268.74179848	-14.8622986557
-214.407422014	-197.278140183	2.34575572629
206.031970464	-53.003805985	7.85307256802
-118.451671488	82.1834558408	10.4837477297
-318.319605076	-208.635937643	1.38277345291
-104.899458425	18.309655714	-9.28715496115
-178.421018462	56.3055816387	7.49611225308
-329.612179788	284.040477381	3.88542003174
42.0045909104	223.461854886	-7.49471281247
-381.811086708	328.164983086	-9.04025211198
-113.026204428	124.471814007	7.89400257494
-208.678279221	212.896181341	-8.48616955052
2.59943113161	-17.5465188573	1.17392851025
86.0855402886	-310.596168146	13.4885534747
-115.764823716	162.708593601	4.38509178198
255.398813026	290.841210807	-1.30861376501
-348.366167404	98.8058855162	6.2041097584
-240.061937339	256.593140209	0.745453947381
88.6071509305	-277.80950712	6.60547947301
227.623384811	-8.06850792798	9.97551442304
-354.782122349	100.12506624	5.22432016059
-285.177736255	-148.196536898	0.205190349734
-220.325952896	-220.945627593	-1.26132787454
-154.994529877	10.1684657048	0.880427899001
87.6311308928	336.326521526	7.98799121895
-109.328319694	-232.979491862	-18.6624604013
-10.6428492245	-231.472032568	-10.4985880018
103.189164626	299.520044996	3.87277819126
-230.121195973	-207.37202638	2.7294062077
-369.487379008	-369.923476769	-2.20718007921
391.218843987	-393.65431249	-11.9686327245
-94.1237446818	183.12527514	-2.12750485056
-253.864805803	274.147823941	13.9757394315
-320.224852628	182.08075221	5.71278941969
-16.289087901	-232.427543067	3.4281672848
-2.2083258441	332.821761625	0.0211005416485
344.015751944	-204.303252866	7.30487214197
17.986144932	-310.107964177	-29.4005976245
-245.596039446	252.545885304	4.34450356982
-390.531105914	-318.03002539	8.31493428963
275.658760788	-173.890317397	20.2142432797
106.736596896	-94.0633528947	-5.28346962854
293.20591457	-162.478983959	22.6201311866
-89.3601043136	-146.616555161	3.53941960591
-370.71188841	-244.781476197	5.20424522205
-241.518331013	-10.7393867351	-8.13405593259
-30.2793546963	-111.874785057	-9.59329985454
-342.494266459	-182.713454263	12.0131895064
-170.248817369	152.209043053	-0.863054018613
-104.908485366	-388.378407965	-29.3633419403
123.091035054	128.676842533	12.5631323908
143.612061833	312.200262942	11.8107986063
282.337103824	-60.9356695212	12.9203451121
309.964188649	-307.02589122	-4.49528142499
-193.142048737	293.01708595	-2.77639051647
51.526468629	6.32749875252	2.086029232
-12.3776403441	202.708307537	-13.8602902204
56.6793094652	126.905304668	10.3784697347
-15.2719539977	12.9425464546	15.7420156814
-38.667942558	-36.7443066565	14.7218584162
27.3041963733	-118.48712319	-0.508805479215
5.2512138424	-274.181432975	-1.04501339344
0.377349450502	-321.860344188	-0.567198912465
-356.410925382	-168.214609493	-9.57824412806
217.83037833	-286.919152531	-5.64532477003
-122.640735106	190.274107321	9.79984893443
-305.148281073	-214.829812376	-1.22598623803
258.106726227	398.86096674	-24.1310065859
-232.078138684	229.757054096	-20.3349530191
10.3005018086	120.581468585	4.50229301237
87.0622625913	150.62400015	-1.40477349878
396.768337995	270.431655595	-5.67205469306
-56.9875785196	112.380534242	10.603285708
164.522466946	374.658731567	5.24580101732
-345.67489413	-44.2752078778	1.49524359842
-253.843024262	22.2562324133	-0.77072262047
71.9208824162	-83.4569015335	-0.662826947187
170.098582063	252.074141131	0.727773951793
-36.9037588849	390.05097849	12.7252487082
-23.4580306699	-217.147146682	-5.044456946
385.942960048	312.119649204	-9.61807054583
-74.2607757288	5.50287317526	-9.99812373183
-331.974446827	-396.476983124	4.58475174481
-230.365262023	-35.3037467792	-6.16578722913
392.880541067	-61.6130408327	-1.36099345446
108.317545767	40.0255877252	5.63835168385
-205.818002419	162.95848205	-5.10518911884
-270.44409079	256.292706973	8.05330136616
391.416936257	107.4771987	11.7155916266
-127.252485734	92.1499419903	8.58922434775
-163.007635688	-184.547308282	4.0980759377
58.0287222951	-193.450599032	-13.203984645
44.2949054546	36.6695538401	12.2703157848
179.095997641	337.859071942	4.36914130236
98.5345640346	148.241841765	7.09063723257
118.888341821	-355.354253845	-8.58333050049
6.422121697	-135.931645914	-19.9685342534
248.197490024	-2.02138891014	15.0413665695
-200.797590766	179.404763085	4.16088607496
-53.746877997	187.842653398	9.39731691648
24.5365164766	40.9534766718	15.0992095075
-239.742664763	285.454509667	-4.71808764134
379.225245982	-299.470316792	19.5320084159
203.745338325	238.717376291	1.0614757693
-34.4426663962	-381.19924431	-34.4466122135
19.9481816434	116.570256276	1.65428491584
-394.605826139	289.705856433	15.3773898385
35.2110541031	216.893116194	6.18961767567
-18.1144002879	-274.955703442	-19.5046189274
321.57940273	-305.803602951	2.92629423488
6.43149372594	127.154705427	5.09297257172
361.528543072	48.7103596885	6.19733673001
5.17244022138	114.641601801	16.8852544078
-373.842984938	188.337933181	0.171310805132
70.3635431073	-101.590479329	12.6023742248
-202.433378927	75.6142425371	3.75951072797
131.179335484	-20.0809401333	-6.09774344459
55.5179067561	-21.6923914618	8.68116370452
352.347728128	-352.434143559	7.61524796151
-171.875496462	365.655647465	-18.8411219257
168.862839309	-167.397546825	0.814486365091
-289.945107437	-98.9929794194	10.8665818129
296.892826527	362.626884358	-9.25040606732
136.930348229	-306.80590243	7.93519253819
-136.08710711	39.1978706427	3.58640032379
-167.450501925	-135.823242903	6.26424932643
-273.096268979	-310.511579774	-1.23467745844
-66.6706572562	-186.362359765	-14.9922138694
-44.549814938	-24.7111794117	8.56594098138
345.129933972	321.198897565	14.366865288
101.736745619	355.776460191	2.88501275829
54.8178844453	226.370337007	5.72264256033
88.1386060364	-247.946506344	4.14206877496
-154.795462736	200.695540784	-9.71027186564
94.7775825815	62.9665902134	-0.967800088545
83.6411237306	126.622803789	-10.05084191
239.199888347	-167.388632542	18.2337892236
-23.736614839	129.149838995	-2.36038601819
110.991828946	210.616695903	4.57893834234
-334.557250212	-83.0975059379	-1.3344242211
363.591272398	134.91080964	14.7440267709
237.018446988	-2.82741976811	-4.93314433961
255.619586027	-357.968929334	-8.78936829082
-132.182763847	282.585658951	-4.66565418986
148.498316558	-77.3058531577	2.73817891803
13.9871792478	87.2830387074	12.0459801449
-294.429578545	-329.090986269	11.2300363049
296.570606793	-139.013303449	-8.62888577767
-216.039375042	-6.74140656422	15.5974325027
191.50291686	-331.367163341	-12.6666988908
-104.327441878	-368.199031764	-20.523566833
-52.8025650336	-29.7195191632	12.0304724705
-283.32581459	-335.653535973	-11.0392734875
-204.555864719	-159.670904302	-4.36335545192
331.204344309	262.514537793	2.00595075339
347.172118061	228.0350293	10.2517606668
-236.541409614	265.936771459	-0.21509809516
137.799504365	116.609081219	5.23847468686
-285.078184898	394.422275173	-37.3302936019
-337.660121218	-11.072706319	9.51300548677
-338.478023631	88.2381608161	-0.62979610329
-0.6253684928	-236.64117342	4.87638201524
71.2281297003	-33.0622232458	-1.45476730107
311.588791014	-368.305121195	2.25763133245
44.2319605107	114.027668055	16.3070915401
32.9605504033	-368.11474054	-4.65782215242
-70.1212939697	-41.336704753	5.25038854047
317.883593923	182.971980114	5.83517880326
-222.014620499	-221.117457229	0.0924018215689
330.737204716	-271.677198843	9.44708345686
-214.182706423	-204.850284512	-2.16966089234
-322.2129935	-164.329944106	0.279672379934
-330.918554142	66.4457044261	3.97817406341
-23.0953115448	-239.945147428	-11.2318486523
363.546600598	-99.0598452239	2.240359169
298.163352675	-286.12082971	-13.2871993831
165.286237998	-379.044316962	-10.9385370516
-12.3758860153	4.70665677371	-4.94456486436
16.9138468693	318.935525883	-2.80851672564
-226.386587203	-59.4481895472	4.8902121087
-311.756701826	-388.102651349	-4.91478525907
-152.79862814	-74.843500711	4.55940913493
336.249360919	-0.954374386995	-0.84158670193
-80.2810240849	318.295230655	-3.006727626
90.1933624373	279.408415933	8.30032272886
318.205163875	-46.7600496526	2.90692286014
321.845099414	-17.1151530795	3.48170001372
-61.9246453027	-112.311681689	-12.9759298722
245.784839223	127.623029997	-10.5766906392
-331.263860135	120.057241558	-1.12840589559
-382.363260971	40.6985517677	4.50111408105
-354.227009018	291.966977668	7.26181524413
202.339544794	-296.68134885	-14.0923482038
381.280977368	-364.725939276	-8.14345097963
377.806203937	223.011745484	6.97390245321
340.007535522	-25.2469702647	2.67137465743
104.645643725	-279.166017273	-7.14507593366
4.3725504798	5.48036462195	-2.37207624472
-262.588345557	-117.536147968	2.5943689011
329.125775919	164.630053074	16.016047694
384.512203627	-115.221317493	21.4266122914
258.766399772	280.817211424	1.82135690962
-334.175876593	-97.0149861016	-16.7290919688
253.092243897	202.391017647	8.93814196958
-300.071958427	395.332057163	-32.6112048278
8.7271983984	-43.6379948123	9.73499053862
214.200340064	235.983543889	-4.71447324296
312.023768605	319.07112842	-2.48626232751
283.588535364	-253.524633526	-6.96649192384
57.7094891494	-258.802548786	-2.8360734749
270.310091878	138.448211317	5.17932444536
-260.170193095	-321.257446526	-9.303061228
-223.111468317	-73.4809361969	-1.02171588121
393.646606358	244.626637319	1.17334934612
373.76362284	-178.028998517	7.47820748427
-292.630652387	-258.549744779	3.60439108082
381.503433387	67.4606982758	33.5249102553
-205.9885847	-168.275665136	-2.11380277003
-115.659759112	136.087835244	13.1141513421
-176.899514042	-307.499519374	-16.6924205648
-295.493031641	97.1357727128	2.74369300244
-282.453123502	-280.417499693	-12.1619830989
252.146539617	294.983116537	4.98197632735
-334.262242825	148.760278299	-2.04174793599
64.1705134949	-62.6432813377	2.36352869711
-91.83088279	-193.157437986	-4.41414448598
-254.838312155	23.1268094045	1.373174664
61.4540645754	-318.255559248	-1.61954339131
1.54681925262	-372.901080789	-45.4810756847
184.342216511	-126.469401655	-2.71580762529
-395.899309114	11.4423671297	18.1360212197
259.632744451	195.930494239	-1.76635693124
332.589933922	49.5597515884	-8.29303164509
-147.685086057	285.214881253	2.64379252557
-379.571410466	-211.491395128	11.0252645966
293.917990704	-161.216201027	7.88524292754
-376.933282232	-166.601124218	-3.77350059521
-74.048574198	-285.561830896	-12.5440102066
-334.532177592	-344.641155168	3.25088361786
249.394772578	56.5250310286	2.5459221344
174.987384717	-343.013762754	11.3151895602
-226.820885268	-2.03212458958	-4.68307805616
34.5263515157	10.4080404091	10.9707846747
-325.897538264	326.776259192	-9.77957535839
-64.7789648457	365.374041778	-3.01619596288
-254.731426117	-166.210219348	2.88278784303
311.447414409	162.118890277	-6.75124769024
-63.0817351386	71.9869933727	2.04388490497
-109.9575437	107.199884986	-4.97506707886
51.8699513206	-103.901193785	5.7311329291
-96.2190101442	-360.508401003	-22.2071885616
-308.629182562	282.713298808	14.2708759325
-268.126853034	65.5560613933	-8.40199435419
163.413579749	-127.142797271	-4.87685547905
52.5771591906	113.26601342	7.04201495447
161.974165751	-202.679804534	-0.994975107973
237.261966611	99.0679417231	11.4825952143
-61.6621013115	374.619625278	14.2445194934
-388.891391845	269.705034097	10.0122470977
-31.8946634949	58.0600127998	4.5496423187
220.295758917	-360.293762383	16.5788868952
-113.427584951	-379.566718132	-27.4673853362
394.211804378	317.012766218	1.54500169744
-104.548531106	-42.1274212778	-4.3604010062
-99.6274051544	288.257296004	2.8562763599
101.236696325	344.797305664	-1.05592618554
-73.1776880601	-372.086519074	-41.7076031534
337.728181745	181.060508034	2.13596741835
-47.5808302381	258.432788897	5.45964256444
220.859582464	392.484709189	14.4585212519
104.41115385	168.514570819	0.773285791295
4.8244312856	145.755923922	-16.9843478866
366.653911475	-38.7312112429	4.26676897389
137.326888204	220.475562542	8.15637313582
-92.2690716633	361.157842743	2.96805285559
-278.973317207	-256.294111794	0.303214245199
-302.006421649	128.348324985	0.402363566108
-174.336766181	301.864510845	-6.95849986958
-23.5447155957	116.898287768	7.34008295873
-200.04942069	-98.8731253751	2.74440948681
-46.1040971989	23.8592292584	-9.68642948402
300.572709929	276.863652537	-5.21531242489
318.98266712	123.708906139	9.55559723703
-27.6581815339	386.68358967	7.69063193473
-235.833573422	-340.868506257	7.01488807382
323.336938001	-69.9211580989	6.29533549731
-311.420035451	257.322341434	-11.705178305
-240.152229582	-283.247563074	1.6736945948
-80.2353387246	-213.766322442	-22.5003276823
320.984733627	320.595036407	-4.09104759605
133.83016615	259.868627397	5.56649542229
316.758801798	-177.670591046	2.58868088156
-185.046667564	-131.995453587	-3.97704692352
311.914665059	123.367669989	-20.205637262
-309.852477937	-66.100338329	7.27213666756
329.174637103	44.7850555867	-0.252911513092
-58.2532703909	297.27041445	7.444641969
380.834717209	-275.703969191	-9.43080140709
286.592842612	274.11087124	2.27716653458
213.375510668	280.905388008	-2.13031271602
57.9592284826	-136.180216262	-18.0486200115
70.3241777132	-104.528901765	-2.5544369907
-393.036124886	-348.457606989	-3.65130359476
211.427220162	-372.839204916	-11.8046621319
-224.109385593	-280.370613241	-9.26706488718
-182.759700117	135.353745302	-0.202314989513
-198.628370181	8.93979136206	5.51291049783
-181.99552137	-146.255936973	1.73833019842
-12.0718218658	-56.3206625855	2.35592384797
-49.1161576163	-306.150733496	-24.2657907766
-139.573120777	45.4099816508	3.98789403897
258.290989124	77.5715025804	9.07401495494
285.439353252	-156.311698705	-9.26060761697
-164.312305886	232.111874419	-1.77252641998
-51.7198127519	59.8878964878	6.49401569062
-270.098652224	5.8922849688	0.0852200622411
34.2595705039	386.922238304	3.80006670088
76.4344309764	-280.289655615	-18.4980455592
185.811996441	82.6034513948	-9.50929627249
-153.701285776	310.807419212	-1.43412065626
-86.5322328913	82.530534993	6.5527368459
183.385367689	396.328316768	1.6163679864
204.897066015	-128.736322456	18.560824886
-87.9161638299	255.807948826	-0.965753330842
86.2780830981	261.38267631	12.0129594398
-349.874945622	-161.733052615	4.86405765933
79.6300603287	-154.691404823	-10.8874501283
38.5811304029	84.1294789922	-1.58383101634
331.997273085	-361.104920826	11.2036717843
-82.696708497	-225.106210558	-17.513228737
110.378626329	-142.207879609	15.2403372995
-223.021512125	-22.9841737849	-5.27291932883
394.040784105	-14.8809149626	16.0701988983
278.654101438	229.809625803	4.1400499379
224.710289861	-128.4617105	0.338547756646
-209.589477947	-203.307931459	-4.08015459114
204.176899126	-178.972419273	-1.91640037689
42.0028800351	-325.892167235	8.71026427427
-1.11270157503	400.846830976	1.86679196047
-131.314661006	89.4313407416	5.42924923286
-310.390737481	132.534489052	4.06363254258
-379.243070635	-121.795393699	5.86314534689
-246.436694236	-34.5355719533	9.08637534527
-357.925197085	-168.346922532	16.2939087488
-133.792617948	-304.502196869	-4.48555758675
233.632679444	-228.812639154	0.853010865749
-226.088588886	-271.116991657	-0.184538019068
226.635151193	-57.4217527394	0.0407004572555
-214.908840044	340.021411738	-0.696605885036
-291.259032006	223.902433743	-4.49406035809
151.410961403	-299.469241642	4.84104898342
-189.838342401	-258.024182796	-0.364462153797
-235.699792261	-144.8972828	1.34935857578
345.183000436	-106.590083451	3.25723763287
-342.419893909	343.012019414	-2.63644515348
289.035094327	-365.477408536	-26.031649051
-187.494477363	-131.194540806	10.2673594142
199.838299348	239.815821272	5.18463290187
260.153655028	-148.806172286	9.84399538074
-152.854546171	297.781685971	0.520908870162
108.947642376	-91.1274075568	14.5740638281
-257.416336599	39.7040001443	2.83839913812
-348.444144112	96.2014618995	-3.28559130233
-240.037196495	191.837531768	-0.188488306095
13.1977391217	-161.417080586	1.89054863958
279.229047448	57.9931799123	10.5014278688
67.4440619441	-74.8845207343	-4.93543750165
-267.640291999	-147.427229986	6.3050932936
-108.339469216	55.3667403554	-3.22924552958
384.285162602	277.566933758	3.97186851284
-228.458412078	298.193657476	-13.8713553041
44.8434995805	75.9156240515	7.24020032251
138.650373619	295.474937112	-2.44603257428
68.8727228638	29.8577945621	5.82036574409
168.203202081	-361.729675318	9.01568795624
62.6983896644	-94.3372512205	25.7836685519
-211.140243716	-280.116083671	-9.06224509952
-283.11856767	366.821432184	5.805376397
-180.290470085	256.204813815	5.66083544101
-150.08726264	188.679569265	-7.43342347262
-61.233813449	-243.829482445	-23.5728007038
-285.360748676	-150.720731778	-2.52591159783
230.732464154	-379.031841045	15.6758687141
188.150955644	291.354522111	-2.7927318457
43.654682325	-274.041885102	4.22502771067
358.016607677	-46.6421313163	3.47353399126
376.180586252	-229.819374028	13.0560886321
307.947021076	-147.433132919	25.4763892832
-223.072890771	-62.8668911951	5.89628965353
366.805341041	127.817911791	-3.37180431404
5.02876531065	309.429545917	16.6538228181
240.910760405	-330.927702481	-24.0580326054
-283.950286809	-124.822544869	-11.6901398626
-381.1312526	351.075018867	4.6681320837
-197.102889431	155.327306477	3.64903865588
312.812605082	-352.497889649	-8.91590650536
243.673189789	179.048616363	8.1418054035
210.870342079	195.033382595	-5.97162915205
171.023824591	-19.5440964434	1.83849200721
67.4426508146	37.7873014073	1.57439990305
347.859564452	132.4760162	-23.1573987163
238.798040249	-97.2409077546	-4.17208633585
76.8718594661	345.866053474	9.37948318604
278.786235044	-35.8205104945	13.0184879802
262.428490589	-104.884686052	-3.22560253143
19.9952176383	129.287119132	3.74411168549
211.127297484	136.032742022	1.89876743754
192.533841639	78.1205430504	-7.76337674753
344.104136162	-154.052878549	9.87823327367
-172.40629509	321.597172624	-3.40602547896
-267.891863582	289.749666619	-9.77114435536
263.554973627	141.725210972	-2.58069292569
289.012122751	356.991294049	-14.9141542375
390.689444065	327.950203831	-3.18562429732
100.117697992	318.434418205	-4.06921595236
89.0754420408	262.075946613	-0.159201709829
214.392958587	172.56733287	-2.8598057054
264.3070474	-79.4451075439	20.8916881542
-213.518105493	365.430368224	-30.2849084719
359.418626458	172.358411228	2.31133899637
266.760249614	70.8819794128	-4.32788841924
-314.343694589	301.972999522	10.3273594112
356.537746075	228.292076287	2.48772776464
280.872275824	28.4308544939	4.70449616024
-30.9750756219	-190.19574147	8.5093449573
144.203818926	-163.195813799	-9.06472204384
349.370271474	-154.38552618	13.1033807092
-135.102836324	-75.2940631852	-2.32140461606
-199.735009522	-266.876109472	-7.31343782959
-11.9090347318	-25.0529304548	-3.03717313034
-256.864372676	-121.602854446	11.53583134
-217.919539163	338.259356804	-14.2752979538
86.2559371701	202.008763104	8.59936813422
142.331555257	70.5539451922	2.95246839693
-2.59370055111	68.9836954046	-0.903893729493
-243.864152375	-251.210778128	2.5161878552
352.033348183	-208.344429385	-2.51172475372
-81.961027279	275.117201704	17.6850412275
1.08254986043	195.22557523	8.1047125113
-383.972444619	-361.543551409	2.73446102138
80.6140562826	-115.589940254	3.28260979485
332.468716343	329.816795671	-0.748517431804
-150.204879334	18.3055531248	7.76291918081
221.376716997	3.01206303917	7.24484153159
-190.877173339	343.597624336	-0.1970319883
282.259267328	370.679333782	1.60815644988
221.438341288	274.065204406	3.47178404479
-382.798863272	-96.3951066153	-27.0387750163
-112.410142584	373.244107468	-7.96950169309
-150.873265836	309.087089109	0.273702611611
-216.583808631	-80.4021880503	8.96889465652
7.08198104077	335.220625391	0.162360246864
-247.233849618	-379.714294161	2.88559608453
146.803111953	-330.540072204	-5.67697101347
-277.956046472	324.653382483	-12.4216272264
85.1403307726	-149.926010281	-7.9906052947
-321.369353431	-215.247853722	8.09860013998
-110.435729277	-331.230755968	-11.9198061053
-300.211260133	17.1724633197	5.82144737666
320.858863345	157.774821519	-1.93235483245
395.842519161	-267.196686822	6.89934523483
-317.016169768	344.287262191	9.09432652533
-374.567507444	51.0331013313	-7.79859850175
-134.215726063	178.996799288	-6.18196126489
-164.662887288	22.6093567625	0.390940964017
347.156305099	208.583669659	13.502123404
17.389792843	107.649167646	11.9083909541
-283.74930102	166.489092401	7.9627615012
-80.8687228662	-169.331400303	21.5989724294
91.0173043354	-74.2416350689	-5.43872158926
54.4976116695	60.485838597	-1.0440950861
-138.097196125	-353.080072872	-28.4291585284
-39.9163885537	-140.168419727	-5.8581326836
324.345097841	48.4535046086	-6.93058806394
-131.316782027	125.599186392	14.2602270012
66.5212869309	310.134991988	2.73214180367
395.000632012	-136.949360448	10.1486830276
-244.576006063	308.510045928	-24.8211517011
-342.579614523	-215.590066835	-6.31576634007
96.5254579877	42.5242828824	8.2221155515
222.002003923	246.024335114	2.2400930206
-90.9894399663	362.894831367	3.67425277312
276.16518491	-49.6211487219	12.6443786007
255.316350129	-266.498369676	4.53949484109
-155.316601479	308.84935574	-7.17034854605
-141.022074177	371.0879729	-11.2972286744
-10.1536986119	-187.323897718	-22.7917318622
391.787176573	-295.785455746	-18.8826602972
-362.761836186	-4.83571239265	12.660930479
-214.821818286	-134.953936964	-1.40739717819
123.150757748	-330.813644975	7.57862989396
-177.939010321	312.240429325	-2.6198647806
-332.225469535	-75.2693508705	4.72927578481
388.580595837	157.543035869	-5.13472715385
-236.0922694	-273.063694526	3.11789579928
-214.68942994	312.849655725	-16.2965176597
-131.938276093	278.168931359	3.06572914399
-369.989558979	279.296475666	2.59688721198
348.88556759	136.305367502	0.775193427067
331.237092454	-64.7301130813	3.6015969725
70.9090800682	-87.7083557999	21.8710969715
-198.416512017	-229.158105528	-0.430991962949
73.9442195978	264.364577559	2.78993238165
385.390130861	264.187386471	-1.56078392516
176.994628419	-161.8803837	-3.01231425704
-269.213790835	342.536766285	-7.08987468437
77.3789767949	178.379872992	3.97300385089
-362.944266521	224.796799325	3.18716649157
-14.1188634807	66.5869056321	-1.70478242725
-350.235414227	392.430943876	-13.5557991876
-357.916618305	336.794671268	-9.67254458789
365.594090787	139.276232313	-3.7446122845
-197.110452484	111.802205298	3.88533344723
-286.532322513	-4.70328953111	7.44806108683
-27.6163010914	-36.2404100179	3.95835722689
297.424845638	115.62715892	0.0925437253116
66.2157641376	315.563306392	1.89831615232
170.032458317	-339.263177225	10.9359685056
-364.082132947	-326.618314104	5.47958579924
295.652755579	35.7248406546	-5.3892572551
-290.79444014	227.440569017	0.0555096918834
-275.652710805	11.317599222	10.5590076025
290.5237823	370.517921542	-12.0426819225
-113.065166906	248.247965707	11.9047234129
372.447349428	149.728804814	-7.97141921989
-117.295334458	343.363699249	14.9491178459
-219.201402198	-393.00712608	-33.7474514315
180.187016214	44.0009757323	5.81753124469
-276.054012903	-176.577752005	2.42233137283
-291.582836019	-55.8057524228	3.38773485487
-109.084708134	-57.6949063425	3.33475481509
-119.295527938	370.293170696	-8.32368384368
307.694424822	-307.335172223	13.6507399667
-119.083067254	-136.010284564	-11.6682803917
229.488655331	333.626750665	0.424620981903
-158.422407904	145.80773963	6.17126142328
-267.144131878	-264.28726598	2.46659243669
87.8886591207	386.761734185	11.3329008417
98.8557350264	116.705478241	-2.42028150936
-126.733757718	243.366868205	1.53729041529
395.603891246	309.486238542	6.96706327827
255.708022233	-254.491407613	5.56607746829
324.77348748	-110.313012363	22.4584248134
-354.598095562	-360.38083258	7.13245414114
226.08846961	-315.772685355	17.3613757272
307.500065488	-299.324876125	-14.2494284559
167.11156718	-331.920631024	-3.36221973898
144.121630263	264.159185716	-1.51651561613
394.820478223	-218.0051282	6.50269170925
394.997122493	213.82375029	-1.95426045624
-113.055667299	-189.131851849	2.95909176876
-200.029673119	-33.3762228526	-1.66393959173
268.515274144	157.153185588	5.43672639278
-244.078212621	329.803304846	-4.85813987644
-56.6821071228	74.1936177079	1.97090570233
8.99466711647	-145.143439377	22.010186372
-9.72711059724	-161.926948772	10.0015462507
-380.58720886	314.827834645	-1.41771952641
334.233775696	69.2426795585	11.5243748876
-45.7563403058	302.941218796	-7.60031948968
-131.801913904	-208.273419038	6.91078236401
93.0089345759	37.9583848934	3.40332696226
343.1707082	-266.879628854	12.9137579287
-375.361443946	297.033939341	0.802616154438
-116.081872074	149.313121839	14.1546669161
333.60906412	385.145430798	-2.50002339802
-28.9649749531	359.187368606	7.46977982007
241.771141734	-334.918695835	2.58206118156
-161.704241319	-230.235885748	2.59238051543
-352.775583842	-140.528267252	19.3716034427
88.0687610488	-29.6366375016	25.6423516363
47.0641766179	-361.804123856	-20.3229929286
17.7597397696	-325.733354981	-31.1707482538
59.1443362583	-222.842626089	10.6910349695
-71.5906532564	183.06415737	-24.0188660202
-128.924579565	171.86575502	0.159623126068
205.598501377	254.973337529	0.584399529791
167.105207111	261.572078395	2.13385494977
14.0281668317	-98.3714044509	-12.7146893501
101.103030339	304.476555737	8.69240902713
-173.75350061	-72.6285315425	-0.490888542471
-260.258228197	14.4969576524	12.622551373
-273.097608679	311.396964463	-2.3557284001
-59.2275772815	294.980286765	24.5034449947
-12.5827982662	-74.5634772252	-4.42691430263
-281.129708179	-105.542568335	13.4854229794
-210.946304294	-56.8504466755	4.44879914263
-385.120674163	-360.670719562	-1.06878635252
328.452959981	255.692993595	-3.40621308616
57.3822281383	-114.078586383	25.4527694301
-176.953623718	-139.783663278	11.8462780415
-106.881307139	74.5323256715	6.08336158116
201.773986989	87.5001689441	6.77596305582
-348.043037973	-171.460689576	-11.8652967633
-153.035226693	-251.956684033	-0.952014517784
-205.99400876	-311.338821186	-5.29302924365
241.972324295	-302.306959578	-7.38380544324
-317.445541601	15.5753784331	6.82639042469
-271.884715961	-299.326990199	0.839281870632
-70.5391539154	-178.544415658	1.66708706211
-126.806070371	-322.578518689	7.06705243606
206.055749105	252.192442782	6.27354542147
-56.7655818216	-395.494967099	-36.5067944781
-74.5243804007	-214.564226566	14.8188530122
183.48366152	-79.1987770104	0.453368561758
-194.101275261	-121.522771431	-0.951214919899
-356.189034481	84.1894558334	-1.50262582233
-190.415777986	235.236542863	3.89267165429
-69.1911230384	-85.2876745913	0.477826957763
-112.672996024	374.82396658	20.4347081802
289.002204825	-118.862716776	1.64215446823
-7.19726448998	210.967886954	-17.2924270336
116.749036931	11.3962065566	-3.33134797559
-3.23360607055	-71.9790365722	6.40471710909
294.405259359	284.028624178	-7.22251317388
-168.615681128	-349.245496984	-13.4375332687
-214.806125011	311.101792787	-1.82356752044
-205.738784605	377.482504597	-20.8947988472
-256.603288791	-312.083258859	10.4379178033
-270.033043339	356.521927471	-7.01544385067
361.601508627	-126.268690883	-2.26374006085
-238.89386213	-228.054205989	3.02908391425
-37.7958586799	-389.116273536	-42.2164767379
-366.042774608	-214.509534003	-14.8501478571
-63.901281013	105.319096733	-0.0559314317231
-175.030628219	30.7875305731	2.34996460209
-70.8159731681	-50.8791968182	2.16999517524
-265.099124976	-81.4017816473	-3.24814304182
70.1696538813	115.022188786	5.22876491361
-197.988232112	322.618559803	-0.21965842454
-221.652552068	-140.949632537	4.0009124659
355.56323559	-401.230612467	-9.89273719924
162.794158662	394.238934944	-4.93509775913
-274.871749973	281.63345996	-12.2386652303
239.737867503	109.404264904	-3.35331260965
-130.436824833	274.500238415	-1.68536709257
262.139434385	-218.846367553	-1.89278453674
-159.181218459	-175.489586991	-3.3174188019
-366.473151529	391.386389813	-6.12054716558
151.037762051	-103.116050292	5.40991341775
-337.2149242	175.834855737	-3.22170519881
-246.565690936	-304.707042729	-8.83132562691
-308.921584457	-117.647661172	14.9003632282
-318.322116005	-319.610998644	-5.30610479152
120.059033957	279.481533216	-1.03153120293
-238.690829939	234.36772251	-9.32642722064
1.58532365197	-185.934963755	-4.36860054818
-350.26590736	151.618165255	4.00750353489
-241.109365881	-167.262552965	8.30170541744
-378.892686712	-50.5141470445	13.8474158644
8.64432757254	181.266882058	17.4277463063
392.038371519	257.170045079	3.04685477684
-274.140828106	-34.8632484529	-1.1216925596
-261.146489875	347.883568334	-6.97668061389
-221.417625868	-287.528711404	-4.12556385179
-223.050093416	-188.53275896	-2.89078232732
336.592563141	316.303415987	2.78786714948
15.2923071747	259.742756145	9.13282934223
291.561314143	-182.929700551	6.70337125723
65.6095287993	-80.9133182902	18.7529292004
400.206224803	-33.5405870588	-9.93096733292
-103.793456882	-398.119168215	-43.2779670012
-311.53624448	88.6067439323	7.78365266551
188.457407796	-363.715256947	2.52986950262
350.965514486	250.174640545	4.84126835792
-240.074390831	-282.362879055	-1.19598234474
-349.772456393	376.063462281	0.996995453937
31.542855451	-307.786319687	-6.83451258445
-205.134295769	-210.903252896	4.72618582698
-15.6658423617	132.833497745	-5.94564224483
347.74139428	-298.490770915	-2.06949591947
-198.14838258	-75.2966688754	1.47373372629
6.65894122601	286.326984783	3.28310945178
-168.999018121	-107.60783741	7.45105003405
304.07372225	-266.80221586	-6.93675914171
114.217579449	-91.5064568794	-4.50358869996
-4.81358511257	-12.4261804182	-5.51204655639
-298.778013498	264.644579209	-12.7102848866
332.956557414	-307.210483757	0.139829922999
-125.657894218	-164.559183552	-0.0489609907032
-65.0658906899	-150.901969392	9.95199006415
-367.582448062	-333.600893204	3.8002698953
375.197549752	170.498482985	-0.285132610786
-213.669789312	-313.163897943	-11.880959278
-399.017934396	250.242207417	-5.11036270281
140.587002028	363.594962293	2.51371996852
279.361492755	-273.31335736	-8.94888146232
-96.984700446	43.6371339824	1.32515987584
335.288508661	134.237743364	-6.98900418352
302.377796039	-87.6097788048	9.93182462725
286.201044205	301.277787671	2.058846464
116.071620893	269.801204143	-3.73037476005
246.703638899	40.1719660358	11.7222321445
-187.5610657	-209.961391068	1.67213913109
-201.908466392	-363.330615837	-16.9841998308
-279.098692491	245.113571732	9.80091555299
-73.1924416818	223.882512511	13.5292097146
309.560004021	-64.5454032816	4.5509265592
-359.125173034	-51.6702943485	11.8730726117
-261.290685704	-261.405479534	4.37544860416
-312.731391349	15.4888201869	-0.789672586386
-104.724356139	316.3855874	9.49194441553
-156.847120719	-386.830230325	-5.4739834481
-342.708881081	370.704215951	-24.3137346282
-102.858594351	-314.688004783	-26.9509336521
-151.511098474	45.0456367596	1.5697021304
-213.497462664	185.66665286	-10.7946802491
6.91609660191	154.713907625	0.53920527326
172.359852451	58.823244613	-1.5234175033
-357.953393397	52.4355110659	1.43968827344
294.103043456	282.244201691	5.34252532292
42.3846614567	379.026163356	4.90840839993
347.455605234	228.12889537	2.59906873115
-90.440400282	-140.600833252	-1.86202379819
222.369046399	-280.946362934	-5.16845911307
-165.05046378	46.838077059	0.486379069669
-345.429329932	21.5679348962	0.538246532291
-329.795712166	240.681472009	1.59269319701
85.5506530425	243.943463465	9.28164701186
318.394321388	-223.861741451	29.6462477682
-55.933660173	149.67126368	7.32703409106
46.4129493948	-24.0839023935	-0.203956540761
-140.583147976	392.040721828	15.6423372014
-171.335972505	-157.616053775	0.730722332481
-12.4618443861	272.460884313	-15.3273577004
244.335135476	-254.026272654	-5.86469508115
57.2397884717	312.21301848	5.02288066806
220.495492995	20.2901803422	-1.56062195173
-253.755346652	-315.694269518	8.53160328894
26.928080208	105.125065248	-13.1871327271
1.99537843672	-6.92839231977	6.97339853097
102.702090576	-164.421330288	11.8575451696
-336.803372494	-397.180811101	-0.260869482642
40.1963322919	395.988225621	4.89541826699
-85.1493786889	187.770447077	37.2483397563
201.738813685	10.6221443274	0.456310895908
210.183816693	-300.1005363	0.863419510705
279.926515341	144.889306345	6.68437801919
-335.135819975	152.651622284	-3.45728468348
-260.860535098	-147.069623629	3.36629124215
-95.0355634619	-303.326891865	-29.1892945066
241.24393878	171.300655237	-0.339932352947
372.157085494	-288.635457712	11.5831920463
-309.799557276	-4.40046489984	0.812942431245
157.984431676	54.8130779134	1.15964835495
-203.03991629	315.025009677	2.04526092955
289.174101646	286.535256491	3.3042911609
116.472654493	357.92574834	7.42774623529
-319.533549698	373.572464695	-12.0332023044
164.333297028	229.408035174	7.65706855685
146.307572573	115.861409709	7.66973807003
-145.221634256	-18.9518010717	-0.495660860427
-396.888061921	343.489775112	18.6207324374
-372.022784419	-43.0594595189	11.0665542222
124.831532383	68.034397863	0.490430881585
174.842070735	-110.280820352	-7.46102955846
-116.586660174	12.7485832557	-2.52771870785
-340.266539592	306.998307578	1.37364768121
-199.975420924	-76.9884169964	1.98250145978
-122.284048893	-251.985482096	-3.97390718272
17.8512664195	-391.942703394	-30.288214447
-398.015289808	349.716708197	-17.963753319
-390.429727794	-259.005543102	-8.52809449686
279.217151843	-292.658511953	-11.8867338722
257.589290414	130.798266287	-4.15890985075
300.072092929	-400.658919329	-19.6898396796
-390.5851553	-30.2111493945	-11.1846576332
26.7575251001	-152.153688088	-3.23075308298
35.7364816828	300.470518806	1.84950857835
124.750069168	167.426128323	0.235213139954
-155.452309381	-35.9654372611	4.36421662319
-133.562880698	-124.349702259	2.58289491738
-51.3837387768	-236.307638472	-5.26891166209
233.915669107	264.135153934	10.2104587508
-358.128986595	-90.2638974927	9.86023262081
7.81678674599	329.458874735	14.0134638802
4.15271374718	-265.946334407	10.8179767115
188.704155602	222.809559392	9.3491796586
-317.97812384	231.618612634	-7.28797291118
-327.840957385	97.9523729667	-2.35221779511
-362.075312902	-289.392248674	4.78832170721
-27.7194693579	91.938047587	-3.4117902087
-213.358545561	-304.075688492	6.9772346348
-189.119554186	-392.513474494	-18.1849860668
211.4878879	-34.3185274774	8.15064057886
-19.5927473403	207.858105528	4.45079040325
156.777431121	22.9453355388	7.15171590072
55.7327958565	121.051000443	5.38697182235
183.348259123	6.73153952992	2.44386673915
-155.128255889	75.0376677925	-3.85496888871
371.83989872	-36.0143814632	-0.545114456471
-156.628967076	57.1927365924	-1.29117270886
-97.2059000532	-257.721141282	-11.2819299515
15.2611140982	83.9430028019	-2.39596235172
233.072697085	-25.9438346038	5.11007242239
52.6566950782	-93.4817769095	14.7686695526
-21.6893622001	-325.64470827	-20.2039480222
83.075573987	-272.238626599	-7.96247228783
46.2036479407	170.975514113	-8.39150668401
-54.4190038562	233.244276293	24.7300929764
-268.174384179	363.475824705	-19.5641773974
235.290342534	-288.495092224	5.0167866634
15.7246296204	-228.084720861	11.5935650715
81.6114626704	42.0191987974	-3.46360769453
-313.005719142	-245.250335265	1.84445555416
324.712953657	60.5744778529	-11.2465750051
101.295863679	180.318539329	-2.12177970213
267.058521621	270.883434832	-7.05908905736
26.5999957688	-39.5264704032	1.79923828361
-54.2888845328	30.728175492	-9.31494553028
257.407912365	102.9862358	10.9755420779
-196.378311662	16.2964633095	-2.52844804504
-380.369414301	-230.966196555	12.5610954479
-89.8065884911	-325.840978562	-6.78706345008
194.304885411	20.7685813888	1.32893236516
-260.196603853	-187.674217256	-3.57695692197
108.913393013	369.162809065	0.741200657977
-69.042429929	38.1269036663	10.6818787754
-113.357403621	370.80323391	-6.38220892936
18.9387406512	-156.786081112	23.8695155021
-319.770258035	49.2473821547	7.34659952556
-136.519133333	-231.362769614	6.99550218104
234.939318934	305.329357692	3.45636255656
-396.594765871	-59.9409122044	-11.7736808876
-348.658504261	274.308966764	-1.79868773893
-330.006191165	185.43520743	9.06950466744
-33.0130889869	11.1694669482	1.42662595711
326.235407007	-246.313861611	7.92507158001
264.587415091	314.060472936	11.082120169
-142.587537117	-241.626823163	0.417298090003
136.867957878	336.494575484	-4.81761247906
-399.351716952	369.079117794	5.24276908066
266.919008658	158.721676443	11.2214766759
319.693128169	214.823068456	-1.85678007432
-243.480714644	21.1532706271	-12.9812857577
-100.334279022	91.1354710775	0.788576895476
-222.584158597	371.298676736	-18.3911764802
22.0066126239	-36.8749003535	-1.72423013614
-290.504334073	-19.8665851412	2.04400678925
-91.1738216569	-16.0191502945	5.10497136923
111.626279248	-133.161671463	18.6408098563
-183.632808795	207.70189317	-5.03587103058
121.397098371	-320.264239813	14.8155664603
360.509706656	242.180431512	3.20918355106
387.0837557	-311.531293813	11.6876817809
-372.263274645	114.84178624	-7.17307387921
-46.7871812813	155.634094731	-5.89995147687
189.877778381	-74.0012959347	-0.967486607439
-75.8776763538	-254.255929551	-0.491661767698
-199.076800442	101.26446489	2.2146006862
12.2533288854	-398.007930746	-32.7784078448
-181.868901086	-36.4643400519	6.11278002946
-375.267179049	371.167628474	18.736687587
245.116408213	348.90381801	-6.97968108788
381.179188061	198.085610456	-11.8232646884
142.138207653	174.514289436	5.69756325749
-311.834470249	-72.4621326946	-1.07271818533
-233.822732662	-201.397514666	4.02015204476
-364.333920217	-380.034818391	-3.80642593634
-336.782830654	-12.901860873	3.1814879252
281.023627498	185.374575399	-11.0247026812
248.601050542	125.443961927	18.2839137573
113.554888969	-204.959587397	6.15308812317
-164.936803687	-289.917323935	-22.5522444414
98.8430812143	-69.0641557425	6.44299224101
191.405944689	-28.7896068614	2.07352945104
-38.6840740818	373.197320615	8.11773065003
-295.03689676	66.7051951725	7.41193527839
-168.000929357	-41.7085370392	4.99593904863
7.80818275743	-112.67410266	-17.5397204731
-215.091025258	175.532987664	-9.72883880089
253.943364106	-140.605590294	19.6941559455
-397.741047468	296.961690775	11.1746218835
-3.06118761679	-87.0747326066	-2.57741970878
20.465339772	369.108129035	6.97397551577
-165.098456899	338.694308544	-7.43258042342
-167.370170789	335.010880919	-9.92893739025
129.229320351	134.899991599	8.30570525
-327.969892012	-192.784835051	-10.9497278651
91.9280736214	-40.2276047031	3.20699764369
-118.634660615	254.40435917	10.5241396251
373.613114072	389.033244558	-3.74067234956
-227.059912229	330.117009056	-19.4341506973
294.311011462	-302.510610856	-8.28668630463
69.8771337307	387.054840668	13.9053201195
121.887056632	-244.471154705	0.558036454981
-12.4716140942	119.670825003	5.63403304402
-173.672235136	-225.583081177	0.762995737285
162.495824196	394.622232443	-0.184451648738
-39.8904250172	18.369495538	-6.9889080719
139.383734563	76.888792614	2.33218335017
277.998234244	-4.13889533349	14.4589505207
-4.3675691203	-378.913598092	-44.5874543147
-150.252290979	90.8843841214	-4.15647644644
-359.943245506	24.8311593358	18.5156784184
-115.679914625	-176.003345342	7.09124235479
310.220687473	234.337080939	-4.31386827086
166.959311332	235.978007039	3.38719988926
-263.40366632	258.090531691	8.6435232805
-229.223778587	-354.385190671	-12.1448445907
45.4687686248	392.832106282	5.96090270392
97.1957786749	-196.202798498	5.48632069941
-246.414803411	-47.6580634339	-2.82005589708
-249.692112326	-130.905725944	-0.219645492768
213.632405785	66.0894238458	-2.02858642586
-265.126668851	296.907721108	-4.19028085169
369.047040565	371.000809781	8.65208690446
-248.848333759	-306.819526435	-8.90181248152
-287.305962131	-331.164389568	-9.16364010325
-303.277458121	-219.187012293	4.41980019024
394.836210244	-51.0866479674	20.8807928083
379.778008979	-283.583883323	13.6614222753
143.589952921	140.500856526	5.29278688938
149.44118038	198.718317151	3.84444723867
-263.124030662	-113.767621881	6.96348901673
298.805515672	138.863836703	0.0988937829596
392.510699371	-356.428171693	9.27785916758
79.553169817	-323.69997618	8.18992871969
262.590038137	283.557096613	-6.21652951001
-398.157675286	-324.624806035	9.17189866483
387.64767888	-183.652707609	8.85218291379
33.5326079896	286.888975912	3.02725383122
239.601439482	-349.633099577	9.63673985924
-400.826808927	-33.4470087939	7.29986084606
-207.689962011	287.386863456	0.0401953991458
276.482617307	1.3737889907	-5.57726199277
14.5743942395	-84.2231289049	-6.93563282247
-76.4623507603	-140.668439273	0.400680822989
377.023315838	-76.1481953946	4.90119891448
-24.0228006332	398.625359629	10.9548934725
150.37446645	-94.504045048	-13.0962496304
-337.747334686	-232.18589786	-10.3157531949
237.256030788	-258.681081013	-4.25755182376
-396.208818493	-296.774369525	6.09563814502
392.403733388	294.625129058	0.909447274949
101.810949923	-181.194636944	15.8378695836
43.3088199679	184.65974746	-7.48178779995
-255.990432838	-162.578906069	1.18615497753
-316.727804256	322.627503247	-18.3554435177
-136.051028568	-327.94177265	-26.9448505878
-350.465301001	-3.75329731957	9.48226581831
-304.341427231	-194.825913428	-9.34146160853
217.891250615	-21.2263760433	-0.41925885651
-328.481939913	-84.6736473683	15.1030707455
61.851075807	295.900598368	4.80184342731
90.3365321646	367.437790778	4.95545538294
-224.313183011	338.872372325	-0.816614893266
-29.9792463094	168.630956845	-6.39780715771
343.980174201	208.891316495	-2.06501318519
-198.467714004	386.675389857	-13.8724985714
22.0338747635	4.56521536452	8.71702131664
-271.109925299	120.755145503	-4.86308159985
-12.267855109	155.035053405	-5.05849735758
-20.7873599296	42.7989106014	-7.58131761616
-374.72207275	180.285008272	-3.73874562909
30.4940161343	-174.339727504	13.553620714
-108.786374502	-202.829868575	-15.0601577368
-286.613639002	312.098290264	-5.19161479735
-273.002755755	-167.527891466	8.07554384639
308.61854987	-376.149239937	-10.2021484699
317.009973733	-162.774005016	-8.31876062239
79.3647985213	-392.252017786	0.592827852037
-161.205379268	-327.044777894	0.541183300145
67.5522302135	-326.480011386	16.7202493197
288.535980179	-307.439642042	-2.59355802755
326.072999379	-362.413737496	8.60605295202
-125.910018335	6.95741205447	-10.1042935419
295.904357806	-229.026079887	11.7190178535
331.480766546	364.468005904	-14.7170405357
-207.364600891	64.5296617249	-9.6255424439
-347.684298608	-246.062162867	3.86072081019
95.0262547979	-124.098778185	10.8133938426
-151.180577632	-342.560639556	-26.6756042285
-109.440897818	-29.761675683	2.18657657976
-78.7412494888	-76.8842077524	1.96276886119
-316.488229323	-236.458666034	8.42234957209
250.57747757	-23.0831497529	13.2273808311
92.9414029243	-380.928166131	14.8278738542
-46.4787764074	57.8847499567	8.65028510245
361.689307698	226.208664164	-4.16299818311
257.093342895	-221.841256051	5.05571977566
-152.859383757	-164.716313891	8.94123470277
-174.393718789	344.794087538	5.13386815648
-19.7198255694	-150.052738604	25.2912599768
328.056525511	-178.804927619	3.41187584878
-380.396606958	185.102717842	6.19292424795
138.577168126	400.107212986	-1.46577056095
183.888223903	366.91534044	2.15839467828
225.621635218	276.743873424	1.97276106141
104.62333977	-223.844218771	1.82410530782
-383.236234652	-119.268232223	-0.32757512357
356.144166769	212.836808993	3.07267683886
379.063663499	234.876488453	-6.6552256305
16.3921245683	251.214465479	-2.71386558595
-79.5565735349	241.020326494	11.1611233436
341.843121357	-59.712599212	10.1929609532
-165.669549689	-267.481317666	1.78667638419
214.097811864	-315.943444407	-8.00505393073
-149.489911967	-129.434432247	18.1242358989
-392.473192001	-32.4371105723	-25.2673937498
186.760580463	242.810777251	2.83459934419
-190.702862244	72.8509303149	8.86207560953
-350.205411887	-75.9079891521	0.413493751508
97.5677460644	-398.750934881	-4.45507992582
146.751357075	-183.968144447	12.7727404204
57.4916837598	-90.9064666135	-4.05477292798
-5.23953678649	386.137759744	10.2988494662
270.108670964	-324.413234731	5.44838326807
-223.622233596	-164.736909308	-2.69221004501
-205.873697519	-250.703693798	2.91918454754
222.837535547	25.2765209623	-11.5166725152
-316.529922852	-400.663503353	-2.91984103006
-41.7117733951	-380.122883709	-41.3465649769
-375.966129465	-177.950803594	12.6083901362
116.158752138	153.584671752	2.29845470173
211.442003174	-186.56224102	-1.02463100432
226.462845412	-57.5095089655	-0.0910907516156
-177.558142589	76.4622735762	-3.92014026393
-250.065848349	68.5714241579	-2.61284454429
-20.7944252303	-318.987721102	-30.7263211189
-316.623160368	186.609519406	-9.41062039894
229.545772296	-277.813634854	-10.9501020465
-272.119684151	-333.242150896	-17.9830135975
96.0276281754	-144.619963935	6.70233387799
384.215577821	-227.76287971	19.7353448533
-73.7769600296	84.177089537	5.60825826804
174.648764504	-75.2007857291	-1.74540576152
-31.1928025854	-337.638658106	-33.1977930718
-374.269134655	-260.815897473	-19.9323767425
122.745618297	345.985194945	1.37455023553
91.131213424	175.336382864	6.31814562024
-206.324810921	-8.78077141855	2.52540696747
-157.390610536	-219.997039266	-2.34897254472
296.993619619	-312.706355298	-2.55487862395
252.638745632	179.328904985	-0.135333807241
-139.636459748	172.928812681	4.91028064752
-226.950431122	272.095578198	-5.05046404813
112.342142212	-124.495775117	-20.7473564807
-89.240488446	-183.373112312	2.23786143686
-12.160354573	311.824596932	15.9176557933
278.457783104	-361.941855055	10.9603966207
