-259.452615063	-341.958914278	[-1374.09252923 -1072.53758275   -70.72814141  -854.82141019  -863.01985843
  -983.27529975  -852.26853452 -1240.30662194  -744.06983168  -601.27064212
 -1181.72167583  -249.13373553  -618.90663076  -418.23557723  -916.84319319
  -775.74388304 -1220.59498989  -908.05635746  -856.33199353  -227.71688989
  -452.8802657  -1090.89526915  -582.5466502  -1192.47514211 -1325.3909781
  -752.37545284 -1082.785758   -1369.34365032  -875.58144454 -1210.65085476
  -662.38177259  -567.03407884  -575.18627948  -763.10491829  -691.68939419
  -199.28477749  -537.25748705  -916.43808731  -500.25311318  -602.95171805]
305.036767352	-277.163861244	[ -958.47760401  -712.2899074   -957.04987979  -746.58450945 -1207.22760367
   -98.55652414  -221.74738869  -643.12570687  -728.55983883 -1039.3660923
  -866.47022413  -722.97927565  -304.82813672  -922.51902628  -751.749769
 -1217.2904571   -958.38429138  -160.17313174 -1125.66918372  -899.28899025
  -458.06954953  -995.32189936  -362.33855473 -1124.7224504   -906.29880831
  -250.6060035   -408.31795021  -899.50823102 -1071.10296046  -978.50512027
  -336.83556889  -315.97349965  -316.31417534 -1181.53026034  -645.67824998
  -899.81303363  -807.45549173  -889.44307144 -1111.13017727  -682.17816753]
332.896605381	-223.355112356	[ -874.69954066  -642.46757124 -1011.46561358  -705.62727361 -1192.3651589
  -121.83049864  -176.717973    -554.18184142  -702.69217444 -1041.61981376
  -794.03418676  -761.36900843  -336.95478546  -937.8045454   -703.38983183
 -1212.93479676  -890.11136301   -93.76359852 -1106.20638459  -935.04126686
  -531.11731672  -942.99012017  -386.31738472 -1069.67151905  -822.94319211
  -240.95920883  -320.29622261  -814.12898872 -1045.60490502  -911.9227449
  -340.70285771  -380.00114709  -386.94520464 -1174.72521538  -625.71163348
  -938.04213048  -809.22249279  -849.97898106 -1127.11518412  -675.77217136]
165.879293006	-235.614892414	[ -915.92270088  -629.72884344  -750.2548657   -587.94322224 -1000.66072422
  -326.26209523  -191.84123302  -660.04283859  -544.89779591  -820.04936448
  -782.3831713   -499.28375527   -78.81390429  -694.80771667  -609.22971161
 -1000.8909808   -865.59097608  -222.12902466  -926.97418795  -674.50966128
  -304.86925724  -859.16572471  -136.15161082  -987.71838113  -862.37058535
  -113.47495694  -445.47806725  -876.05197112  -879.06464021  -879.28825943
  -134.63619216  -144.68179248  -170.8194799   -966.38902799  -455.39153941
  -677.51815766  -589.20813568  -726.12519786  -882.97137209  -475.64827422]
-293.418666559	230.957254975	[ -940.72387003  -777.26989979  -883.53560966  -542.946484     -33.57273749
 -1321.56927908 -1032.56964694 -1064.17417014  -508.67604926  -293.20628938
  -756.68032134  -741.3888679   -956.96336984  -482.59141013  -585.85790487
  -153.96922022  -716.5441224  -1120.4072507   -104.40873013  -667.35175748
 -1074.7278384   -508.61782157  -896.37402209  -511.02082237  -918.7542048
  -972.87390207 -1084.33741605  -991.73903555  -187.2779616   -683.05788914
  -890.32019012 -1043.99812728 -1079.75529492  -146.44797831  -581.62753
  -696.18713554  -451.78392971  -434.33146627  -434.7448109   -544.0144081 ]
-103.483808208	11.1800382612	[-808.40591156 -533.59252313 -623.80696351 -273.45437996 -429.81147577
 -877.94441859 -603.29064463 -776.55537463 -164.4326967  -275.32742478
 -606.24115004 -373.52397569 -500.40495821 -261.1612397  -339.77997803
 -435.79891595 -628.86144706 -688.20389222 -359.63884372 -407.914337
 -638.58776538 -486.3431167  -439.93198549 -589.54521944 -764.12048747
 -531.5523348  -714.45466763 -822.26757761 -330.04791993 -614.30153189
 -440.96795022 -590.30736599 -627.40904615 -396.97634899 -171.3639541
 -433.26914627  -73.94048134 -311.10834269 -413.41624375  -95.47991302]
-32.5728365187	-261.130739425	[-1068.80754308  -762.00076239  -437.58319155  -601.8853708   -840.68362701
  -625.72608682  -475.2910084   -885.92514635  -508.32820861  -609.80430821
  -893.08395029  -196.84101584  -241.34426447  -446.07498649  -651.3242465
  -806.31755354  -952.41016428  -530.25938982  -791.95626017  -375.41364257
  -201.44459312  -875.33265649  -206.97614159  -994.97982664 -1015.75088247
  -374.72465552  -709.846052   -1047.05418454  -771.26997573  -951.9497102
  -289.45551105  -221.06989202  -244.87409272  -774.63656167  -427.93232425
  -373.54255409  -414.91027383  -708.98126509  -623.36586458  -378.70144865]
-249.376289349	153.489154717	[ -902.99219606  -703.90819441  -766.51518703  -449.21527231  -110.18622729
 -1192.95141634  -909.14428643  -984.16142055  -393.51083231  -176.51717925
  -707.45096152  -607.56787088  -819.55580597  -354.83892885  -500.16292243
  -153.58512372  -683.6836803   -996.59978985   -84.81679659  -544.49024864
  -934.14383796  -481.55357502  -758.79808468  -520.67384986  -874.48755593
  -843.83801826  -980.59217934  -943.94802011  -146.79115154  -655.74447952
  -759.24520299  -904.44966199  -941.54573624  -113.72996472  -457.13749232
  -572.94423789  -313.79658809  -365.06833336  -348.28567053  -412.48101668]
-200.624137877	279.277219551	[ -786.23848859  -650.51055971  -971.82856115  -446.36798308  -181.90998929
 -1262.77936732  -968.12445387  -935.63526403  -444.77270265  -388.90969597
  -609.62913922  -788.28721054  -928.36650844  -557.47186067  -476.40833947
  -308.82975364  -560.50897888 -1052.52528687  -120.23114755  -748.5549163
 -1086.00143688  -352.6826055   -871.92588386  -347.53000817  -767.76864272
  -920.76750182  -983.08034091  -841.65875024  -112.21333066  -526.76211543
  -851.32050985 -1031.80432617 -1068.13808455  -285.70070454  -529.46988533
  -778.11970843  -470.3232527   -314.47361164  -558.11217512  -520.77802743]
198.130838024	263.398520636	[ -192.22449223  -147.61459982 -1220.72182272  -337.23078403  -775.94355908
  -911.18758549  -642.97133129  -352.11150526  -449.48327601  -820.7252089
   -12.13786858  -939.49904892  -768.20175807  -876.61195794  -276.46409546
  -872.07495721  -103.25158503  -702.46073     -673.21426472 -1019.09824948
 -1033.80643521  -273.36388215  -744.38880487  -353.24058527  -154.06540641
  -666.98834434  -503.99978574  -222.57314231  -589.6959096   -137.64816558
  -669.46919652  -901.81378071  -938.99415281  -835.77365714  -492.42415175
 -1043.00661213  -689.48166036  -352.94152789  -998.27248074  -582.69527646]
