-284.69638247	89.7270297922	3.59873290215
100.204778668	60.6094558236	3.31272069131
-45.7549504182	-4.04358526814	-0.435142156776
11.483083232	157.948802719	4.54966618588
-18.6441145488	294.127523649	-2.46842293892
-48.0596657373	-35.1842892493	0.438632740664
-312.906023675	276.665082244	-0.227548710857
146.00256274	-274.385718754	-0.875915880429
-200.910362039	-320.051060332	7.83039076401
105.311014131	-85.4460113222	-2.07171707326
89.1797060361	293.387555198	2.83950441082
207.138270818	-14.6458790158	-1.0891543389
228.652100932	159.998848513	5.81349341504
269.495219803	111.658791192	0.305540921159
-106.788805022	60.7699687926	-0.713745497944
5.11294000397	317.269101972	6.01017559559
194.970399747	-7.42908575362	-4.84896548785
-166.712684021	-236.382326078	0.249911506146
-295.285360035	317.110430729	-1.23018919273
-266.032756726	-259.865911703	3.76786412644
40.7561151612	76.2129549026	4.94313657593
-31.5616188301	328.669809802	-2.15331489009
-195.308729456	81.097037874	-2.17804545126
244.973085111	233.812454825	0.333517399509
-259.147358953	114.078878723	-5.85777858821
-288.28174936	192.241892581	8.45592566656
-279.600693768	-172.391211597	4.42410330728
311.365060733	-277.54851024	-4.48162635219
-253.8324847	-200.192016775	8.38563382472
54.5352202047	149.42563127	2.89105714821
-13.6671668403	-323.197627742	-3.24018766418
181.650249015	-72.4903110141	-9.5740738481
243.884731437	-165.124194572	-4.67794338658
-165.136495143	309.319188957	0.562801417482
-313.260682265	-136.824262926	2.84358213624
253.6570233	207.697232414	3.34897396087
110.290021936	131.51378288	2.10878914458
41.077486789	29.4660212741	1.58144985311
-264.221588431	-93.2520011073	-0.394421995507
-20.8542083104	-110.801855331	-6.54008383664
3.55085768712	-324.890559802	-6.64071197581
233.906337662	-311.98333048	2.29929173919
-114.508736788	230.112996253	-1.46221811914
-265.878618954	2.21038540997	3.25354642885
-71.1181620005	50.7301142674	4.58740008847
244.392685077	-156.461838839	3.2382718124
-101.266680056	-173.566664051	-7.45403263585
183.798661036	-34.2368556446	-0.204963656421
-296.554457674	127.414462843	3.98206850073
76.2508804677	-292.597206227	-0.448888016995
-52.2165480821	245.695318879	6.88335670714
222.560111834	16.5825070247	-0.399765847982
164.943336847	122.527353352	-4.27876461592
183.947027077	-161.293807861	1.35460812256
-247.732497524	-36.644769963	8.90806112092
5.91908552114	-131.382376335	-7.67012853239
268.802577271	-16.6767174464	-1.85357560132
137.406880595	-266.411744585	1.51455329802
-128.46328367	148.471208363	0.196033722441
319.139473653	-66.6667108587	-3.73833145436
9.8616576101	-120.088376714	2.02490366089
19.2176587824	9.2675096378	3.19823716971
105.544091634	-161.265564481	-4.10290975651
211.035381979	-141.006150236	-1.49292721321
-107.244006598	-250.329959921	0.567839548013
-207.775414418	-252.52152813	1.89130859804
-214.735909059	-195.686827209	-0.0242114282462
212.996149806	-276.701336169	-0.168305525184
329.723193949	172.947501272	-4.00643232642
114.791354861	313.408061534	2.58336649671
154.117895066	304.421818429	1.53368754846
-306.615007022	-325.920626823	0.125055588839
-284.959000609	-92.5143225965	0.383640399126
275.587501992	-136.252880387	6.79968507669
30.1441905137	170.310996312	3.20896112776
-254.606291855	-116.088848663	2.21240175017
-158.623566602	177.637368806	5.37146327909
56.5931458964	129.77767503	6.8690161451
117.210775412	-207.068389787	-1.06520101871
110.029226796	57.8875200743	-1.18624955739
281.094711196	241.783736488	0.435951196729
209.971246803	-169.205034521	2.29521618532
-268.20304199	146.542135803	5.17937121708
-311.310974675	-308.370085258	3.2580855185
-2.67154279806	233.799938584	1.31687698878
-97.7024728436	290.229819289	-6.54652969594
-45.0218284782	184.286548917	2.69999585875
-280.457035671	-312.812694453	4.27719584233
-122.325849243	-30.611960844	9.57031986917
25.0995860736	285.938845262	-1.11510150579
218.872398242	-264.016459136	2.21805058271
263.196481084	175.471423395	-0.377009309682
-94.4691601376	139.800820806	-0.657768051442
-286.894651957	186.263473696	-1.36824304938
-98.3165128595	44.3648169556	10.5719721497
-68.8268798697	-149.13243483	-4.26435351467
-145.442142052	-52.8122507885	8.70856150058
-88.588768088	-313.412725934	0.200168444109
-106.098216004	-27.472626158	4.00663427599
102.836770087	-181.108305698	2.79779097895
-114.574587862	211.950373333	1.12397433431
-233.30358198	83.8193038595	0.343152804487
-311.697926609	-98.3181188722	-5.161686824
100.143315212	-107.676042576	-4.92093154047
-266.874083347	-263.86542846	10.2716626745
300.371683003	-159.114271482	4.78873098907
-18.8079994953	14.4051978376	1.3892220403
-242.698610572	-79.098390328	0.820720256473
102.551389698	227.488615827	5.160265209
-166.750643014	164.77833933	-0.776701713721
179.867759476	-309.955795764	-6.60882926945
-301.198675261	-216.433590279	3.28237047984
273.017699517	-12.1907616843	-3.39828028983
14.6564959788	115.428661965	2.61378294108
-158.477778095	-191.745006768	7.9331237987
-113.524772592	-86.4423943559	9.32636025919
162.758960475	-268.93792355	1.44030434031
-166.84441596	-26.7077376978	10.0620982315
112.714163672	98.1242274351	-0.583795631522
160.805973831	-255.287058496	4.26035649786
-269.176140549	-141.890398226	-3.70719500867
61.3257976681	178.998078458	-5.10375478412
56.9477688602	51.3917925781	-1.3867511239
-154.632560839	159.5937279	-2.69176268991
-44.9082950508	-233.399302478	-2.24706920119
-303.261782179	223.31767141	-1.02556152118
249.952593685	19.1925149833	1.56338749256
97.2793607796	306.737011868	-3.85987527645
-327.889606292	-17.8965976998	4.07520067606
24.1230064086	-112.269882833	0.0388402533916
330.224670973	-257.914945678	1.87582746909
-73.8336402015	-326.406706421	4.37420873252
-80.5293180919	87.07663337	-2.59526773739
-144.313503289	27.7263164275	5.09710715626
232.404136797	277.118434599	2.3436153435
-113.026411698	-82.9391039752	-5.42110043586
-247.146515977	104.418465586	-5.19562784084
78.885764055	39.326960905	0.709115417873
-138.688024236	6.63529147748	7.47864311821
191.427990359	-71.4180506979	-2.36288401298
36.4411653209	-182.38586671	1.14197498798
3.8498993311	-13.2016837394	3.59908928862
209.199670548	-117.376655478	-2.1990825937
19.1459124995	-223.030672108	1.58649664441
20.8922149155	-225.852102437	2.07361761519
-85.5037987219	238.75530853	6.58685124232
-157.399623899	-164.190823856	0.215540230863
159.179980388	-7.34290451548	-2.03719365417
321.419116522	-80.3990381303	2.46894484606
-307.631776847	-60.6246540407	-0.325168949856
-41.0607115842	264.312830005	5.87208516361
-184.584545684	91.3283538631	1.11200791154
-237.388684343	-264.841852786	0.322832157687
127.722822309	318.621302999	0.155458080163
-305.861539486	238.164987515	6.40612693669
11.8301143474	-147.24985369	-4.51206005232
-136.727230165	293.802843745	-0.346842882078
96.8763001939	271.958478412	1.80010845469
-286.899348137	136.478260573	6.98857381407
29.8024480839	122.586023273	-2.82182054942
99.6578291554	148.152611784	-3.92811535177
111.947364602	122.105977306	-0.113692069249
-265.622874081	8.37975702915	8.40935367822
226.364161946	31.4649185496	2.33531423083
-162.565067041	60.6573340621	5.15132554938
-282.484651037	-204.304776406	3.60296364775
-315.15087263	232.744569808	-5.32706544544
-136.455038803	104.95667455	1.6441178851
-126.605724124	-257.54693715	2.09182445087
-222.805979188	-88.2008543177	1.05576720792
307.652954723	52.8728985299	3.25479738693
-21.516695428	209.048480257	-4.59075096606
-231.718258922	293.127410901	-2.65544267322
-56.3339082086	-82.1234175894	0.583796859089
304.449775885	114.162243426	5.05854029049
130.444988415	13.8572444134	8.62235197736
-75.0016623324	-184.830999808	5.49233428128
-55.5338338724	150.687311127	0.733840008513
210.834220198	-59.174362898	-5.54100222167
130.25301077	153.060282431	-4.02980627824
-133.368721969	-143.680711466	8.46010671472
-223.106994073	-120.397362873	5.61049822108
-204.845950594	25.2990348924	0.0488718235127
99.226173519	327.00276691	-3.61240312896
-58.9242154513	207.024226826	-1.26774584077
134.234021459	-151.392713946	1.34854190555
-265.220616295	-103.993070515	-0.764203741045
-21.3819208148	223.318330987	1.68123800968
122.820962436	-34.19168135	-0.487136563668
-120.739435174	115.761433701	-0.718577227549
-49.462605799	262.295368927	4.61154209019
148.201087497	-1.1430485634	1.72852312397
-196.436172616	224.619759071	2.20799061691
-166.970306556	308.366215754	2.98501440507
-57.8336176464	-301.351075715	1.307226885
-187.240585336	-322.491902225	-1.69764937952
-21.5239775718	298.659275039	3.19516701877
-95.640537596	86.8290661305	9.03863754636
-282.036030325	-276.680392466	0.275242659608
132.561741581	-173.608769959	-9.42147829248
-150.425633054	143.418102984	-1.18408108469
-92.0735048313	7.36369714443	11.4966819489
-0.196900556186	-68.2979010502	5.19400221583
-196.137504932	-316.243508816	2.84106212134
-230.18794604	-28.9974134655	4.18773411072
251.979721634	149.869872225	0.0637040757322
96.2244730539	298.181123704	3.14893769898
101.548338799	-106.496754185	1.32706172504
93.7956719461	92.8322198275	8.00924252561
7.40628903159	200.643903493	6.81081745724
-156.379807895	-21.4245627436	10.4270033387
246.969681669	50.2483933096	2.13004694635
-157.640486201	-83.4178631689	-0.258909073214
-8.31733878352	-281.6805525	4.38606574292
315.199483906	-137.026198485	1.44239461217
-274.802044512	221.580692286	7.85007930562
-307.712591096	251.308941934	3.90818504283
-300.14269193	132.001601713	2.82761637619
323.736280184	-262.210305121	-2.04845611279
-140.261469064	13.1223156875	4.36043720531
186.100092623	246.341504592	1.50264508633
-60.1911027326	-199.986969559	0.553790129877
-125.210063827	52.8029444529	8.95374486304
-114.445251349	-202.227941264	9.92736102621
205.298223644	-97.3379538083	2.18102972288
-166.806716255	15.4854839161	-0.160306641654
-225.776678527	-35.7803048076	8.31297692079
-266.625602318	16.8272229551	1.56806941171
290.531403181	235.786772902	-1.09161827732
-241.794342274	193.620189002	3.27507714091
49.8916176039	302.491384061	-1.43727261189
-65.6248766145	203.309458907	-1.3089769142
-15.2969790462	-180.065686659	4.86544756203
278.958370472	136.501854058	1.5174386314
-207.116132441	132.67078004	-1.33339136195
280.947865079	-312.191876335	2.04263383297
124.316390801	196.993531478	1.2303872041
-193.299802012	-109.673180147	-0.272768292769
298.383696066	-247.480833704	-2.97490647354
-301.760234345	-24.6202482839	2.9216174896
143.4471754	34.1473638191	-2.45339040521
-281.024979508	313.284482114	1.24890228204
-326.423084573	65.0446487946	6.28381835749
58.6001558495	70.2726706858	2.36145880907
-34.9806341065	167.875311412	-5.26544785068
314.01323349	329.033113646	-0.429770907285
-17.6986939372	-72.8051255877	-0.511892473593
175.821776323	-153.260576672	-5.15573522942
168.640352111	-247.62136069	-2.80384998002
19.5279385297	-93.6073238405	-7.72691665194
-287.124990083	239.729262187	4.12660636116
-267.578954448	215.571843124	-1.32559506695
221.926693574	48.9862640074	-2.28848667955
-153.096922076	-64.0367955827	-0.305097704853
265.669259146	-118.538352424	-4.38300535688
-146.374434085	-201.43740911	-3.2245384943
219.619161153	39.9754606586	-3.22656051232
-78.3178061924	-5.63816401132	8.96058546175
6.72545249087	150.756002973	2.97329899816
-219.894676642	288.062201286	-0.327729306501
-13.6172468758	-238.056694989	0.796693165257
51.1878808397	304.516348443	3.19897730664
-137.46680294	177.115251147	0.384037039295
191.696718094	162.008702401	-6.49479544464
-206.956401259	-74.1247935445	7.72607721037
67.4304851385	-139.789079858	6.98965423156
194.51877166	294.433693362	-0.447326420623
-249.964662114	94.1459160423	-3.19050012467
281.744383101	263.236552832	-2.98540156439
249.028587812	-31.0340293402	2.14997837786
-249.272017327	-304.573317038	-0.559503040208
207.131766687	-54.9720434107	-2.22063447954
-138.855832208	-121.242914358	16.8348973277
91.8712050455	-63.0803829762	0.949980305912
-150.214012962	223.991980417	2.50477386915
267.746176301	152.629575387	0.449292992578
81.0137373302	159.904075843	-1.45043724236
195.43284917	118.681287641	3.62438426725
-198.766057489	34.3587240893	4.26262105326
-85.7032372407	-136.461294677	4.24377916163
-90.2580283053	51.2703209295	-2.25960199045
-273.528558343	131.241049165	-5.91753472991
-145.428435677	-45.5781220328	11.3114110555
122.943275675	-88.988958822	-1.45567162087
208.444256478	249.566191394	-3.59404478754
311.200116119	142.485189545	1.71920612479
136.596243729	-36.6858476829	5.66768000012
236.172985907	250.747104724	-7.8536534689
-259.355537042	-283.567447806	4.03576309581
311.908811617	158.431736238	-1.46070803848
283.020198447	205.946553077	-3.72666259178
221.562442059	-253.25001071	0.431824105403
-213.876265064	74.9717866559	5.74687897856
-320.092815739	-262.3662175	0.240763169511
-212.061807527	85.4309427279	0.404636370068
-313.888444146	220.000564359	6.37104143712
222.836515896	118.306585062	3.00218181776
-83.9390156214	-287.952126511	0.870453282827
-267.603437807	-88.6918984929	2.24321926778
-303.503033083	-156.236093703	-0.206072188387
-51.4525900038	66.837704786	2.50576251383
118.429620093	213.806411042	-0.527011448533
13.0544202977	-292.565963387	-1.46659463392
37.726688887	-70.2074390433	-1.4889878289
28.5934518076	-299.767421345	-4.83633333936
114.14135218	266.826474644	2.31026033498
-286.672644847	-59.979165229	4.51270756798
-272.585826376	-43.7273849466	6.06024674114
80.1455674903	-58.2154630909	-0.0582168323134
-226.64034086	-315.377492274	-2.13813673898
191.205865139	-192.631603119	2.12215470176
287.872763482	-43.816954391	2.62135803367
-292.052247377	302.232905298	6.68489119203
-193.400515941	-247.229254203	4.12985869976
28.0884036468	77.4729130519	1.32517261432
232.568474064	183.778149008	6.34006401676
-74.4814931137	151.127238023	6.76216230335
-225.961700745	-216.404113115	7.32308932293
191.158828343	-320.605465326	4.06232046639
247.019141701	-296.30065563	-0.112455775996
-33.5501632144	-93.1312721362	-1.81182820159
-60.2439371814	-226.838170251	7.44288039388
145.624004505	-142.416281423	3.17495937513
-250.66363768	-166.718667797	-3.81172750064
165.228515659	-38.1928290513	4.77367850639
261.88699965	8.7804589854	-3.25249798737
-145.225063186	-53.1217174447	9.14787020667
51.8992408487	309.511014088	-5.3692730254
-143.39269745	-138.920623745	8.22809811036
201.131737505	-122.389255681	-4.63261092748
267.882211473	-194.041240226	-0.159735677052
-164.32307778	232.094247268	4.89457077302
-69.8196623714	171.931532826	1.19131012552
-179.950623199	194.50767929	4.67110814519
-59.1971289819	78.9091995213	13.2566551412
-180.95892641	-72.7886881493	-1.38421723668
247.163123933	143.897696188	2.2073364551
-35.0744313115	-58.6152653996	-2.51376561301
275.355540306	-62.0564128512	1.12936965485
297.61122697	-113.442971148	2.85827308153
184.96232536	152.322561762	4.50692410959
205.463206679	154.031360554	-1.16966839179
151.559149198	-34.618029461	-1.73715590415
175.879631794	-42.1902077963	2.55264433138
-49.6675484258	-56.6514215426	7.00668976006
-99.1068446647	133.997495618	8.37530925116
134.703995587	10.7754517771	-0.862386844662
61.734701421	227.228551381	4.95091424115
167.066678606	-280.185403292	-5.59319658741
177.714214085	174.745501327	4.13559443899
315.211950207	180.532634806	0.394606629559
6.13732542187	-326.869744157	-5.66277830864
301.523934076	128.21073519	2.15940658098
305.737826513	-297.080167846	0.0411195599954
-152.579843316	-325.663438447	-4.1112619992
-138.824967678	228.737663865	3.46898827454
39.8615726133	92.6173723999	-0.220400809695
-18.9492418898	310.990476754	3.47317573709
285.451432383	277.145630319	1.32760103831
157.995769399	-105.816625754	-4.48837673126
-93.4812813929	-275.076059562	2.82399851752
-1.64396784407	234.500498122	0.485349367389
182.210599039	-321.319444413	0.975251298909
289.322673511	-300.206555068	-0.913589930642
246.12011248	-216.494618737	-1.14079835021
259.547260659	-259.106465855	2.86929102223
154.065828357	-246.015697729	1.30996331174
288.201209262	-159.116837463	-3.06534673249
33.5480656352	311.040188816	-3.06909710577
61.5522130154	-327.201930371	-11.8726619929
158.216776378	298.081328318	1.57817173561
270.711986735	329.335824192	-0.901416425722
-169.057250257	-290.986475145	2.31494272096
-303.338478038	-106.20333958	9.56384310284
279.698540125	-318.592258112	1.9863341462
46.2064512284	-82.3952157567	-4.67161048027
-62.6115835461	-298.759814688	-0.729569857849
-28.9811193147	205.576334803	-5.38403125845
194.611650969	-62.8887455794	-8.97957302826
-211.906298522	-20.3243496115	0.696345796844
-25.7177976582	-253.987283993	3.23588719691
317.275535971	-91.2376614482	-1.15271413501
-88.3622925384	-134.533507852	8.9960567771
314.165237249	177.318826776	2.70099785381
162.938779808	178.109903714	-3.57080308851
-320.081485112	-115.571605276	-2.45650874974
-170.243319067	96.5095345976	1.43419849858
-73.9938648661	-152.220604181	2.06770050909
-285.05046812	-206.503654439	3.76011708553
40.4585055936	44.2143017708	0.441892014682
222.857473376	-250.150622371	4.86025631363
231.774155826	79.688069384	3.34945096106
-324.246575959	-198.494860831	6.47697977456
-202.876431868	-233.21511663	1.97300315436
69.2752784305	-90.5357089465	-8.58747946059
13.8222265079	-136.112980559	-4.6522337174
-179.087057236	255.797612502	0.471096066604
-183.001336827	283.664071334	1.97332580063
-160.302927757	-103.513577125	9.46523820031
137.310611448	-270.182659361	0.938385229455
206.136471099	237.334816196	-3.81520967527
-230.180369504	201.694841092	5.29269937104
-189.46570882	34.0332590987	8.38995571239
119.841142923	-62.7838790478	0.81642968539
-230.189993786	136.55677083	10.8023252082
22.9797478121	43.8728344262	1.90003493971
45.1693960337	127.772085819	0.977448267351
-315.81630809	-72.9828225907	-1.21710856532
65.8490433554	-104.305050114	7.80066594681
-258.249913858	-100.814779996	-0.525742416598
-11.5606726603	311.255994603	2.50862886466
9.99710417818	-170.120144468	2.6292667594
-312.045666804	97.8510814556	-3.68171711145
-129.557119527	-81.9484569107	1.86297943281
-329.024275415	-179.845065796	4.7053778389
-120.968899474	41.7823126369	7.4394212363
-20.0917820746	-267.54117895	0.31278025417
117.36270498	208.287032817	-5.72316526993
-267.053564623	41.0228275069	1.28917605929
249.001240401	136.389679728	-0.731212199366
108.978606384	-175.62078681	1.09516167606
292.738715872	308.469507164	-0.97465700409
-238.583280729	177.756142536	3.61314697251
212.078843131	-297.802468306	4.29123498556
-288.545160559	-314.210712162	4.87792033963
217.425604123	197.751722286	-1.45987197476
18.6086844938	-268.416167031	-1.92058082936
189.289429717	127.930842047	-4.25517619569
-148.571972733	181.437623921	4.15160369281
-223.490948699	97.9268898665	4.05588523238
-94.2352528224	114.500431406	-0.199895283861
-285.498241623	17.9179260421	7.71927495486
-196.014410921	-110.662715533	12.4081249847
28.426782946	5.32010121755	-0.467587805931
287.548141176	-22.6611929727	3.33711747029
-87.9403257241	-96.0332826086	13.2039734452
-148.351231238	-232.162995343	4.02360754403
-298.833358478	-207.335185572	0.459178103696
-110.333927652	-53.6036096212	9.01641791376
46.9695066201	104.177335945	-0.217353059039
129.533465421	252.623843909	-1.62837490528
-195.632667755	148.684028219	0.00379038427771
153.185994976	-73.2487410746	-4.37475105398
-35.462258	173.065729599	5.0298687481
-156.770564866	-21.2058340958	3.76255182613
-172.485082292	100.891391879	2.8557154899
325.313523394	-129.15559	-0.151340312954
-80.4922596747	-201.112799632	4.85163216685
-304.519647691	19.8052482746	0.113747893733
-193.875242176	-65.2143947237	9.64557720076
8.22457838156	172.70791748	6.10195988218
14.1802162834	-44.2738450385	5.07737891789
156.158468657	-185.347308829	-5.09539643272
-253.113732102	177.602505214	-2.06776852422
322.943853019	-290.035885841	0.878970771078
-34.7662359665	-163.27710257	-1.9738772855
-311.680335664	-210.991073379	8.18033799174
-181.911652107	237.02045749	0.282963281789
267.666365746	21.5245846115	-4.53111698958
-6.28980752993	138.922709753	-2.7690631655
-237.964890036	52.0314689936	-1.04981572485
-122.825026259	-138.084525399	-2.49436116497
-271.75138051	272.625558726	1.85860461516
-165.23251941	-95.9437733205	3.62744011241
-170.63605075	287.365895602	3.58847906735
76.1744417748	116.888877099	0.500529076632
-118.051467779	208.907173456	3.14646191942
70.0170554312	38.1610344977	3.50882232384
-303.233499253	5.27266780739	1.77293715852
148.074132111	138.19935699	-8.17512910341e-05
-164.67410471	200.853463536	0.821850439153
23.8771920284	129.17965177	1.94526967003
312.506599627	-297.773972778	-4.53791273597
273.512457966	-22.6388966525	1.85096404091
3.15686332662	-45.2917393214	-2.91846022253
-303.948900042	214.606612244	-3.3032265246
-35.6089717136	-11.9467232454	-2.36788461742
-50.7366056944	-186.054504936	0.982320333072
270.09732331	-93.1531500513	2.94821551261
79.1637780718	-207.961226932	1.79465432798
-110.500743552	56.4279163062	10.3576800608
186.791338455	10.2833631368	4.10913600578
153.689989988	237.731498854	3.19609779548
69.9769830187	-145.758302392	-4.72808015335
170.727518053	-29.0925026859	-1.96608100385
-6.90970455486	-272.448727961	0.383078423148
-88.6566289554	-15.9864572918	6.38785848403
-32.1461669044	308.015563896	2.17319055758
-299.879907567	247.11790179	6.75901399532
-168.387466508	259.498001772	0.468718375914
149.017434988	-129.124740244	-4.00857488007
104.873751385	-204.718955733	0.583366505543
-110.287770908	-245.719333684	0.0314355689619
-131.930251273	20.7770479361	8.47709369788
-270.191612995	-96.0272918913	2.84059347051
-77.7297586197	-11.568378616	12.7597400232
314.659549811	7.51089008548	-0.951139899807
-97.7359937917	-296.488730123	0.318897250543
-225.548012769	290.357151659	-2.08318176483
77.9135221884	-273.33397621	-8.86759545638
-220.414958103	-72.3919975089	2.09783191577
-3.89941270384	202.980947787	-2.82866201405
-204.724571854	-101.007668995	7.32445603772
-80.2327690772	-191.871222824	-4.56833298373
-303.250795691	-205.401947788	6.64417099318
53.375673597	64.9586042408	0.89679382006
-197.215571318	-167.818046458	-2.67351363338
-129.432708273	155.059998668	-0.441725548684
12.9958948544	-142.809397016	0.3316372386
-180.668715807	297.690184813	3.95082936814
24.7045943743	314.873841687	2.16049207881
234.009575113	95.2220082761	-1.81182432544
228.441140474	70.6563493127	-3.0252468187
280.652553643	60.8077416638	5.92431088735
238.613678859	193.078906091	2.14507665964
-307.165651379	-161.103178872	-0.916697647914
-204.544581881	-32.2010568448	10.814930582
43.5359332446	-165.966356746	2.53825145415
305.102598894	-156.662877482	4.46156501586
290.87772661	178.601021134	3.6531180389
209.822167344	264.80977018	-5.47697409467
212.127858916	-18.0489522368	-1.68535757772
-72.53498338	249.085222752	-6.10760594449
-153.286870144	-89.3238145104	8.51191173732
316.116557109	-325.505980423	3.90222682395
-84.9203448597	254.151445771	-0.806642979028
127.947512344	247.48969135	-2.69244196504
-121.210303903	276.142693701	1.62964814222
-61.3228129027	315.497518626	-0.978841688098
-112.903339352	64.1620294486	-1.19298396097
-254.009600715	201.745249296	1.47229210115
34.4698877097	-226.178100883	0.605628290481
186.281908063	-266.31398517	4.63902816171
75.493636956	198.306008509	2.61324102827
31.5982840565	177.678742278	-3.64633963603
265.322833828	-178.757733473	-3.96718273312
249.976575813	100.122297684	-0.906094078769
-127.856839713	-38.5717497642	2.40264142551
-218.204895222	42.4330016666	3.30185518742
-275.57028144	144.39147376	5.26591889902
-82.0124355185	-193.030628857	-2.0222991645
-196.540472426	-248.036354349	6.21256761281
208.648275528	-239.513936608	2.88621922732
189.11916309	234.080181623	-5.08571498543
-215.039809234	231.233863135	2.88521927084
66.9467865235	322.232866181	-0.276484058043
-34.5763286058	144.511704447	-4.01155100345
-328.185632653	11.7947915725	4.58840918641
40.076538119	-242.091228724	-2.23054327806
180.454306603	-155.742736481	1.01504961952
173.505374126	-102.39074899	-2.48378395835
278.536674295	188.02984719	-1.51414995412
152.569000572	174.122527474	-0.404396095017
285.794084266	-303.698331841	1.13358805154
24.3859464389	-239.055004203	5.02478747959
219.869585951	-135.378374979	2.3131160214
32.8658615639	-223.710375525	3.75619429116
-3.47060570891	-176.207931516	3.26768740063
260.776385034	-312.123001058	0.294744340563
213.723401721	330.958222233	-0.397774106975
-105.887483493	-150.159269041	0.0172172639166
135.803983562	-97.5810024052	-1.345198944
258.293580705	-174.345408515	3.45409494325
-35.265785132	178.600086339	11.6171436837
-317.394319521	-159.678359043	6.78648719326
325.505896537	-324.145834427	2.19411815368
-251.722315722	-95.4129396623	-2.38656613172
-102.958482371	-110.746457095	-1.19750598378
-155.219593088	122.44332944	4.54101036712
171.085699973	-288.818933562	1.64833372629
-3.30437784066	-289.388940515	0.332447508401
-97.5039561277	13.9746233108	6.19266042306
230.483049058	303.149390896	0.913364925256
-294.265463783	190.053451598	6.62321530104
-203.357463551	254.827954397	3.73336806526
-51.6116752706	67.7441226342	-0.135836483262
214.73596429	224.482765734	-0.614547147996
-62.8812886548	-158.951983359	-10.0217629899
-270.30577164	-278.418588816	-0.714235226042
278.860455088	-210.83014301	3.22868947631
-20.9617104433	312.927909842	3.37890160708
43.1361228215	-186.893913407	2.36172651322
-91.7344980671	229.874089488	-1.83616126607
-269.86017336	75.876517191	-0.422049923949
79.8862928106	301.340457933	2.6793748752
31.6492775121	-14.0965937981	1.11921373651
-30.2652986205	-269.442759763	1.79713437182
83.010846061	-166.578170515	-1.71157872256
-105.539578855	60.1465327378	3.40464210374
199.619711503	330.014284764	1.67559149801
291.283104372	-229.905773342	0.120613493091
78.5092233444	-78.8448740675	1.12799130747
-298.426232962	162.781625016	3.18457039836
96.4003554514	39.1784392875	2.13088514733
-290.93367665	170.492809093	4.87679730047
224.740912947	199.425001767	-1.9179843224
256.689082319	-133.678133834	4.12278563512
-196.976942724	-135.751511674	-6.89886284324
-148.99357818	99.4602953777	0.746655588128
34.077463086	56.9844191804	2.05367464688
-244.973893511	-153.979741669	4.25767040977
-239.348894127	99.2334248571	10.6515260776
-283.960027285	115.529903185	-2.94967256488
-77.1570085111	-211.628110361	4.69433385865
-308.378500637	-212.448327878	9.1005371031
-36.639338171	150.784140346	12.6733202162
-203.50757079	-12.3321235778	-0.826721568975
142.506729204	183.358555841	-1.84039237061
104.096444988	-71.3502363865	1.46604185071
-228.31953868	-125.869576944	1.53976659348
98.338781377	-285.310221043	-3.09908209047
229.289074553	109.659405539	6.35009146796
277.490214135	-259.678518721	1.1558836712
-65.2618140241	-259.444021428	-2.30379493133
-185.108162961	60.1926979612	-0.763574119165
136.703022912	-199.562314657	2.97891561815
288.506568955	209.416334425	1.67136447075
29.9457058723	-49.9621620611	2.41648767633
-48.8441948647	18.520857379	12.3013736425
-80.3912435696	-185.089702806	3.48483290929
-101.604630549	162.656610108	1.27982579003
117.302231904	-41.4016196676	3.54861972442
-31.8787419974	108.622862235	2.70402369345
258.874307268	141.114055927	1.1782817802
-47.4369377427	85.2165481929	1.00812485792
-9.66732760662	310.502916003	3.96796888042
164.674313504	-80.8659249719	1.11808229781
152.229855854	-13.1186614122	3.24733714097
148.482539964	-115.190015281	-8.67850458026
-161.769706695	-223.708431876	5.30914474499
-146.133255314	-302.451939773	-1.35810355293
-115.167987443	60.1952525434	11.4108463404
-75.5542558577	-29.8348841187	8.26200879846
-53.6374100321	85.2722146431	3.90943043622
-255.788397181	109.13754423	6.3459307234
-151.187016013	-227.567399799	1.18125058543
117.032489216	179.211212101	3.16362013575
300.422894144	7.48249255796	-4.56677417466
-107.92823094	-60.2789987892	2.39425682559
-236.048088648	173.78322878	-1.13995174509
-144.562446315	38.1947386929	12.0539056438
141.243788125	-194.27679136	-5.1201739026
66.2062435104	43.1409319461	0.778526947335
-302.82870938	-38.495564206	-2.82587053938
-163.048343561	327.186545429	-5.20999626932
245.976704352	262.368280564	-4.99946173014
91.5850387264	-108.704699717	2.43818198081
-6.05083320021	-249.91959612	-3.84204843158
198.472109454	316.136310721	0.549526909808
86.4103728379	-325.456233188	-10.9821519221
-180.490877526	312.688675585	5.39472667714
-259.136605519	0.983033786813	5.93560510755
103.345787995	58.3777952003	3.90551358167
244.85979891	-204.768356813	6.8395479974
-314.408743123	-204.867925537	6.00324283008
-302.265658157	-1.09387383855	-1.19122184346
-269.835911286	185.042527702	8.97788162962
35.2615161568	-124.781611865	-3.9271407112
-97.2432642917	-4.20448343158	3.51366881875
-183.146565072	-68.8428619265	10.4575896849
-47.2306843989	-266.509757499	3.91908639043
191.075411641	315.735028551	0.692952454314
297.785482608	59.0507623418	-0.708888724025
-109.898332	254.668654013	1.2497542402
-213.624858018	-163.759068193	-5.93793330758
-217.75911774	-287.827250181	2.7630359856
-56.1016218163	154.571242311	-1.36734954266
-302.150245419	-255.070796487	-2.27146585507
282.856342364	327.898635476	-0.712022428802
185.801826858	76.580027664	0.26701171414
-63.9031599183	-36.5987252326	11.2889205686
-240.445325229	-299.20861281	4.70191172497
298.075887552	-228.802504491	-2.28549840343
-283.007908679	-296.23392811	-1.95255641685
216.901892233	183.398595138	7.05335015143
-209.956724319	44.4213774893	11.807134028
259.857637288	116.739573439	1.95604002418
-76.3538727375	36.0301016091	9.2245341983
112.274608086	283.664250467	1.50307011533
-0.698463399995	-170.453200397	2.32109398558
172.169531429	303.591276377	-0.20539000611
-187.936084392	-7.98861184066	8.60116339596
41.1491738064	-42.4473630681	-4.65151582143
22.7386373996	-306.246013553	-4.96321094027
223.382626418	75.4308641279	6.7793004948
234.426980022	311.892300245	1.11864565685
100.863171146	-101.70023377	-2.47026003761
-96.8880160615	-218.506098375	7.90432194201
-165.122617581	-251.869087504	-2.28769768602
-105.839861461	-184.538277986	0.482596653887
195.554983367	195.012280466	-1.2253788412
-252.715585425	-264.075568908	1.85521024653
-151.989838908	-293.177536201	4.34880755382
221.389242275	-0.182625646991	1.98292098507
-111.160898519	-116.886933181	0.404099520191
252.685913456	32.0906348764	0.67933881761
80.4443312867	252.529919123	0.548085816128
-81.4563207169	287.235065761	-0.983988553141
101.015812124	163.779187588	1.1911969901
304.277225074	-124.706450564	5.83842993196
-302.690292948	-297.404082186	7.5790823559
-235.022068101	-9.7748114278	12.530447367
242.214598423	-290.597618699	-0.875365029277
-264.603162838	178.132453638	1.04798158862
44.214494733	-92.1299470902	11.1502908132
-289.8458116	47.1321608563	-0.443786891898
197.546170083	223.869426802	-2.33321220195
209.358771623	-137.322604965	-4.40296059174
-97.4797731234	-223.304906212	2.86486605892
-249.561953901	-98.3445499189	-0.400831777334
-267.479045307	168.331318854	-0.424251369632
245.494177997	-151.376222231	1.1970498998
-110.468997641	-254.112230888	1.15110906823
85.8721459446	123.183022145	-7.37595760673
-0.859030658231	-165.178693746	7.82268031986
168.520030746	-174.285754503	-0.572585755597
316.028209007	-118.249588277	-0.0799752157551
-48.1585414641	153.159483266	-2.20151912164
103.493977866	193.935218451	1.24137807793
78.8970575983	-58.8049894105	2.89914074168
-231.487248594	331.193057103	7.58638136776
114.69102872	155.680220615	-10.1661983874
-116.173320959	-74.9132060164	12.9393238668
-218.54760916	-298.156806434	-1.31481722857
-242.696441283	211.147832415	5.47483095076
-308.643224492	117.054615565	-2.25485865997
-197.076506043	-114.605917755	12.7328318881
219.325410815	-113.11482157	2.92600330548
-268.683150911	-1.05646643688	6.68719759933
165.053124265	62.6168004604	-3.0285027886
-27.9452543967	-65.4405989099	-9.83708148429
-240.451550742	98.6803821251	-1.88284591204
162.951788914	231.522799539	4.05843889856
-10.2940118561	-46.5069206683	3.74224164135
-26.4925126655	205.479235095	9.09716415706
-299.975215512	-55.1581094841	3.48857734565
24.8029968846	-27.0887204003	10.1649840315
205.115091285	87.1826967534	-1.50053694283
75.5230941429	-95.2532675653	-9.77574143905
215.071183979	-169.314357859	-2.77448975756
-169.491505484	-54.1724650564	7.12852349191
-99.7779933635	-226.162696516	-0.00368177875296
94.9793556382	285.819762066	3.41432033694
-259.413105618	216.627773504	5.51188954203
-127.856039208	47.3216059383	10.8640464526
316.380584436	266.077944787	-3.87211671916
52.1869393902	218.73423807	5.70549182984
-232.43520182	290.196764086	-1.03039599368
-190.667342107	249.329576848	1.86341516755
-54.3503849586	25.3425130462	4.16787593633
24.3125539506	70.997551023	1.36786568648
-90.4240935564	-62.5768167727	7.24056794418
126.006623448	35.1609119687	0.188748156558
-188.802070332	8.99566978113	4.82351788922
178.464314923	-129.833104711	0.976282408805
-276.60355062	159.845332153	9.78022169749
-222.279898355	117.837768801	10.9931422935
-171.07352399	-45.0390810276	0.700021127926
260.40793178	136.495194051	-0.484823062314
-111.370482517	-283.188083212	-0.254807273766
308.408672971	106.813795587	4.26660937339
302.148675733	37.2315008416	-2.86046098172
314.07190185	158.222752926	4.17687365523
-26.1093797995	212.380983728	-3.18155146005
-160.121624156	-167.847464153	7.89512938379
-170.384596784	-317.036612945	-4.87645163748
152.970490641	-47.0643783345	9.0741827762
-303.780706572	95.5643558314	2.57840779437
-287.057725192	-2.02485874809	2.37080508518
-328.028751649	-45.7529700958	3.7086179277
268.988209917	0.104363689195	-4.4653045879
-176.316371961	153.241462705	3.62083958152
76.1957002432	80.6803119521	5.53321132877
-121.950172734	-320.422012728	4.87026983123
201.830779978	-76.118138985	-2.50145090292
226.782716344	289.933074707	-4.25642255196
-2.46517369486	318.300174942	3.02094149239
-191.690337942	-300.028424294	1.01937542154
-52.50607454	-142.715669963	-1.06760360382
-274.428812232	-199.562959175	7.52082150466
-206.245532914	-313.419808689	4.14096838719
-275.463869865	-192.141723619	9.4119606912
-325.647955185	-62.8587769054	-0.0956278820716
77.9664198875	-223.181043007	0.939046128052
-106.285350319	-324.115080144	-2.31251029111
42.7026774203	72.5500907846	0.975045473736
206.895155826	-45.1486440542	-0.934568664587
-0.742204659585	291.096862168	4.64004317692
-300.996393407	-113.77178663	-3.76621603394
164.017220668	107.244369648	-5.60173314586
-44.585524306	-63.1259557488	5.15452415166
37.2827769872	-13.9804148396	1.22982074682
248.749083989	-248.042049928	1.8716050186
-188.003100191	-102.065247735	12.7549608795
-33.6619477065	-64.2734099875	-1.23996366146
-158.763637261	222.13965001	-1.64497039881
-245.528066624	181.118833179	1.76712854063
223.109590978	-259.72618153	-0.0435889055176
-173.71883983	85.4657536217	2.41205542881
-296.742445315	-225.355223468	7.39805632509
-318.051872979	-69.8763695336	-1.04812549438
-25.5727753645	-28.5380373773	10.6780559095
-298.39769684	-18.2845975185	3.63309975413
-313.649098462	-278.499083289	0.884455504369
-148.968060866	111.476131327	1.26915161517
-32.0464647212	162.325380921	2.88051014603
-169.348777891	330.342602043	-0.555021690636
-20.3303448295	-307.099052045	1.06627734273
168.819681024	-1.36522191385	3.89986404735
169.799940085	107.512089677	3.2893326319
-29.6316372174	194.794260594	0.20783757464
37.6911023727	217.303498429	-3.96986837038
-321.850991679	-98.4080169353	5.82543964482
-208.548683064	-241.906302945	1.41826013546
234.890552228	298.675195549	3.50888061372
-304.761741778	28.057375063	4.03130343344
-236.249850524	76.0713032776	3.62193355054
-60.9765028024	55.7497132296	2.27790434567
-101.255575691	268.108691617	-3.50016845264
51.9364655224	-269.356223052	3.06141720539
-58.635939207	-301.120005329	-1.28645976455
325.267644771	19.7558276257	-0.249247691551
215.499942501	31.2016375608	3.52985737218
-89.497791971	-100.929137085	6.81954852319
103.540138075	40.1160597513	4.47554831861
153.338189103	-137.880077107	-1.60529944488
190.768293924	13.0854817087	-5.91877192039
-161.300198188	256.869833809	3.28888721797
129.463286081	-215.214401538	-6.06650018207
142.703369417	-301.338074428	-4.04685661014
267.11308294	-100.461082893	3.56777627826
32.6726625438	93.9481690799	2.10703405379
-10.4575809125	172.890337147	4.08227683318
99.0375493191	71.6960012593	-2.80158136938
-223.606545947	-275.40849739	4.32445110246
-28.3334809971	-175.231523838	3.82708922653
86.1946500012	-324.782696758	-8.66667808146
81.8562385763	24.9250870676	1.16368857376
123.242051832	-239.97165011	-3.72356158864
211.661601808	-190.938317003	1.72583173331
303.725143103	196.127877532	2.09365632262
126.795330111	263.940961159	-0.98350431502
112.842673369	-67.8633317676	7.84964536567
136.33921408	259.393966214	0.066641486714
150.16445752	184.345332739	0.444145312664
186.443384877	148.205281085	-1.78831819498
-300.662643847	-124.342363561	3.3592607968
-258.1020265	-4.13120933063	2.31430106788
0.233394783082	302.370240131	3.35500207584
-163.796388643	-208.431884101	-1.57712794576
22.3239711447	6.6212749499	-0.91873911158
274.021115231	-194.298465459	-1.88922243956
89.5299650925	319.944940237	0.617282598916
-292.298741296	124.609242997	-4.21025474398
18.6652559469	6.49699971623	2.54329975636
106.76686261	290.333729078	-0.797724201009
-284.716805806	-308.296804918	10.3601599319
-289.419897577	174.523885925	3.00965715136
-285.142235295	254.025718134	4.29309184182
104.513552303	207.7417569	-8.71625643109
302.767570341	94.3039547999	5.87666808718
-220.594388705	-254.235380181	7.21587902356
311.730545201	-274.256777137	-3.45511748607
-131.458355687	-22.3555768501	6.68014134859
24.847725824	324.773236421	-0.750645217738
-150.57306003	-328.34449767	5.17530145188
214.410854445	100.300358825	3.77927049539
-99.4434263439	98.5951745075	5.65800578776
236.075726769	121.297533024	3.30994076169
-220.065089009	-160.657584923	3.65452994339
-149.690116194	76.7661867605	6.51953155017
5.70996726927	117.957468592	-2.54393413517
229.149383376	-198.95137677	4.02338959097
-113.038842574	92.4626978524	4.46388810375
-52.9845621121	-281.925434363	-4.10548083944
-244.004532579	-238.174683572	6.81467055068
108.085235778	160.739295547	-0.7081656138
-62.8165255858	64.9493957363	1.27794002026
-27.517831563	163.13054851	0.759476779454
-150.18960176	329.64461147	-2.50988111198
-190.94033329	276.335745073	-2.82937214549
72.9418739569	1.50134047312	2.75581176414
-295.820023825	128.089542341	5.41930924021
-284.864846659	47.7789950307	2.43984775027
90.0045083593	57.642307984	2.76698764512
-115.369239365	-322.13136908	1.33813499353
142.271490728	66.2398861576	-3.44228400881
235.90741906	317.460171295	0.200223235879
-230.484888143	-268.466484111	5.1177836555
-96.321784536	-299.889288276	-2.54705643695
-54.7188689922	7.38755573655	13.8358495095
305.642633966	325.775966857	-7.50223883181
-281.250773619	-259.329280162	3.84921569779
158.702197482	148.494862117	4.63273873441
-95.7916532499	198.800680909	4.5499347023
-195.411648078	23.8805092203	6.90627211179
12.8489074234	-74.8475161873	3.04478194495
228.061661131	-65.5302591749	-0.578573417388
312.290270471	-321.888605982	0.810868861768
264.30616062	51.6717502648	-2.57380916493
-187.37924546	-81.0167539643	-0.527323053814
-261.367464579	18.6625559313	1.4389884465
-273.860260997	214.377593437	2.34895707904
-195.006303708	25.8902854407	7.37538488387
-203.708419055	-243.779104911	7.03848267406
130.587980051	164.589842439	-3.60444613299
-303.503353627	154.918794995	-3.73272279869
-213.178007117	-123.811774066	4.28948755153
-19.0268736814	253.004357451	6.01778732338
-316.40502451	-105.807259279	-0.787652998076
222.059206027	-57.3580934519	-5.14398865353
156.22691563	-327.324449849	-5.7669923491
-246.718113634	326.394688266	1.14249265744
-51.1914649786	-10.2682815688	14.6428782918
-7.85957606371	-326.628757247	-4.90517609201
-150.822692434	-126.142353622	2.50289029842
-309.983957988	54.1137008745	-2.18235669981
-15.4617123988	-187.555787156	4.92391307912
-24.8846839917	-222.399965634	-2.20695672908
10.0073227249	213.234227153	-0.314715799187
21.7954037832	-178.90626216	-0.0294903139505
-316.227345653	-248.345898458	-1.28193271053
30.6284449312	-10.7171503155	3.28689995342
220.503016856	19.9466973704	1.94361685671
243.133197445	-41.7487117563	-5.72370980223
-184.154402167	-295.983515137	-1.78072117002
-32.7387780795	-317.336494158	-2.9511154404
54.2415631092	34.6054737787	-0.527028269924
31.503075529	-20.0113302734	-0.360640058143
-2.44174821046	183.211023282	4.39220802352
221.982605559	-272.004865924	-0.806104630497
154.344665302	-132.754410913	-5.90468597323
-225.337240213	-179.757004297	-6.75198369195
-7.97063442576	-125.86628399	1.60329222336
-153.267689012	-102.907814746	6.87962274473
184.070988833	-173.077273301	-5.84146622694
151.557288171	-167.168782503	-3.53582892818
-239.333535124	-199.232349037	2.99572244514
207.030935188	141.722208495	1.40244539486
222.575115887	-158.775765429	-2.44479852305
-179.217104753	-233.270782469	2.59537407838
83.9504297242	-96.8590478503	-0.531196949509
-16.5300899933	325.868934255	-1.99910812925
40.3954330174	116.522595202	-3.06250705387
12.893091457	-249.961770225	4.12617675027
160.941234072	274.161775143	2.36521590384
-61.4649210468	-33.6835732844	5.84005456204
185.767367992	179.853237059	-2.47672060701
122.347594366	-106.603604842	-3.81375409663
172.179532912	-195.16377504	-1.19361624504
176.323748792	261.155860747	-3.07121849301
199.045532604	78.6334439198	6.75054554765
-36.8302740589	-105.512933278	3.37952460483
95.2346825461	74.7167309434	6.50444451716
142.146507513	26.412691265	4.59246095541
-7.37210429249	-247.387758571	3.33942986018
-193.29860846	-269.463756041	1.50698847907
-137.358203527	-180.725959432	2.86113469177
-103.408107649	105.221559313	3.27229313771
-97.1396278879	-64.4953305024	2.18412646362
-290.232524104	-107.776043598	-1.58859986562
-45.3850143373	-48.8039719971	5.65206188098
210.452235013	-49.9026845215	-6.1763236829
-234.751191335	121.896998593	12.9035677421
-290.603995309	-137.338185853	-4.136839824
-181.332537757	298.739908154	-3.68256608929
169.266853342	-92.4417375302	-12.1870305559
7.153323296	-126.797390256	0.667301240747
-304.386863366	-242.011222317	6.13804434168
190.512986818	143.303496886	3.50930871419
-5.39103589181	297.922989354	3.52510110303
275.590603369	5.49893130385	-4.38124810223
47.7960920301	80.3612888497	1.72262313695
88.9746158659	-3.75943256093	5.97958723978
-328.636243201	192.226205752	5.29936038839
-212.665751828	-193.545776287	8.18874571126
193.701121759	-175.447079819	0.716350864308
-180.583319738	-297.627216763	8.15102256343
106.775467046	259.852848925	1.69130972508
-286.224933153	141.318501306	-3.19465151893
128.380766511	234.760967466	0.798807586502
-166.547174798	-135.986163583	2.19648519492
-233.089110844	55.126081655	6.43730989585
318.303261217	-8.7500522581	-6.48283347027
272.334226469	-28.9238267901	1.73633080167
-196.084403916	-163.443049131	-1.8730614378
256.460935547	-125.35308444	3.78099724001
-227.898321003	-98.8646962246	-0.366148883462
10.5917844025	187.282824007	3.20739439968
227.089405736	-299.803731852	2.80754006195
-82.5876743503	165.134218412	6.75691236356
-223.218362301	9.19753303406	9.50813908668
155.632251783	213.657037559	2.43231583609
-214.188754544	213.662895295	7.18526119672
243.029905706	156.858979599	4.92701835978
207.643661613	240.696439245	-2.88938426967
169.924641274	-187.587002319	-3.0539610076
-85.7479854127	-136.170061687	12.2183544607
79.0963547402	-291.068046674	-8.9881432437
-137.240317077	-1.86734183625	6.18859057615
-146.148558198	-202.40613446	2.2400432043
-210.720824451	-92.8894654294	7.94711396164
-292.344039714	269.556206599	-1.5937176164
-66.896619852	-67.8893076176	-4.29908956135
-20.6948453589	165.307506392	-2.68588298725
239.484301024	-282.738054479	0.685893153373
59.0713445878	-95.8507711889	12.3170766166
-329.970537453	236.009574325	2.42819029643
-205.434905839	265.119724614	-1.61749374177
-63.2510094624	205.926138623	0.438954745959
-63.3435034894	-246.651024684	-0.875724931093
95.431161554	-17.8369108743	4.41213164149
234.303898375	95.1340905969	-3.9305708572
71.0479946598	233.117581234	2.45103704526
288.642863851	71.5872766493	2.81823339972
-123.864262066	-153.600168238	0.618402481643
-3.4787632999	71.9140952997	4.38048711379
128.343967471	-99.7928660841	-7.30408370119
314.387546139	-314.789666944	-7.55487463876
-285.419231762	55.6201392935	1.39742347203
-322.382128638	-196.041076494	6.96472004762
279.715284811	61.5426888488	-6.69999273876
137.729697184	55.7870799526	-0.645083491751
-300.691931906	-311.868905649	1.40361013256
288.412327007	122.565511536	1.20185943181
315.527725552	-177.547560167	-2.29462949996
88.0688251288	207.581446235	-5.046217391
-234.041687061	-154.419144648	6.31867056463
-311.862507742	-35.3121673176	-0.559828775423
-289.172745341	2.30415253558	4.02472166402
86.7982056005	-125.570821086	-3.9808205983
152.672338474	-60.5904607331	7.98581901931
-70.6118553165	-254.845227767	-1.55664716432
-78.6677698093	146.791859856	9.69306759997
120.314647218	-159.422702519	-4.78698848771
-160.905923926	-250.189825129	1.28690547306
-32.050940358	-142.009466809	-0.625826856485
-60.122892687	129.715959918	12.7025157301
-145.160659246	54.7059714578	1.85540887415
-249.887947446	37.3046205712	7.16259953649
-18.9577439935	-178.855301174	-0.853286473164
13.613077496	244.869279292	0.143408706853
63.9426393898	-47.5907836852	10.6819982965
293.755905284	141.468641621	6.11925544934
-196.858875812	-306.777168365	6.30668430366
256.117667672	-93.3176115931	0.819760247576
-50.5395915129	-165.802194972	0.975776938798
257.870380509	44.1721587821	3.91264269182
185.408155529	-178.442371581	0.321013456442
-66.7745132148	127.31615932	10.2370012021
9.16998294281	197.934014838	-1.53099923182
-38.84411618	195.984929742	3.61994581485
-63.1804074162	44.4316154294	2.70903853706
40.550020423	322.770132754	-4.09041156047
25.1725686822	108.694449832	5.9761002621
63.6697767039	-59.0558108763	3.14289476652
38.9217474961	-270.279884973	-1.24522321204
228.786484916	-151.313231538	-3.77081177201
-265.500847421	-241.315940524	11.069501263
267.843093585	-64.0184877648	3.26928735176
-294.426055147	-104.334436315	3.00415067333
-259.962284738	253.473652593	1.46349503439
71.6657890927	197.58771314	-0.415892721763
257.004232291	-217.417701922	-0.646501086449
124.067074556	-275.937224281	-0.802411229669
160.762401114	-32.6152327873	0.65180289067
-86.9116926042	-255.301784806	-0.772913573242
-132.238593531	150.882579465	0.0393595982314
44.7222795468	167.500535757	-2.36393730312
5.14643780235	57.1740734258	-1.95800170156
293.204273984	-324.84184699	5.76794848945
66.8555132551	-3.18085941819	0.101137103105
-192.463042706	-330.144698162	-1.17882109526
42.567159295	119.668581417	6.61304078042
19.1585909166	-46.0256048086	-3.42493466882
-208.954580526	-65.0887432251	-1.1924479912
26.7963693966	-118.601364007	7.90728538633
162.653310972	-230.14301584	1.15448182604
-202.494449567	-223.643371129	1.60114135237
-106.811285404	-193.523223706	-4.11584973485
-248.562841373	-295.608710396	4.87340183666
-314.495190278	-127.838153651	4.08668283686
-100.583572143	-315.456724578	-4.93078252579
162.393229027	-186.936365969	-3.14892757055
145.625255642	-50.0598233995	1.31245287025
-30.1394203251	-104.519322861	4.03565579182
150.317575252	-298.830464936	2.34957016992
97.2583610814	24.0973879038	1.61436437175
-52.7632316539	-207.513238182	-2.74199337156
-74.898740631	110.693174882	-0.27405613611
326.581692685	-264.808556666	1.73249185273
-187.300838026	327.927744321	1.3847313341
-1.65019531206	143.065147781	-3.84253446626
-253.606048924	71.0725801865	9.18175792084
229.912939709	156.428141621	2.74081107628
40.7856962715	-21.2621675882	-0.0849395233718
-233.984195109	-267.625975252	2.20635907607
-273.670430712	-251.456584012	1.82931144114
226.713239557	-294.743046078	3.76994695605
64.9897706259	15.8877628406	0.777584149727
