-385.059738274	251.112011814	7.24132259011
279.323872979	250.099393457	3.72922962648
-344.90683913	361.555026791	-1.7080826011
-410.55484118	-33.5745655377	-2.90245583033
-79.8014017021	-202.794809602	-10.042137492
-193.140322033	343.788261136	-6.57236288341
175.95939503	193.222958214	-2.99093639965
-313.116257497	-425.249298533	1.9374781627
-11.0625474648	-233.912412326	5.45963456725
356.780933589	-246.895895748	-1.3005300938
-283.463122672	262.811004876	-5.0035912984
-367.478681958	155.46373722	-1.26996725108
217.623441855	-186.510932585	6.71757916725
-443.654794143	-210.249794062	2.18700299555
337.976973342	-61.2439662855	0.150653008574
-385.600316908	148.160249725	3.65509590415
-46.6616128863	315.442266679	-3.8434276017
405.286846715	-228.569077651	6.67505111723
-416.309676357	-173.459539525	-4.22623769483
-441.537394108	-201.205072486	-4.86069832288
51.3953469043	96.6142349369	-7.2057249099
-372.975119175	328.260063731	4.00154373574
-415.855558374	41.0489399356	4.32557684795
340.506762312	92.300119539	2.35138674346
-338.950801034	87.6860157936	2.45916975484
108.247754744	313.496235545	-0.434415471532
-411.991162834	183.753217609	4.78943565648
-278.010804586	103.092774588	-5.18319078537
56.5511278949	358.48076783	-0.419022800427
-298.815785025	-258.976260614	-1.21071842666
133.173630748	-237.022708619	3.51231116895
46.1375508014	-94.0218293309	5.95973993315
-274.016032014	-136.332695079	7.01493186385
358.063695609	244.506600064	0.484267460009
-437.006087751	-5.33212594993	2.0991789008
-1.32113126414	-189.435004042	8.3799291123
-56.8152900555	-430.833604864	2.40198494397
442.756051868	238.931823435	9.44087587452
-13.2426954215	-307.788903698	4.15499127789
-327.109820906	11.9698300029	-1.51999300374
-303.78757766	-229.983587192	-1.81057860653
67.0707364568	-322.079344961	-0.392007883871
352.135287443	-194.855664205	1.76731682562
24.0329403695	259.208731243	-4.52358931083
-138.250517985	-215.957464995	-10.2609735516
-76.0975124176	-64.6984655237	3.95106827853
73.372279245	158.071979801	5.28151527288
179.593560796	406.183722954	9.7860556337
-119.742396413	273.108765255	3.69662632781
405.073576111	-144.759414906	7.84224742653
28.9925106687	71.1013397206	-1.8934383287
-356.751430698	-38.9567782614	2.25692527274
193.72781322	-286.177651859	3.85787446008
432.194666802	-222.125293715	-4.05319944168
455.151029243	-103.815452832	1.36595218858
-114.747973285	78.556255524	-2.70707995998
175.139389074	202.368760541	-1.90696334811
379.503040327	-277.953339194	-4.53838865214
452.963304559	156.192950032	0.888220445344
109.11716744	76.4807433444	2.57265700746
-393.109468794	-101.869338511	-2.86496911075
323.948501611	91.2506844795	2.51270532799
-112.790276198	-50.4763580784	3.97335932101
-242.257828162	391.060695405	-0.664458936991
-393.493273563	13.1359969118	3.45210281681
118.499051041	360.128431059	2.8706447485
-280.587719383	-389.818336696	-8.0065276782
-45.8680765726	-91.6321676997	0.729255272027
207.985366918	404.500187502	-2.91752786503
-397.677025875	156.619024404	-2.34237506658
-34.1963478814	-216.870748135	4.85934553675
-441.523384046	-373.933235001	8.04319284923
-424.917733007	283.827963006	2.80990712711
346.545976021	233.180688462	-2.59988156266
25.3065972053	50.5974873615	-3.6206512857
-41.737873498	-0.531415184698	7.20322115844
366.05035641	-276.373332086	0.504040494548
356.258368136	107.847334112	0.106659785966
-383.663991124	86.4853841695	-0.379158882941
353.597963985	-315.553214717	3.57648208547
-421.716396984	379.301366145	0.162979900831
-253.208919045	-181.805730025	-0.449789780847
294.61454015	-255.968316869	5.78546312392
275.319658201	-222.947494743	-0.3012903355
-447.202379931	-80.2502519719	1.65706767652
26.6375429872	-445.127455023	-1.71844920424
100.018279553	-446.51280846	2.83069865944
6.33754548779	-428.862838633	-2.13323346176
-115.244244396	83.7605318963	-3.6856822594
15.0440767409	423.203465474	12.3358798292
429.198017201	-159.621663732	3.73636234836
-111.055444238	-216.939317571	1.38970725215
271.719774196	-316.435365567	7.41305442393
269.380496621	-317.840143717	4.69225948132
-439.689126716	229.979624685	1.998770052
-249.347290735	258.964634578	2.2459504181
-416.769786261	-309.509126198	6.47772634221
-162.69474274	13.1834347282	6.50334790218
-113.072889275	-14.8715039687	5.04886267666
-196.860419655	-118.770862676	8.67887526855
-105.011934573	-87.7942978865	2.73110927472
-197.350315112	-9.47060563158	0.71607023113
-362.690772773	-346.153085144	0.169410568724
285.469303155	-295.087260039	5.07896573271
323.06696651	193.190007483	9.01199558775
-353.776428877	-197.689072948	1.79518796069
-340.957055811	-299.979710087	1.11732804038
225.564102843	359.232442226	-2.63087557266
-20.6184122497	434.942105557	-5.54164065454
-179.369531765	391.387595808	-0.648041273498
-120.642339272	224.516323823	9.07308455569
270.251354168	-113.591930773	5.97782443843
249.554681562	91.9910610984	2.59388872276
-49.161189851	151.879589237	-2.71771123119
-209.05081346	160.374725047	7.55974788963
-48.1922160996	-213.338475919	9.30058274393
-38.9256497252	16.9692394949	4.43456849808
-5.67848177935	-113.154189969	-0.189712884326
126.99880775	-339.22408896	1.32840292335
-288.418046309	-278.130075537	1.85946466391
334.380020201	337.208188757	3.0313514859
-79.3934326287	-97.5579881644	9.1786736626
51.7011054786	-193.466486944	-1.88490508847
-382.259215505	-280.479976279	1.19639552801
414.84780063	-425.71284811	-1.53662325378
-136.088448781	368.616500792	-2.64376503595
-30.362199404	-166.961981267	-3.74824713382
306.693338099	95.3630852887	2.40831201289
-390.290335789	-264.040563882	1.28380860076
-63.9547477189	-56.7645985483	17.0509092847
-407.146026469	246.729835151	0.949700500177
-158.969635862	-335.825912365	6.3530374416
-401.337817553	448.899596382	-2.24659179215
55.9500637346	-361.649390498	4.52853673588
-218.311571966	210.172142966	-4.05028832398
-141.344570648	380.223347729	-2.88232573516
152.388182521	246.245793255	3.73895127684
170.184828288	81.8677121682	4.2707496931
-306.112040551	423.162399361	-4.62903393315
-413.704685216	164.780569044	4.66438516142
-24.3848796948	247.526349468	-0.0822972469806
434.356657331	-320.902699679	-2.53376389329
-64.6861409336	-180.958518514	-0.321239957502
64.0185419916	424.648412007	-11.1344156859
-401.619336865	-138.497261235	-5.88785395013
456.084913234	-178.38260889	-3.40276295186
-105.466001301	19.3278250664	2.63984123131
427.205825579	-62.4753125653	1.77913135294
-75.2748265053	10.1231948148	9.85011112675
-290.366003335	-106.016565212	5.86842211925
343.921013011	284.639229485	8.06515647837
234.683621494	436.311622338	-4.51290181076
249.593098	-276.8590057	5.28157114033
-423.844643241	-30.3607485851	-2.75387085993
-166.816296254	413.757749213	0.785316017533
-215.964159064	170.978605663	0.947189346621
383.701174212	9.52724476424	10.2814993542
17.566170324	99.0383550736	0.952467569041
-35.4155396297	-246.393280058	5.22753269195
97.9353085433	410.307408844	-5.82719986368
-310.536022725	-100.32135041	-2.7583505532
126.5111147	211.582642466	0.988452487682
221.898282837	-364.753133362	-1.60574347358
-422.825273307	-325.278385107	-3.00923604315
452.336706913	-282.762268008	-6.5300495878
51.8246379367	302.988689741	3.4702410319
342.90708503	106.919715103	-2.10343776637
-411.181785859	-440.601015396	6.93590702216
-380.49776519	362.447483856	3.16412362736
425.542680254	-146.000968333	0.558203032167
272.104700426	104.142958534	1.87307102748
-340.952431964	21.5807489335	6.31106847486
276.611331289	413.250412931	-3.67442183902
-109.328616734	176.284809175	-4.59153007807
-334.606805854	116.555424002	-2.90343981794
-273.185774533	6.20440252205	10.4536884739
123.501453754	-42.1490643692	0.052847261787
119.580127008	334.050028001	-3.23679526525
196.119363527	-283.099969817	0.119303107345
230.142389506	-180.87467068	1.4394855004
116.420204635	-326.494582482	2.34891160868
-333.189875439	306.063365933	5.41526642079
247.798880506	379.287958568	-3.03175481958
158.100573447	-70.9188671631	8.40330191834
276.555269714	-443.031049673	-1.62897185864
-250.143223491	-231.669463378	8.59129325958
-401.096459339	339.916571321	-6.87965545481
-254.265010995	117.90779835	0.944518688966
332.847549444	-306.738421193	-7.81217181754
41.9974125145	40.1662558335	5.29289500726
428.29963	46.9730752426	-2.67786167866
420.201283329	274.100691251	-2.77100803722
337.082542798	-285.599381487	-1.4045928713
384.201909968	143.518384451	-1.90134393529
446.488237899	-341.737859957	2.98616621289
-37.4906955313	-0.556300770641	5.78472557038
258.712378967	49.7183876288	-3.93673995241
3.29403246131	158.787312538	-2.92213736096
148.262379104	247.702666986	0.659686733015
271.207086602	-140.949742308	0.710855652731
-126.802344905	-21.8642086434	0.109936445829
327.971332932	372.552037981	2.61220323762
-231.22962661	-73.0742303491	8.68675521745
-15.8431733454	48.4674031819	5.30194437708
453.523534815	188.951878319	12.8863842579
413.016712018	15.158557848	-2.27401264912
-57.617991867	441.390409077	3.42441181664
-24.8069497147	452.998689902	-4.79008527466
36.4887598166	-173.428722149	-2.63717896637
-416.810329581	60.8962231644	7.1129999772
107.713135546	24.0899695617	-0.336646886789
144.715233588	169.222646487	1.31219002118
-2.91999338822	134.74853952	-5.07026787727
326.034099493	-184.994822388	0.152096479067
17.5337385213	-97.3381395321	8.31442934214
42.1048148079	-52.1335333751	7.28734803928
442.506973081	60.3220288586	3.40570197598
-173.284422588	315.179823475	-3.82001333694
-444.376946083	193.235792854	-0.168073804888
-250.008425511	-250.868816575	4.7152654931
339.345538057	-194.982957898	2.5027919326
56.417945876	86.3027784468	3.28229960698
-332.146003557	145.12747727	-2.4958290145
-164.550481693	207.648547692	6.04391363218
335.321982751	-12.0078317211	-3.20557760431
90.1543810957	311.3778565	-1.10124505526
-447.512721326	-404.518919189	-0.151881791171
-299.889173321	391.781644643	0.0893894561669
306.95507488	401.793827812	5.28611496468
-401.029631545	141.668271262	-1.24725967276
105.961504849	210.0662623	0.261494887831
-254.520650898	-412.630568909	7.27501504296
-167.341466214	222.90925357	5.30745439488
-445.395975382	28.2108228846	1.89921463906
-35.2840137854	-5.49085842538	13.3333234651
96.6212170107	245.923751752	-0.570400840523
138.483962682	214.390436819	-2.02270900028
-315.540437186	188.507062413	-2.41255780251
-401.59600073	63.7937597025	-0.688217920432
-451.958792829	-111.853834047	-4.95460829031
-208.171645353	-182.611997656	5.83036034193
425.363673677	95.9885399104	6.10457699393
-271.664850704	4.01747697871	-7.08098232254
319.850486166	-3.10000648234	-5.51866750393
3.23392218028	50.5350186945	7.82819263851
-395.251728412	-281.589460746	3.62673814778
364.264425175	-369.53176472	7.64864123094
395.787361383	156.213518749	7.14121065289
20.6426637164	223.684079847	-2.90677476082
-264.297233796	294.356295247	-3.04668868583
262.9643728	-122.185841282	3.84716102372
-297.428091038	-13.1809930481	12.3162961772
-342.691062774	-339.033798014	-0.958257147452
-49.1758419615	-85.1612811524	-1.0605844739
-226.076181075	332.819014021	-0.582390954597
18.4916744386	454.906093668	6.80058711021
77.0828084839	-428.292254945	-2.15252697797
-386.960396667	196.052245131	4.50343483573
306.888336818	426.542427507	-7.93547394607
106.932362192	290.253664312	1.84990517304
344.039974883	64.0298905132	-0.58729174387
-19.0167155006	198.44119488	3.66834342117
187.772534009	-424.243543205	3.76375671259
420.528184642	-372.768026061	-1.87328074288
-340.018855491	305.282984065	-6.5082329498
308.622802079	342.524020645	1.15943623939
169.562385303	-50.592887469	4.21056200905
-49.2394131581	137.478021755	3.68576954496
-323.529903779	-287.041453273	2.44924438304
187.611406654	-268.046847853	7.12164217181
29.4269988305	38.3985526005	8.38842509119
-316.725565042	424.934442066	2.82124965471
-257.998993647	-150.531533608	-1.88004013414
94.5722101607	-377.806836489	-0.562889381555
366.645503183	-188.211657021	2.67409341862
-307.367763768	356.167553459	-3.7271129739
437.331072911	-70.8435487187	1.23301809107
221.234838525	52.861363594	-0.213614782556
304.339416504	-170.905037051	2.04396696598
-25.1709615948	-450.162754486	4.75340891091
-301.792249286	377.348687991	0.734714319375
-237.957016943	-370.798021501	0.116195027581
-387.954699002	55.4644597377	-2.28649534335
260.454587494	224.874894325	-3.54019253174
-234.402259164	179.320913615	1.01731556118
30.0897686992	75.1542895295	-1.87813252324
-341.054475064	-104.099072277	-2.78223595396
306.351791224	41.4064211082	1.41687541373
204.388835948	10.1520517205	-4.30095579677
285.216268835	-332.486650554	-5.46369355747
-83.319141861	-236.401064574	7.79832471008
-250.704633472	288.069045229	3.05607290295
353.347600248	298.210862405	3.83163398601
-129.42121295	274.107332969	-2.09404346589
-325.65499047	343.230986052	4.08780887436
38.6119869149	-168.735024616	5.76200382687
47.1271458546	313.305439815	-6.86748235129
270.070057119	247.108870465	3.92659122356
331.763900586	-81.8324172705	1.36572636002
366.275106562	-134.260259349	-2.50321803491
-261.701332074	-104.622333221	3.80830030984
-50.5604196882	-421.085434798	-2.70930139584
412.526756044	25.3322262353	-5.78066103673
39.2217261926	-456.474555812	-0.630620475142
121.481441642	111.027074445	0.910208632496
336.801734012	152.12122694	-0.154144633804
238.8704066	-378.639742501	1.44499996175
197.922504794	-331.663741797	3.72714824496
-212.510081371	220.086451766	-1.0450005497
-158.432436214	-132.114826953	5.64979849369
-135.233576246	320.423466758	-7.9559439467
-65.3257523866	-308.058963665	3.49034165711
-326.791106061	-166.9707986	0.792970622911
314.797660189	39.8735648214	-4.33129543244
-169.450571332	-65.4300405973	1.29887978266
-93.6530916304	-168.983698248	-5.34188315928
129.957695447	-78.9723796907	-0.382306011241
-80.5135648438	-107.312940574	1.33308353204
372.407515722	-437.761582916	5.18385154466
42.2724174645	299.318876231	-7.34228263609
8.91518986625	419.886700536	-6.35231546078
177.135286861	-64.436555234	5.54455888218
221.707349936	-173.25237001	4.26447989759
191.188026161	-371.358063151	-0.628566056822
-455.786173173	-114.517440731	-4.18052376654
2.34068346472	348.134029991	8.64756601806
-59.3608583579	-419.943161203	3.36661783421
366.66616384	-264.151717109	4.72119752623
-22.2779856427	-280.887928459	-1.93444316327
154.568181582	369.493230872	4.4499549198
-143.08107837	364.076857193	-2.63661299752
59.1785515767	-277.850881698	-2.4745067568
272.88291459	353.016114298	-0.427867108889
431.55613519	-191.058406704	7.83871282749
95.016441756	-203.28840958	7.42022165395
111.593531266	-232.176108645	1.34292992136
-17.2547429408	-137.572482633	-2.19721393741
-331.278232686	210.580628257	7.7282326271
-297.931709583	75.4966066395	-0.370684616056
422.51479831	-288.647428548	-0.508939697157
9.85511216798	201.697710253	-2.13647996042
-109.838963744	-433.732425911	0.725142851693
347.320930366	112.176559713	6.88456417344
-33.0941321364	-345.982087193	0.294662683533
-11.9106127082	299.36081638	1.54796082679
-284.263263872	5.11749598202	-6.02398245928
390.360914826	448.941328988	-3.50538122147
327.335614338	189.679146056	4.68020180663
-38.004279753	286.646063717	-4.57727252322
123.585595245	346.914001822	1.47404171991
232.492558244	-141.395176717	9.73791314057
-115.075768731	257.15133162	-2.91157943621
368.611278666	-260.337166825	-1.09897856135
-443.43286188	-424.644479142	-1.82911642021
355.644448851	379.62983452	-0.0439552699316
363.60359921	-273.460148408	5.36429889415
439.671050079	69.062087152	7.73476435397
356.226066115	430.356661157	10.8896965084
-247.417081346	393.139436191	3.04081077028
-138.782247471	-284.147819355	10.7767341434
418.675387058	-76.8635644374	0.360460424863
448.331308892	-305.100556049	-7.40861371092
-227.3856176	115.316013564	4.14852810675
-163.773292843	-120.794092508	0.26364569559
-334.296123277	423.451348649	1.47337898004
-269.207211829	-250.43158388	1.58211180682
-406.939577772	-336.083494813	-2.17956267513
-19.4097503239	-361.041355742	4.00019512612
-82.3151191556	-428.259291368	2.82972448873
-377.278554735	-316.57411836	1.41818840813
-437.878918967	349.094517475	3.13077060029
238.008452705	-352.852602698	8.75976145499
-73.2496841101	4.8630467915	8.82846534074
-195.411004651	-331.84291941	5.97850647323
-62.1712471575	30.7744772228	-1.49291193941
456.385268968	-341.326206501	5.63271098186
-0.323294857845	238.073676457	1.63042613538
-440.495976902	-422.42738754	6.50572802481
-4.28718374967	232.911943093	0.603513659957
-312.928696028	-214.990865382	-0.973463848465
-91.8842457075	248.5939192	2.98980342899
-210.873845757	-352.230674683	-6.4148219394
349.559029629	-48.6532393901	5.38138610096
307.828444015	-139.21209338	-2.25567229544
371.188063269	-254.679514498	2.66064781297
-217.432160105	420.543611647	-0.697360759102
55.3639676535	-59.53354861	3.5988396965
331.829025892	216.728905831	4.47253675691
86.2094187441	348.231113223	-3.52270319685
-426.016333717	430.556300131	5.22463723704
-154.744116991	-113.215695797	6.67283189784
-90.3549058886	-302.371099555	-1.35130605201
215.224108099	-256.030624564	3.61404785405
338.93270807	106.310220841	1.83365567212
-348.210681252	425.667600056	5.74438289823
304.738433552	387.106839355	5.85163395557
276.003756488	236.762660453	11.0060435226
446.441361916	-20.0813200575	4.63179650439
58.5553915157	-304.849195346	0.151141775035
306.376421235	-155.403394616	-1.0677298496
36.4721078438	360.613021053	-1.02909893027
390.358362724	-336.299758424	1.24859201922
100.753076153	283.666617133	3.35067829893
-369.905160595	205.708984061	10.3250501886
-430.543687517	33.3690921922	0.993906403301
-290.898573691	-394.405939517	-6.89050212167
131.14366115	-242.075376147	7.04465501066
-366.514163067	91.2998626865	3.61432181486
-202.33732536	341.504262036	0.893446232081
155.228919969	385.783768179	-4.12836675781
-316.073768579	69.3509292547	5.10528533586
145.154238605	-95.9613982734	4.50970820969
-339.552889951	9.29791274241	-0.0503033852887
-295.245746669	-204.101929347	6.36743301308
-428.551419509	-126.283193	-4.81683463426
-267.206316903	414.67147209	1.26966185111
325.557461031	-82.2007280471	11.7907669267
65.8968137886	-305.619270122	1.98743539943
270.341475651	451.158569006	-3.82187202478
141.159387743	-189.895367097	2.40557142456
380.275899832	-36.5702040916	-0.3679518086
364.670287035	-185.660490244	7.01961491333
-323.26879596	-103.834227198	-3.4370557421
210.771580234	280.814203856	-0.786374113784
201.244530925	298.409454017	1.18198643181
-293.2401629	31.8329374	2.73248747175
-351.76585678	454.544592905	6.12813357355
-122.920737206	52.4098434545	2.94472383601
123.553449477	232.437978709	2.50911493161
-244.365331563	218.611181429	5.98463611321
-443.440811992	386.254496484	0.0211996132619
392.630746437	-278.527498161	-7.11048330879
-239.991168951	-387.633839524	-6.67222473394
-58.9355802732	51.6067180863	9.44518366988
-174.314934897	-71.7462885493	4.19084453143
158.429817841	-173.728050003	1.57411227348
-76.2029821084	395.3790888	2.06475887707
445.372569976	-419.272305207	7.0311205717
-7.31675742455	176.247886137	-2.71835778474
-400.539177234	-76.5610619613	0.138531567633
179.354934756	-311.633529605	0.307527235642
-131.806626151	-139.000632057	5.34329004793
164.20009338	-129.842259421	6.31658286486
290.803920827	397.188934308	-2.76060112628
-284.872529492	-143.831554714	4.75275921683
-430.304061142	-258.800766762	-4.1720088863
14.3333139392	41.0707097537	-3.00664334365
-38.4943449936	-155.411246112	-4.62400786356
157.335006354	-389.324863947	7.28358927667
-150.534150017	1.36759109406	2.15955316632
-231.785643996	141.699720356	-5.66761484296
-383.287202961	170.847464546	9.70894738274
294.218169	12.4493809941	-5.1308831737
-215.11290035	2.70556810919	-0.880464395799
278.101077537	-233.058642578	-1.02478136598
356.579672475	160.513656607	-0.474281910836
-445.544906312	128.931843888	2.62475300626
-49.4246625049	-12.5975721199	-0.405655672921
-183.65633863	21.8198950504	1.79463746292
189.729978621	-257.175179779	3.80957321673
-82.1623030261	69.336936437	6.87750651308
262.849260577	-130.932000108	-0.937146952641
-285.175727071	69.0929641262	5.14383688924
314.757876595	427.159511235	3.69463707217
263.214778603	-217.168179348	1.65403168244
75.8321045355	390.383119378	-3.95252911353
54.9693732604	-69.4931602476	7.93180331793
201.338818938	77.5587781336	-1.60497967206
-43.6931496201	242.773058387	0.092984402701
114.893414194	68.0968693003	4.18631258665
-207.48535174	135.024759949	2.05847866439
-349.699901912	397.262434389	1.6781520308
118.880529088	-40.4196151358	4.48524972233
-236.950685412	-83.9609433638	2.2337199026
-91.8689801465	-188.175650252	-3.08605872841
171.430713127	203.72425374	-0.300935529322
-322.015694945	-269.315192426	8.71724408633
-315.051349994	-330.249179834	-1.91563614202
-454.417578247	185.225310605	4.31006613884
178.155846926	227.24507472	-3.14121578357
-224.131415875	139.995269546	2.12354866102
-160.994859632	314.459631363	0.283880290783
-237.781920545	451.761911266	-4.43445698684
-223.966950901	-137.673982702	-3.43832483792
277.175759804	-255.295029709	7.33149980471
319.290135561	-235.328898262	7.51129753001
-34.4411786369	433.347077651	4.69027395375
134.281652328	-337.398747036	2.31379988416
335.118178564	243.360011455	9.74137843223
-336.705916262	-326.305205924	5.86260845965
97.9776035224	145.8909814	2.80778945305
-89.878444748	92.0057366294	-1.63313292124
-354.86159455	-121.010259725	-2.13339719099
-41.5334144278	195.3230604	0.911031610591
270.316032683	186.665457151	8.72487319068
-301.193802932	-295.098469343	0.309651120746
404.793994404	229.643698051	4.48031587861
121.481478908	-429.63305801	8.56636974044
241.58288679	-244.288186541	2.93588478116
-124.106560712	139.745817487	4.31751602343
-441.294319579	60.8664054474	-3.65552825908
124.293301309	95.1570604788	9.25039955467
-267.095343808	270.437824586	-5.0681891509
380.782389292	-443.4849593	-2.10937314812
46.3630564946	289.449558346	2.46276732869
20.175535183	-252.877190469	4.8423305453
-245.636076237	-334.516357187	-0.885178694767
150.261966983	-44.4138762897	9.27238186754
225.632654432	112.88476244	1.50465413861
-424.394813379	378.900445795	-6.14864201353
15.5448435426	-226.769170346	7.29714145392
-158.685264874	177.701739702	10.4576162852
202.869049862	-136.159793382	-7.56709445015
-430.901045807	-426.070973144	-1.58753471505
-137.719885748	8.79361861338	1.5624523132
-177.021865222	383.181133055	1.79295809886
417.910785751	19.7582752771	1.31384280456
423.085428459	-307.580828228	-9.06217319884
-206.676294129	316.954683918	2.69053418191
288.236894835	-91.8468493134	-4.48987942237
-229.358059175	-77.0755571632	5.06940750807
307.640405442	152.010624449	0.36029488898
73.7961220693	76.216416494	8.04816685201
184.835293393	122.60936603	-1.427213492
-418.11604205	377.245547548	-4.06315102308
-294.600370779	-108.536823836	3.56096845015
373.132156331	225.122399934	4.13430669093
391.114737771	113.102945031	-0.0547472057502
245.032494977	442.153864255	-3.29493433791
-340.394619453	-183.950978451	8.23993500863
-85.3483934209	-410.912629126	0.693876886534
-429.806247424	-82.9492489416	0.144667074595
-190.267392046	29.8660438372	2.19665291163
-401.654492345	-12.2562645598	6.25374246007
-144.088731231	108.671846493	1.40683419739
-358.347246956	456.602875969	-6.46670403882
-190.134868934	-379.305840678	-3.58735242502
-69.861890923	445.676847603	2.09901110424
338.87670601	-369.380067596	8.24281252018
320.841434902	-138.82099945	6.99318778912
-329.940340883	144.675717708	7.49933140633
-255.371538231	-93.2892066734	3.59425214524
-418.694377554	-275.045259361	4.35962075904
117.482049658	-19.6508092916	6.17948038177
-401.413069835	-379.555559861	2.01212460256
107.481896035	174.237714329	10.8994927256
314.248998639	159.053212582	2.18527474353
1.21575467854	-162.654980091	-1.07454171153
-119.884061664	170.934377669	0.293335882174
-232.859458803	141.539750964	-3.9132420484
37.6551309796	129.744402432	-7.36722433376
-167.009668396	-119.019813252	-0.693966366769
393.379971094	-17.5678467334	3.28459165132
-455.053074416	-346.482702286	0.605454363774
143.655185322	193.515225938	-0.451093539119
72.9500614577	419.718564188	-3.58348220695
-159.901831487	-420.192584745	-6.9326320814
-88.887747191	-311.684097543	3.42013221299
160.761661155	376.53058652	3.27034982581
290.949543076	170.554064358	3.64704956193
357.842410221	330.031247375	2.32555330851
-340.309746244	-233.356495703	3.84029843464
-247.954909944	321.741264298	0.754866953631
416.866386441	-223.257943966	7.88220251392
-4.80706419993	420.992764386	-3.59326264134
130.400301508	-134.501762944	-2.27740919483
42.7773247392	-386.149936376	0.846223322589
-120.891569063	152.639188741	-1.88301221202
-209.415785319	84.115518415	0.558941923816
-38.4173338644	-4.17471518589	2.59862297505
225.70781885	-248.611820571	3.98818089956
-340.301314336	-337.438496235	2.26802924645
-205.099143863	54.0342783605	7.92831684832
-328.590924204	306.555010335	3.42424661284
-426.639929851	-214.027302537	-2.78240323576
-279.987009536	410.240161409	0.484537372844
362.485431809	-14.7470770739	-3.20604904493
-101.74308329	46.1393180882	3.47046600506
-393.378213295	30.4261351221	-3.75471950104
-190.833405889	322.468840757	-3.07170705174
225.460596206	80.7635748786	1.16792141812
-174.444822387	39.6565317739	-0.566197652873
187.759257842	-187.450219885	-0.981484581876
-231.416785231	-198.469220517	4.55445395594
-129.269468491	-2.71867711346	2.62748012345
-116.421724161	94.1039877897	6.31621652048
-109.761043507	21.1403596847	-1.7016898512
160.987239725	-36.3955661221	-5.84271424286
204.251828318	243.536528233	0.494628629203
265.548322997	-342.171604973	0.371693431671
73.2605512578	-39.1481782648	5.67250246908
27.000976127	-265.262158368	-2.48724616549
340.852271561	449.032295402	1.56515258293
-362.817093175	-102.192964425	2.6529233801
-239.625116417	270.358242302	-3.80382576475
210.602403147	405.240642515	-1.29250252186
237.790337239	141.308080661	-1.58508002605
238.872325957	-183.196616876	6.83278639964
148.669764169	428.897779763	3.7390913557
364.597099057	350.812086989	-3.21884796251
19.9969764578	135.768070511	-5.66514264489
366.100932878	-413.031184542	0.47983409697
-290.621969391	-29.7386507494	2.91419539982
-115.807178854	-155.499877343	9.40279739577
297.195857818	339.897769539	4.20040829815
-269.728509286	-301.720446628	-4.20265975221
112.26050143	-88.2180786142	8.26470016579
-180.367470501	358.175799828	-1.47097914844
-42.2742354089	-202.094215714	11.7661834791
46.1197054722	-211.720095266	6.74581553853
-442.398332509	-47.4278879627	-3.77153987501
-249.506075468	104.345092867	7.3103799493
-303.77727217	423.537657959	3.07077374546
77.4657060265	-145.536758138	-0.789509499187
266.40157569	167.724475853	10.7521797004
56.2626932159	435.109716368	-7.46946764787
144.867728978	134.439995813	-1.84583667746
148.172933203	379.296575125	6.97778890917
168.183319114	239.163482634	3.78476600799
-23.4449739022	192.479890853	0.595490223842
-454.491094842	-228.425781126	9.17094561937
-177.959133889	-169.675545768	6.85131501243
212.077063619	-72.1010950388	-2.27799575338
-86.8378559468	-327.173891189	3.86594335568
-272.03534549	-215.711153263	-1.60022069929
338.916890306	132.053462783	0.200174138287
-247.427886574	-235.187402455	1.6080176806
-202.102109594	-400.656104668	5.20977449641
255.788450837	87.2854091783	0.0991408519636
86.3119752671	-422.43715813	-1.36603844358
11.1956512351	-0.816244456294	6.19218734086
-83.9690118168	274.4564334	5.32649053108
196.117516142	424.413570918	-5.78314479488
-225.936809529	-298.912257502	6.76899260093
-47.3232166704	444.431798902	4.32832099002
-165.855538076	213.853689007	2.63670909463
-195.509145606	48.077507856	1.43515776171
-154.145644441	21.9188560894	2.80572690338
133.446324588	-250.340897416	7.25999109834
-258.73290937	-385.566732516	-2.64377170064
-24.0087832685	-205.549601891	7.54988040655
44.1696032072	-399.358460711	4.56214605251
221.685189245	188.97145184	7.14087473862
236.153030494	181.295570058	11.5964386382
325.225149911	-416.138574824	6.19063968903
-118.626786368	-21.7173319726	-0.560834505184
-164.513344013	408.406371456	-4.58440897703
-36.1393189249	394.892783705	-7.37877124748
373.085085579	-361.209205338	6.46981973073
-220.005935691	236.128633216	1.33404176204
187.089907721	-434.734085829	3.25550734865
230.791283794	255.949577885	-2.13027004788
372.303357116	314.004620433	4.3717805835
372.981919078	210.793510198	0.0104398575179
266.129866259	-182.172964747	8.34227857241
-348.181630275	-369.633896687	-1.37904302563
-233.472100709	318.983383908	0.596719712999
53.1983724304	-367.355736135	1.10748853799
-436.779417067	312.809913606	-5.73682790952
-54.0493801887	-444.16487778	0.398336797309
295.924566907	31.9695464489	-2.92206127105
-97.7549674983	-331.848157232	-1.61892604744
343.24674743	357.417640761	1.27796586499
78.2223932572	140.530098549	-7.66306402031
-244.808225609	-164.950632785	-1.42055953556
-196.981923608	-436.601925585	5.66559683433
208.110261081	196.031614821	-1.90884222399
-235.652620566	-348.607724215	2.06519154421
-227.80893403	-228.344424099	7.03492464413
-67.0412062169	-411.490283563	0.256645204857
-433.345031318	155.124022661	-3.4870705852
374.002510603	-357.104160958	3.64310790481
-330.155448488	215.830339372	-4.54120981061
432.83742142	179.723455513	3.97467621019
-193.25497398	-261.692426826	1.80763288712
-355.510663377	-325.989750131	1.68497587921
-358.831629765	-91.7639152247	1.83061194583
437.377270514	35.6118020442	8.40538255015
157.165623277	300.529655169	-1.89331642543
-46.3967134784	301.968803013	-2.73148289262
372.887818761	282.446420843	4.73791371709
398.255619013	453.099159298	-4.39873266819
226.142870537	-178.678464571	2.64707178091
-295.808659076	-372.565771755	0.510206749447
-12.5413522737	-287.228684201	-2.30334044875
123.184675652	-178.61198244	-4.91994156207
-272.182208392	-181.390649071	6.76870237957
-88.0839061584	-206.39808373	3.2275324001
-286.91379144	88.2188532669	12.2115633808
-225.293475461	-307.260808823	5.09948958434
219.287731062	-30.893956659	2.33101942347
440.631079888	-56.9288536197	0.760508960123
-72.4305315122	-171.591807058	-1.37177383167
-238.74122975	75.7007490126	-0.467539637974
-134.97289275	347.977528326	-5.88789045454
57.8054190214	-253.018878444	5.49205823708
-181.239791504	139.378700734	1.15384668297
375.569579556	80.0375990408	0.234823808942
-67.6608449484	238.356537642	0.760899861807
343.263042257	-36.3660931471	-4.83969623921
-245.491647776	-381.917510828	1.29230098488
282.704666545	181.678747842	-3.14122642759
81.6333695352	245.364641219	4.39723335807
-122.843705836	302.84871975	3.86004216058
351.005770041	51.1915258886	2.19521586105
-287.205950675	-273.728084686	-0.0665604775697
379.627282733	126.228544442	-4.97478242593
-13.0846117772	-25.0173196597	1.50189215044
196.428537809	190.503276594	11.9100962581
150.3630639	176.946489927	-1.44893359214
-41.3033405455	-4.83399628969	9.14974707344
-196.222912025	-78.2383613588	2.132402825
-14.1836349857	-292.163605283	2.06199189431
279.838647713	-53.7291773832	4.5483829612
206.728020581	64.4896375857	-1.66537318486
-396.452310014	68.7758291479	5.41419134179
211.288991689	185.786533824	-2.13324492223
-393.464263775	-26.1063915715	-4.32094880352
-87.1773703953	-406.299378689	-0.634169730654
-195.806402684	-23.4881841004	2.15949587006
-204.51435021	-252.187847102	11.9420622732
63.1582940567	-158.206266394	0.792797284345
433.388728842	-229.624685716	-4.21847902299
-78.5132213794	-287.946965586	-0.406715815019
-240.97582303	443.22055566	-5.05437376588
-415.828555593	-124.15283857	-3.532340372
393.716172262	100.203197163	-0.125063854544
322.222880974	-273.702528092	6.28728158651
-319.059237753	42.45284926	6.23899777968
-78.7085743355	-142.465322794	-6.81994468944
6.97852093053	392.189838524	-3.0467954187
199.671863043	-20.418561965	4.23378197832
297.491503931	428.712861176	2.59725258975
-441.171791676	225.702878804	2.76730391144
313.778730225	310.356932255	5.86221325491
83.882606069	154.278295627	9.5448344225
269.880960158	217.382615201	-1.61110669229
-393.498508592	-182.89601799	9.06019715791
29.9844479161	66.4373601699	3.33722684656
271.94990168	69.1769015767	-0.781831197622
-424.421176131	31.591075503	-0.990897949222
159.986151498	-317.396475771	1.32861979945
2.27955520348	-261.395939229	3.40388473046
413.30523528	379.360902303	6.55916191076
-193.593470759	-292.84280288	-6.38905082579
-132.367919084	67.3442688228	1.13686693543
-116.813602656	450.433105337	-3.66069962364
238.819773531	38.7846202504	2.10556248349
452.318693254	254.361501374	-2.85303081372
253.464476064	-285.20405682	-1.38489262947
322.661118465	-398.308820967	-0.975915051525
-312.610403778	447.398985571	1.29709022054
299.231455452	416.225376855	-0.943300743168
160.85439254	-158.557711012	0.890376885598
-80.4455964671	-139.761126718	0.723288085702
-156.770732235	435.413356079	1.73089151818
248.851487167	-36.5694322052	1.11540528044
-169.745061448	-347.778976471	7.29087127489
262.072728082	363.512296762	9.55760845658
-170.674855114	-15.0559838415	-0.886674697847
-203.405283451	-196.871648527	0.290352585504
292.31270748	447.115405012	16.5093384731
-265.721295612	286.586347704	-1.40273561252
-151.471185857	-22.4615602437	0.905084294267
23.6485059724	-348.976575387	1.5188661079
317.652061796	-437.313125194	5.28209102475
-305.656993861	216.24502255	3.79569922649
-218.914430544	163.178225692	-1.75557038518
-84.1702585724	174.37135533	-1.44318844542
-206.970669389	74.3173064735	6.47439061549
368.829436231	-351.364011316	-2.80068742639
13.1986298721	-215.769320087	2.84347578655
-439.455378178	-376.705269662	4.20172915284
-199.094004724	-293.542582387	4.08981987164
397.377504328	375.952505317	-4.29988445136
-5.56242578351	331.632099114	6.34339888066
-350.60662558	294.576673471	-3.18738943467
419.115008087	-159.7450171	2.9548032472
161.376791807	71.4376251375	-3.71178068577
162.992735785	-78.0565616606	8.40989432925
435.195851206	-447.786479348	6.84295419731
228.401565671	-299.940901146	5.08840097561
-124.07117831	-106.73425788	-3.33786795773
-255.86273886	64.1605549428	-0.730670159124
-53.5222666054	129.561445208	0.0908136490452
64.7519079032	-276.966864407	-3.27385367204
65.2832373917	257.637043199	-1.89069436116
134.744000595	334.870117925	-2.65244885961
126.53324429	285.189268655	3.50091964307
-145.147815115	145.494781066	-4.37867576828
-316.847274583	-93.2580645844	-3.32347002185
-231.928788537	-285.823917894	-11.181127959
-69.9883799211	-396.931340662	1.36582760185
-170.924453008	-166.945071739	0.498872244728
244.147617071	-120.443884791	5.2044440982
384.094419066	294.804355223	4.4782207033
-447.479626753	-397.145195542	1.65725734851
-382.292851498	-325.294497246	2.51371494318
365.433589984	37.9740754169	11.0665734358
211.537409469	21.1205180381	4.00637455362
-240.208582786	253.305046731	2.38668666403
-103.846956637	371.770224119	0.53228984364
240.070551193	-106.286450124	4.31664344736
436.130196243	-115.07324977	1.02694910457
401.317756577	33.3571097559	-0.332016805867
13.130404757	43.0812180159	5.97005500776
292.784221205	426.154024185	-3.14528855503
250.721402942	274.57390334	2.06068940329
100.940481161	-135.515515257	2.24948546935
-292.989800292	150.26906311	-0.429017513824
-210.456598253	-142.939820866	2.71881695261
20.5012937236	-232.468744805	9.72002661742
55.608495439	-171.744071793	3.29983564289
147.212280286	-52.4117221525	9.22874973571
-21.571073943	185.048011101	4.03592690625
284.286542151	-310.039367363	2.13048829968
19.7878884721	-25.7509362956	1.56667666739
326.454613627	-409.815224333	-0.226960737782
-229.4783818	245.568316418	-0.565727564935
258.791179068	-73.3412067739	-2.80432772367
-129.546016014	-1.94479580089	1.88017974864
154.041142072	36.7747413255	1.73031161072
177.963159098	166.379944688	-2.28360805668
78.9287780627	187.858103527	-3.57707387396
269.810550357	-315.052012576	0.370468243885
-58.425137994	136.887898862	-0.989835203237
-195.614546289	421.298003844	-7.9465258272
24.029390105	451.712896836	-0.283365975581
-395.972852231	200.276231746	-0.686617397457
426.814154616	-244.166882015	14.2462655406
-430.36527088	-224.655396547	10.7120158499
47.814692338	161.505726213	-1.61391480704
-232.541587122	-356.734395223	13.9400769118
426.89795305	411.971354634	-3.97782003345
-214.28174362	-109.399576555	0.966009714723
-279.248805846	153.27483491	1.69314215151
-386.877530865	-51.5417359188	10.5210426507
-293.410956902	454.211992192	2.15385502207
-257.399696152	-177.455834914	5.32118278803
30.5805668662	392.129141482	-0.989937009931
166.928658605	153.047867982	2.60460487635
216.568124653	-363.582618069	-2.60174249662
-205.435250466	168.327629666	-4.30897516346
-377.503344062	-240.720802788	2.74596559653
-301.635908904	247.735355847	0.228696544386
299.807014432	156.451842691	-1.796105137
-125.73007339	-72.6115288396	0.252106990002
-365.158261378	451.59151401	5.66802248298
-9.76790669699	93.3643890601	1.74948391581
104.432939595	303.921137658	4.63885182967
-268.140687891	116.258276384	-6.03990260353
-96.5321874009	302.809510268	9.8499273029
381.177383526	-28.7651675001	-3.47886510305
289.369098715	314.902086949	3.10319546458
-159.844382189	-266.086511838	1.47624157648
330.405755475	-347.950120779	8.90477401083
-99.5919768505	215.53129177	2.96170551493
-392.983162325	259.083968691	-0.711607172482
-126.766590608	265.391928733	3.46453719826
227.922418867	144.635509789	-1.32637599073
-109.1984399	-425.771907416	0.809048556219
-77.3946876221	9.68108797656	-1.61608670518
-74.6671985449	455.105069066	-2.92433164837
402.525313853	190.140486955	-4.28891155215
293.125288387	-108.833138116	-4.59152798585
-266.260936877	-272.294448423	9.76939196815
-31.2490920345	-278.824672774	3.77283874084
-362.295661329	-131.937461478	4.75395777157
358.834589095	-393.889820553	0.527858438116
163.185242184	280.170398277	4.34611941153
-412.18768159	153.445826359	-2.85543671599
-9.01648904301	-59.7880416164	1.11948019609
158.890998334	385.68037666	7.98285964252
290.331804786	-159.884922351	-3.23948886189
295.324030822	-346.921586604	-1.36114219549
57.7107815092	147.609884838	4.17117472075
93.7694313298	-265.246799219	0.289890590194
-290.756011973	-220.723906746	1.16608374839
279.280537513	-139.478535253	4.65127972366
-303.400638099	91.7580715497	9.58107234216
79.7325274235	-284.967071061	2.27997970353
57.8204427739	-339.63117334	4.73417948963
-2.56710838582	85.0911595424	-4.00210154192
-393.84369513	-354.522218761	5.35120052128
-79.5156424999	136.854783325	6.86758519107
120.418560079	193.048093709	0.870652334343
57.9585945837	-354.151988667	6.44090733578
407.399435222	378.051853672	6.98851511118
-436.819964599	-95.4321928412	1.35873911519
-396.41759939	-440.790378848	5.74977468556
-428.838569164	97.0025595889	-0.740567211505
-314.845414039	-326.016137782	2.64446295633
356.631499395	449.674729491	15.5811820653
66.9122679395	360.811518211	3.12196390749
106.793802923	100.29233183	1.08564728233
198.061681744	429.348639492	-4.54085869483
219.05493391	17.1703783014	-0.940289756414
37.078392115	-204.522365036	-1.57162266022
129.845901012	404.118846177	0.985541198549
-182.10728513	387.10298368	2.68926010777
-42.4679123097	73.848019907	0.637979020533
257.855657028	203.985719187	-4.11682268014
-389.127765098	367.432319981	-4.31420466332
429.801910808	297.792713363	-1.94803413754
-67.3802539055	102.805249123	10.2002901492
271.063354857	-297.75709315	-1.02528435252
-266.608251136	351.083386033	3.07057143211
-430.225914162	0.961115053669	-1.85308175839
-347.620907561	200.80922294	-3.84185655148
355.675474107	-223.024797623	4.38945968391
-1.70716679376	308.603644911	11.3564048753
-80.1719489243	129.484207937	9.95549497499
265.997059522	-203.745114998	3.09593305149
-228.174864979	199.479788159	6.47704433451
234.572728409	-48.0611472858	0.0264980832681
340.526620034	228.540872896	-2.83734848472
320.162674972	-312.124881278	-6.28059494282
-70.3977586126	53.7653982706	5.17547150034
19.29240318	139.240173805	11.1641656052
97.4548082349	-409.682183314	0.446669783215
312.095861255	428.763244374	0.322710587006
226.503647576	-454.991567147	4.89623517258
369.520714351	348.988752429	5.79439864115
-321.495199738	128.439116807	-1.26498251203
-387.444992014	277.942095679	1.92444168438
241.707754952	136.323156941	2.42773920941
-358.462366504	277.858007713	-4.40878565285
378.408746559	-429.335251118	11.1291148622
377.477574119	-241.390527009	0.42041910716
221.462718116	125.040358953	1.35940394562
-85.4303185946	-317.332647391	4.20738787145
350.217447237	-161.633088286	1.08633727995
-142.782433801	-266.950090661	-0.185556201606
-408.505744424	-377.895055839	2.35164384602
2.09274819661	176.588525129	-2.41773263544
143.305630599	154.097118909	-0.326779985819
-394.999185156	453.902357022	2.56462523647
414.758215676	-309.525327967	7.34141225171
327.819075832	-450.453431632	1.33161120304
-338.467822964	448.259673166	5.49039294763
30.3917068187	-124.235887154	0.777655455959
-342.292017357	386.567553263	2.09308064747
-153.467272541	-268.869460671	5.39585172145
354.961256593	-114.163274416	5.38503064742
-411.633844466	-45.2315474334	5.69408954191
234.873795117	-292.679724487	4.23996193869
408.595746475	81.9932257751	8.64819194145
-436.628231807	-283.128045518	-3.19725431288
143.743017753	-371.92846339	-1.80355541463
-205.101008605	399.23308943	-5.61930109046
-89.9034515562	-128.091616598	-3.24679949801
210.376754637	440.175483663	3.19288447826
128.022822722	433.21697713	-5.84431221753
372.853867058	24.3264372039	-6.48183933457
61.7392243241	409.163686889	-7.12382942304
-40.6692761571	143.921614367	-3.94600492142
111.894961782	-365.580271361	-1.6278636266
-181.857294343	242.291671487	3.13157353509
-370.41017349	197.17389013	-5.31945754627
-370.864566206	-144.73014207	5.41793813947
3.53692553195	164.378289958	-2.86770121833
144.724550833	-346.812738669	3.3544454797
-191.719215901	-35.0052760555	-1.7067712406
144.485222732	-187.884452984	1.11201750147
173.948821207	-117.523145886	4.17782124297
226.264904443	-76.907732058	-2.74394989826
-425.6510379	-15.7567898131	5.61414785446
66.2186937651	-126.809614358	4.97342077132
300.208652345	-238.818418616	1.35197608988
290.706166578	-246.343751396	-2.20094250201
29.6820147837	-186.358793585	-2.93154633441
312.209373575	115.315740787	5.168108081
366.020294542	-113.876903032	-0.355087392042
-270.336488053	97.1582524925	-1.74037438055
-172.875951763	-219.829012296	-4.6429145242
180.998399242	-358.032956619	2.26107061121
249.706559282	340.539455913	-1.0735531772
412.514353282	396.002678283	8.68389845502
319.737538588	140.591042515	1.02503051394
284.270417691	-256.774694627	-1.92040817885
-268.141050196	-305.721257331	1.77053010528
429.087322288	9.51107268109	2.81008304471
414.161044261	-37.7676268221	5.12805345937
30.8241991755	63.6551318476	-1.21491505984
376.768998117	-174.580293273	-1.23572711018
-367.020690947	453.733876254	1.383534637
195.296577252	-252.734801607	5.27127073287
445.047147047	378.143922895	-5.02657798952
96.8984536075	151.042804508	1.35048621735
291.628724774	203.697210363	-3.7317346257
345.854827276	-444.276666715	3.76524515591
220.011130766	-69.4528662818	8.66266067412
296.379594263	272.957871074	-1.02915824401
-172.533288427	-109.242545988	2.90501877646
70.1809994714	256.373891573	6.92540012553
285.403997277	-26.1159184757	6.68888137017
97.1746573014	-167.538463682	5.13507411306
133.720487811	249.078198722	-1.43765338421
-332.049294423	190.289542688	-8.04954611173
-191.762192272	336.251392615	-8.2177607455
-394.13015406	157.282727876	6.18178320411
282.990603666	200.325299388	-0.844850685065
316.445254549	398.710421522	2.62626082879
232.805864338	-156.839818491	0.526787483456
-353.124304778	-171.422192955	7.86273975425
-187.205410626	-189.48063184	-1.36935297938
401.712515452	-240.453207149	0.961993571366
159.507243595	-452.444751068	1.77464938382
-445.948345243	120.12820237	5.42376009364
-456.16829439	183.910201116	-4.34679790573
-73.9411120519	-381.203349056	-3.23461707057
-100.769436119	416.815601616	0.301506713772
59.3717520398	113.026964007	-4.94671423025
-117.353642314	-210.178027873	-5.13481517507
245.195691671	-82.5377687405	8.22688196927
-24.6800376552	-120.245380296	0.120442546547
-341.492594357	107.506329101	1.19019180835
-171.544560584	-448.869513659	2.89803476556
5.58173170663	-205.663873014	4.51482336467
320.262592354	4.72747139186	-4.20960980089
-283.449860376	232.147890851	0.299730329348
293.805810372	-301.76788578	-0.935886228578
-276.46580199	-221.197304245	-3.22604743674
-427.728091838	-247.045819278	-0.802826270002
-333.64306773	90.1439156094	1.28888444786
372.484282394	205.19264844	-1.31504241956
-167.368944643	250.439275952	2.71160306174
-359.413337022	229.74214833	6.67926907905
7.50078795099	322.95643655	8.43161918824
251.748182831	336.091276261	9.37595407035
367.862078691	-300.072994147	-0.376965776364
-397.725921683	364.999089118	4.6812482803
61.3258529493	66.2560030906	-0.803372055603
453.182004244	127.263450673	3.88207180781
-96.4098215307	-168.563064855	9.52096601924
373.633863735	-311.629337434	-0.569900930593
413.817623928	39.0384884603	2.22987884056
52.8327191472	-11.5246389389	1.92250986288
-227.894780314	143.370432151	2.92446134091
196.966551519	-298.646481517	5.65725858226
-362.5039502	203.498812334	10.6573744172
314.67280162	408.517659536	-6.76073687293
-450.104589378	-298.923354063	0.745901810038
-17.4582032995	310.183917607	-2.97793967463
-166.656023489	290.506299727	-3.42670020588
-337.964482844	-408.792354367	1.05402811979
257.009230103	326.600819807	-2.51459390302
-121.783792717	132.477355382	1.15754607652
133.326491403	-370.698553661	-2.10604549513
-98.8338803951	366.641126267	2.77148086995
-105.153885395	-302.027232761	2.78331678531
342.007257146	235.883898215	11.5994641669
84.479660673	-369.901097734	8.50181886799
156.695367966	72.0020720403	0.931939387363
-200.218231311	315.18726745	-3.04274435831
366.426157362	429.882775614	-7.53796110242
317.971967873	-270.613713122	-2.34078204357
-102.225634572	367.815895857	-0.944215921292
-231.51821461	-158.833117489	1.34074987202
355.1725741	-210.314436778	-0.489790501912
321.206106344	377.887844435	-0.327202210492
234.631354906	-247.628514029	-0.0799145182228
30.9889095542	155.334396915	-5.23937587187
-302.551954616	-3.90737690659	2.76381304677
241.368263908	136.180173383	2.15675033957
-276.218736023	-150.4389565	1.10250826167
198.224826748	-382.21984742	-0.230942241184
248.405295668	372.502056827	0.352467697968
450.011057635	-163.25102935	-1.62931817811
297.64858477	211.456593273	-1.75288986281
-88.7402871092	375.331097824	2.93532657786
362.214222112	-377.836675419	-4.08389286554
62.4357457015	-312.526965906	2.87922635175
-314.880032089	-44.7155253663	10.1763647466
107.584384764	-193.150739456	-1.70426989066
-49.1794823616	421.008660573	-0.471579782821
-45.351593083	-436.01042897	5.04250232939
287.838125284	194.189533163	3.22759194991
157.093478576	-425.62070859	8.43081391068
-409.493833744	-351.853608873	5.60399723821
-360.628057132	78.6958884133	0.178639047975
54.2718297779	62.2509295022	-2.67441206606
-239.382420569	80.6699129811	1.24184811821
446.600693885	378.788507089	-8.62986043674
-312.8805742	176.55313004	2.90602710367
-377.223825581	128.643795795	-1.89036053707
131.07843772	408.165850311	-7.30054425245
-68.5558315246	-423.733977529	-2.37599564601
280.702660369	-92.047900715	-1.59076913649
405.030566047	-229.745740342	-2.03356734006
-269.616946705	-50.2622076521	4.14806630648
-242.21980157	337.508638742	0.300583179092
-310.995187739	-343.154921571	-2.74556891599
111.077786929	99.1025223339	10.3711772779
134.165987933	69.5448245709	3.67488669637
-356.824536906	-303.64093732	4.99773467459
-217.051761574	277.932467101	-3.37433553155
-10.1368579555	131.586547343	5.27779606481
-22.6879787898	110.120635605	0.298888297656
166.136975289	376.898603018	-2.51313999962
-83.8026052449	18.8680715797	3.79686588721
204.055937076	134.170020808	-2.16100540734
-56.1107307344	-415.664554669	-2.6575798316
324.839359155	372.72577665	-0.424190585309
-32.782638965	83.6879595733	5.86027870633
-180.216816035	184.886858129	3.46176686857
-401.681931482	-78.1616310565	-6.08000631306
218.979668644	-199.372943219	4.05165583925
123.029711841	411.484639162	-9.62018363851
-150.977644383	140.710182404	-2.55725999029
-352.938970475	-133.294363956	3.35592428652
-367.52696593	317.567399149	2.46338583336
-165.128115742	128.520865551	-0.0865155923898
-213.163039986	-301.069589906	1.37176689678
10.639979385	118.211303889	-3.30492973886
-168.835005037	328.731516808	2.94631030232
363.321661796	-14.1073382773	0.313729374442
47.3712078515	-424.670495919	-4.4764691068
-394.69547309	415.690166356	-2.90566695155
-68.0631182815	83.3009637022	-0.198490130622
-118.425987702	-9.13813503188	1.13476876534
384.994839192	365.656272894	-4.89634742235
-209.11485986	448.895095789	2.65279105819
-164.061139042	169.083101577	-5.01545954756
-209.35823232	-283.270216279	6.27871777741
212.739095619	384.562737002	-1.46756968654
-275.357989908	311.990120209	-2.58458445431
99.5111671137	-59.2958197465	-0.761491097295
276.140425192	-279.999014076	8.71929009713
260.391937303	-87.7871675017	6.28294326084
128.639964967	-255.075646229	-0.670123621194
-102.390917056	-71.0362275911	5.51795072587
27.3863386928	272.857199823	1.12954843717
-277.273033742	-362.300345833	-1.37502836982
357.645506072	114.590057846	-1.61321760773
114.079869239	-179.838479335	-2.25028973808
-457.282120653	441.519876315	7.63664622846
94.1585892272	-374.575565332	2.46273260547
-40.7549992131	296.801779256	-3.97486718083
4.19755154842	-10.6722217364	0.645693803636
-391.756335927	-53.2142584354	-2.87836928357
-447.236831649	-184.910565538	-6.12721512892
418.524169942	-438.261316649	0.850458177329
-343.395003646	397.846047773	1.72847631211
369.504039147	201.029996575	3.00769451485
-267.061687742	245.257575289	-4.50164630688
-153.734037661	164.411328167	-4.03758092733
-113.152196267	-312.407167348	-1.59828076371
-103.172843126	264.678680058	1.42831548226
-208.174758148	-449.788726187	6.88293768561
207.555429394	178.323815729	-3.70956697478
285.918987042	377.261937929	-1.93384032123
-52.2882339788	106.550243171	-1.96643793961
-178.680082942	-182.548155532	3.61441976356
71.544527298	-307.951474086	3.95940181247
-66.8265945532	-291.011818373	0.154400149408
-253.386469842	-56.1473691951	6.51036248903
405.44145603	-74.5210640651	2.04762820919
188.710496308	-67.8370682052	1.46757928538
-288.565255161	-232.480446729	-4.0621730307
-313.464191003	-366.969641463	-2.56484429697
168.197847694	266.353490996	4.47216643527
-174.037154522	308.193759031	2.40105935671
117.706988372	228.277725185	2.98244640336
-140.686869966	-76.4748045055	7.6568320636
-297.714479688	-19.2178812574	-1.92967673901
181.038576991	-27.703936992	-2.4393423373
59.2404362468	272.378218412	-0.692971499189
212.210059621	-235.934361406	5.9116686612
-48.1754064248	-17.632337932	4.45700258174
-196.601510534	165.227046954	-2.18498396983
338.855038911	-338.009113459	3.36206695191
87.2025333937	-329.852897216	4.42149827457
212.898829365	-116.419426884	1.72641169785
350.153615553	-33.4331085796	-4.33969251616
-3.50710614727	393.161659452	3.17290509838
400.109736866	-87.2125437092	0.0960823635808
10.1833036051	-306.662913337	3.18278250173
93.0425370064	-120.848823161	3.59605508749
100.158036354	-407.539116192	3.3915169991
-112.829661337	30.3122076964	-1.84566426542
107.935733072	111.053568042	1.84989620003
394.599264564	439.534232711	0.420161581525
104.398329359	-130.712143015	7.5050769013
-440.87942497	171.69358374	6.39621609724
-46.3214444632	-1.37805782134	-2.39023378933
180.184928395	268.099470094	-3.12350373144
-266.069456021	91.9418032609	12.0720942429
7.49840229355	333.885077349	0.802404455558
-171.775102336	-93.8044855048	8.48746837535
102.016558332	-168.79549621	-0.260588739325
-200.608994508	-12.0172193868	-0.496018356937
106.580244886	131.023294612	-1.2392179927
-139.962963054	-71.5866543979	3.01689109712
453.248579936	-282.626081635	-6.97264196572
419.510281222	179.409195446	4.20697800744
-175.110135897	141.882395433	-5.01640425103
-140.034491523	-66.7168238779	1.0600900179
262.868583504	242.471598541	1.3320867951
-318.056584603	-445.680657482	5.00993333078
