136.670850838	-341.172594748	5.22641582469
218.776801299	-170.121420525	1.9466018388
463.375496447	-277.093547792	10.5275430282
-419.237346872	435.134825567	5.90688340135
-252.663121855	68.5200943743	0.449134289542
-173.32310381	91.3199707613	0.770379522068
-296.414330789	-118.548276927	2.12464744936
106.754535069	-122.5763196	6.80312425824
-298.958040974	-337.496638399	-0.439341474788
-450.585428894	188.306847194	0.27332204804
342.415583474	-331.339072928	5.23487148808
-442.667999422	-386.264685563	2.47466016505
-96.6436717409	-68.0975281075	2.45119837283
454.31213073	-133.759273569	2.20691576394
-304.420384302	66.6712846447	2.09076033266
174.918208214	219.562737057	0.482928059379
-147.7527725	-240.249578867	2.3085794239
343.431026612	308.743442872	2.8451365244
-234.505859338	391.862961439	5.69043950389
-104.49784725	79.150725716	10.6224057071
-4.21439820052	79.3216571006	-12.6088064142
-109.792542463	348.617373243	1.35704174103
-255.532888817	-299.692933822	-1.28495144241
-433.979366859	364.738002933	9.17687966271
-215.899577482	383.587065997	10.4375557481
-406.069439091	-185.164393303	4.58666946687
-242.962717612	121.528874493	6.55061645282
-306.486713073	388.47113375	10.1768794183
-350.711263474	327.255838582	-0.456108097251
245.988099331	-114.770664341	-0.366217085349
29.8997415006	8.52100423694	0.391809385122
379.074465203	427.39280864	12.0125132731
-254.221914475	-136.887507241	8.51687526435
114.314022442	194.375847559	9.54165304249
-290.32302163	157.342103247	10.4565233501
423.329149943	-145.287126994	9.2128536941
135.172700597	79.7835027407	4.09289945367
-149.993298303	-198.48929667	4.38710177666
-438.502180339	-440.601077445	6.38991177825
107.473467419	-276.536276481	0.854993976544
-61.4752744295	-70.5907098102	3.38797214466
-321.033580366	-438.743557722	7.13796633393
-206.874238532	75.0599725009	8.59216819203
-326.195721914	165.553074709	-1.05944863108
-382.760023051	-151.206379267	2.26484155647
-189.273922893	-325.642617386	6.04731962756
241.674198757	-29.5500086486	-3.46228454625
128.193710123	-78.8429238462	4.60236320923
114.935781966	326.994776517	0.819139020398
84.4454965319	385.257626435	6.87287139978
-170.458463383	123.634016109	1.41856901295
-62.5185823295	92.4566185906	-10.232139476
256.402770531	197.617856331	5.01603019044
-360.318946789	-304.923521695	0.199786542535
-158.417437782	-391.573908501	7.61673604704
104.652237438	146.910395888	1.38240387167
208.642323454	-300.774511612	2.60866546508
-225.068508257	-232.558678774	4.4305061128
200.360299945	-43.4322661485	5.89061682457
281.080579988	28.725222672	7.91635141054
-246.596430517	22.645715128	5.16525520607
374.807771854	83.3742928279	1.18236565203
30.8055380782	43.8488631365	-4.69548799148
-366.779167851	440.088985788	3.96182573995
-0.395525975403	-331.691978719	3.09269114258
-219.110023895	-319.263232288	8.43419677068
437.844878156	151.931627467	3.15594969468
-82.3720824527	327.008604308	-1.47535343368
-183.178325053	210.777045579	8.37296084165
-388.410896886	101.427765941	-1.23643273147
8.48812685592	326.282578601	5.33413995434
201.16221151	197.705256851	6.75145929081
356.923958752	61.4526429108	-2.35148212618
149.491924199	152.369046662	-1.97223136191
-235.92920054	390.061120455	-4.92312430293
-116.883137017	279.71848942	2.12600311764
-324.071606393	-383.270782138	12.5464495886
31.5767412256	100.297377628	0.044804332571
-439.237824115	67.7782467436	-0.665893691308
215.059993309	13.8382840715	6.10233761253
438.28744373	-47.7022354394	10.3366683876
-134.111941231	-343.121842553	2.4015633251
459.288437949	84.4000980917	6.4287327436
-237.720077044	218.604882213	-1.22960531387
464.951421834	-125.709051021	-0.618988864173
-373.082270395	408.411566859	4.36661992978
278.494792816	-212.242435078	-2.58312682646
83.5806359106	149.578874408	-5.54055589086
269.937868789	331.607704938	5.19275356848
362.74973688	143.637885514	2.2266976097
173.655870569	314.322437384	-0.22664872811
-363.792344849	-336.268326842	2.64520384497
-71.0086857665	-411.616595961	1.58931273287
133.344156889	142.83719519	2.52520318493
-124.799573916	-51.1069201588	9.84910683401
257.038480164	152.285449519	1.92091934545
-249.69384852	-57.0924617721	2.80493016982
106.785638435	-318.488118175	-1.4991757631
365.976290169	348.684010334	4.51639678218
305.194803301	-451.236770017	5.52110516535
305.273577598	127.689142464	-0.827792127874
212.670626126	-386.628893017	0.34520640331
-95.6512285348	167.237795519	9.35717038364
403.157223529	408.783299314	3.67408636524
453.350505004	440.582940591	3.58168318315
-230.459372715	-30.1920217667	-1.15865826207
-276.503471611	-138.555796879	0.739579874492
-166.854068999	-368.331554653	3.3232355043
-79.0999597696	-441.980778485	2.85000833996
207.847930516	-109.50881144	6.79212543492
34.6484543507	-133.675384604	7.76269140232
318.590616331	-119.995699304	6.39513991663
-139.804233463	-324.184667326	6.5071103402
-42.36839212	-156.733514078	1.51169405805
222.714185069	349.237454104	7.84136054153
307.22816009	-84.3097965143	-0.922102484995
-452.772687862	-222.492772687	9.2163443474
4.4051164509	430.48898122	1.77945531051
409.246010525	320.351452213	5.09835608852
162.336634692	-202.091113832	9.61589059523
-450.709307486	-216.001256106	10.7738581512
-206.694153861	108.174178845	3.82665800481
-237.132454559	454.938044713	-2.81293732382
205.812039693	9.94581158433	-1.28591839126
226.851049992	68.0041611765	5.95500616002
405.434947489	253.429522195	1.46119914489
316.693613867	249.360084615	-0.631652484292
-302.028847056	-441.51746955	9.35291035776
421.283298956	412.274594023	0.888424828615
399.018685944	-433.096461702	0.141663178145
-140.204879568	-120.253016762	7.2614475622
-406.453683596	-246.112121256	1.32366294878
-88.6383432425	-200.322437723	0.663896404188
124.020127632	-211.16058189	3.74238147212
-350.249790838	-47.7998778001	6.97135168847
417.47367523	-169.61777498	5.77784292095
210.34805901	-404.68875352	12.3810817003
-417.914564327	187.291170884	1.03098221456
-14.1626399309	-13.1167345909	12.1058239669
-410.199161967	-255.279527782	1.23072233554
103.063471535	-369.81761895	7.12832186711
248.276356889	327.534190131	6.13667246795
332.138948223	-422.744943351	-1.74494307289
423.426679292	-341.108714478	7.66347164437
397.145198224	-306.752450551	2.16190248758
79.7772166735	-226.217004176	-2.26703522527
269.422860765	-296.512891354	10.1208216048
239.054829264	-355.367834846	8.86285165748
91.9901436507	195.923321366	9.95863613459
-36.2881548889	-230.400881797	3.5925122534
253.030839986	-213.335184511	7.55984653251
-199.139726995	-38.7576695711	6.672329582
-272.664287331	-372.166624199	4.70572227874
-167.890190081	102.849457416	11.2347100078
-208.803523203	121.047975663	9.87907640359
-456.365989954	134.526827289	0.111163846789
13.1005418641	-95.73221613	3.80661739169
-59.1675068627	378.165248482	2.86943965442
370.637056483	-122.30372368	3.89533682834
-389.634065965	27.0601586122	-5.60881089512
-240.151409718	376.182481568	-2.311330829
273.943052779	-399.337599904	3.05116127105
-410.905904183	-330.257265087	15.5340576276
27.0430257031	317.274753583	1.98577708078
378.731580307	-440.565746211	4.68879089106
-244.480265044	-17.5372848307	1.71304913329
-51.6586106775	-179.012828769	-1.05746211702
370.072146166	-112.814200846	2.88251085159
93.8436378917	-356.964760131	-0.358487333536
246.516697048	-329.080529863	11.820705329
117.058206807	-385.644492977	3.22656396859
-324.022533999	79.7120962603	5.81926486742
-431.622132992	-404.371346814	6.16289188848
130.55684714	-16.1220857395	4.80466633216
156.862002446	33.9468737408	-2.76116536511
211.262007918	212.174637786	-1.14833521876
-463.610984138	-99.1650307785	5.89584867168
-370.09171299	300.86251827	3.35463891884
-184.034440956	23.8324133184	1.36607675543
-357.109825865	-346.630706367	4.59079161633
-448.926001378	-406.318993411	9.4579340152
184.493077397	93.3889271496	3.54760046983
25.8977689001	211.102258664	12.9189456275
-341.417515105	356.491936494	-1.89273002214
174.170813769	-388.884747401	6.95145117579
-132.587304164	455.72230408	3.23619394765
-378.960608332	-137.681531183	5.55464238514
342.902333725	-128.699468445	3.23151426933
111.363504548	225.095105163	3.36403409665
-376.141514044	-384.106670897	-0.371555214952
244.495998252	-28.0254922054	2.61269590506
-11.9912595776	7.72834261022	6.36771405593
37.2007409732	203.353791442	13.0267672986
161.051934398	262.837045659	2.54742378897
423.742833739	-344.497046347	8.96185934013
-278.243112726	-27.3210726709	6.62311924648
80.2354725417	-148.599132074	5.0128395946
305.448736339	-371.737367538	7.69867260707
-68.8062269204	67.072775204	-3.5535972882
-200.358897689	-305.207848811	9.19595840539
-126.60347669	-44.8800936608	0.359243311546
302.87149145	-281.983260244	2.53564991984
-382.518499222	88.3398440077	4.06042765243
-29.6305138054	-384.411641898	5.26691533403
-173.45207384	-343.667432107	8.30092426662
391.411362642	-4.11453785295	-1.21319333246
271.091489191	182.044755998	2.40711256468
-136.102486492	-46.4080174654	3.19410992586
201.741745495	124.058920392	2.77970872338
231.433153945	-375.158546314	1.73502351279
-407.278768215	245.858888338	2.83116633015
-34.8527308736	171.62189533	-1.52123943788
121.018925311	-153.85411944	6.61361707899
66.6884337294	227.946050137	9.34319361958
-437.896271154	-198.168814633	1.49964684357
-10.111284631	289.008711826	4.6744712249
-237.086541573	271.329937324	2.75880849144
-7.76299043805	440.155009485	9.47142927425
-210.810227751	-119.480342197	5.43293565062
-54.6149559116	88.4329977293	6.43474768617
356.878124482	453.266925682	1.87919917676
133.719118435	45.2868344524	-0.484115951623
160.453357643	360.057771297	5.8897008215
107.15400519	-379.216433904	2.41417664438
424.899983878	-280.417477778	0.563185297048
-328.850518276	-163.026641339	-1.23187110371
462.345274026	-315.108573386	4.01924030696
-422.653722992	-406.760366481	8.63549289241
-109.735381205	68.4758032065	10.7896223904
-40.1256419786	-70.8462164464	1.28810832304
36.6260310523	-55.4756763862	-1.90348504023
-117.59449654	-321.725858236	2.4594841194
299.328009058	-15.4619198954	5.55236656577
350.671067713	-372.10552492	2.29561318595
-54.9171802148	170.279850786	-7.9588646037
-424.904554978	-399.704951919	7.38564284968
-431.070005087	-60.4487059909	3.26317474622
-143.715604462	-157.951642075	0.127359359397
-423.224827288	313.11950918	5.58773883344
-138.103080482	13.0231573841	8.61146273772
317.199184788	411.311342579	12.5655410853
33.7550970389	19.3149906843	5.06639380838
-145.805305714	304.774353131	-2.8135460156
-44.9229110105	237.302861443	5.93693420428
-105.128595323	74.459391575	1.39944094894
-182.675662856	170.649791696	1.56516193646
70.3779083747	392.369460124	0.0785834923882
-413.39016883	119.879903314	-2.54641497209
-135.573786041	-405.281665667	0.154574446743
445.842247531	-367.505165827	-0.718900986909
-389.470411666	399.285563037	-3.8719360171
-157.10070854	-18.5085243735	3.11499188928
264.684719326	147.394123373	0.35096266091
84.7800055608	26.1322702568	-0.315726822316
202.391100703	349.46017479	8.11747435026
-402.823021779	-357.221162216	4.8067180038
60.9949258001	271.472293848	1.83386014178
183.50614434	-267.194458144	7.57869997715
443.637657179	-440.095365346	3.13644744447
-348.872853141	282.670290023	1.44131448087
285.934786724	-108.798149207	2.21345740216
-254.21082768	461.823332445	1.87691630697
-457.484981185	-60.7915012207	-0.0673257638881
-28.3907693467	61.2145859403	16.1046416247
-253.694232667	-105.822130204	8.54388730617
-69.6365465299	-66.4027298245	6.85761315374
-85.5931704336	-334.324492421	8.08327606127
17.7998739351	269.605918757	2.50256498237
212.364980423	-180.224952037	10.5807202089
127.946717592	436.090196652	1.67225224793
210.625124956	264.422091016	7.1971942779
-31.8905992877	-139.925534002	1.02824081048
-391.705334048	-454.725371682	0.945643757681
316.097907096	-140.194263436	4.02956933365
14.578052098	-275.336776291	4.96910624703
-306.774805458	-324.811886353	17.7024199665
-454.787543108	-176.133050478	2.67861007211
106.558574165	82.5571353263	-0.0587680095461
-227.509930065	141.21157905	10.2202770623
-438.308960177	57.4257287059	2.58493427058
118.606068716	-138.272468808	0.400917521159
-182.087658729	-457.210899769	2.8937190189
367.639624008	-405.823876773	4.17129214081
-190.894411506	305.308973686	14.0476420656
257.232498855	101.653078201	1.73580839235
246.213851948	-93.6517766651	4.55637733232
-426.507380022	195.445717659	8.49498676748
18.3094600449	-401.026071728	3.91517797885
-328.384934608	-414.773818491	3.71098992286
-71.222902004	-340.040696631	-2.2047901385
-464.274101171	190.294476909	0.661299433847
-206.188147454	163.815981489	11.0817107895
131.020054846	315.581175971	5.8038336522
152.766025169	197.853182861	-3.32737562456
-152.994429882	103.813713322	7.73229386957
249.287861378	-83.5543973003	1.17372090844
91.7119121482	322.696778446	5.60316574627
17.5368942867	-63.1650432264	7.53906152517
-239.599051481	-457.229440856	2.13707643577
289.360834785	100.29766659	-2.14614337052
-380.303380042	330.180185402	4.0498008999
-316.258590537	93.8902670917	3.35079435719
-11.8568086999	-284.104214708	4.91109983603
347.043785847	-185.604259933	-1.55598594642
98.6455705003	241.129768494	7.61524564372
-439.981689214	213.140791259	1.29609566802
196.316076774	3.75478716738	3.96919161545
-393.89382241	-54.2117473572	-0.334966469693
333.028888113	156.25673126	1.08244719962
-22.2013323529	456.401240012	8.0933827424
333.398026262	72.8343263845	2.88745238137
397.207883433	-365.061141959	2.09871512042
-294.121490111	-57.5126477473	6.56586001054
116.725829765	187.732876642	-4.01008870391
-34.5067733283	314.315367069	4.46849653594
-139.813239997	190.805396302	5.34748155503
107.284792326	434.450836264	0.779947133982
-339.269533186	223.418370273	8.85494892538
-28.2781840929	355.335395444	3.32375325854
-13.5312713897	-256.552165184	-8.14214427731
-139.497005772	-168.147771873	3.40700776304
452.684175305	277.868482232	3.50959678683
140.975754191	-183.099461792	-0.568809847966
37.6318923939	-335.00261198	0.537016807074
366.343933628	447.006593924	17.5238540076
183.784957145	-14.1568173741	2.07162152741
205.544142221	-304.326654417	1.75713618276
115.115168315	439.074885771	4.42483487627
219.5576339	261.961243884	0.620197767343
315.241610736	373.990008407	2.23640637681
-6.00499719462	-95.4029874667	-0.453386446386
169.573846618	128.031848753	-5.48595584647
-36.0544352892	188.52085232	2.64079234683
348.943409255	-227.645907485	11.1534875685
449.020691802	88.9596977156	4.66756081399
224.062341221	0.696461612912	7.53513888854
161.404630801	389.935300338	4.52780107043
-441.448102163	19.0208764873	6.22151273392
-325.382305603	117.542748971	-0.436703166419
-465.220480299	-70.5389829466	3.84480629385
218.828552909	323.255336561	0.432422922502
-408.137912913	420.530892875	3.86633617688
-446.658053878	-315.694777463	10.9568862786
-307.786268857	131.309474864	2.45076791369
-305.745099601	364.607918494	6.11501757222
-306.94308066	-305.104276712	14.2034262295
376.719392651	22.1435338889	4.13717615987
-428.15263886	-266.073498395	5.96917082835
351.453741924	396.667520669	6.04398619547
379.07432587	405.228280082	2.28098852787
163.298514547	-192.919864802	6.92129129827
-378.67696389	-308.727317675	12.6705154361
194.097014882	152.568991572	4.419009174
-435.865924152	378.823063151	5.67834503998
60.0068949087	-68.7588197789	8.7067129491
-3.17175607293	171.132439943	4.21298092569
-335.401659698	-195.732810553	7.26862815891
-18.9040809876	-305.743078456	2.81486436485
-322.039741485	311.021106214	1.55068527329
166.18318341	287.615811457	10.1750117739
-429.498528056	60.1534387389	-0.646976333215
-430.782642851	214.031805076	1.03671346366
-393.143302288	69.3997341994	-5.43037002471
153.978437159	-233.587592781	0.976332269084
-16.5705658483	-270.271950717	11.1619944586
-243.434835988	263.867999941	7.81844010637
-416.558497582	444.664065807	4.14128831652
-463.976933913	5.71509599727	-2.34868239235
-322.334311392	220.905520373	1.25397821567
122.780849021	-112.363029667	8.3789887868
423.774980995	313.447822734	5.73912444999
-324.24882251	-345.564843981	1.24342412583
-94.3663715746	-399.87856534	3.11284779713
120.710891036	303.093261149	2.54912593814
0.53017426148	-356.261427819	11.3533175854
104.538928633	313.254850283	2.29151420259
-194.093736768	421.362686173	-2.76076176144
162.861325198	-145.502953654	8.25582177166
-282.96154514	-151.442068655	0.0375838782655
-186.060669153	-214.572617742	7.29417973469
444.754913587	177.057669784	10.0540120799
30.280145513	-348.669954525	13.7915616291
315.59280675	-258.271344603	3.01081975055
195.033221721	-372.402815456	-0.22374297436
-400.276330731	11.8123629297	-6.56561047362
-130.191959406	-294.001703828	8.44847307577
-179.199078145	-214.944538185	5.00523985841
-311.62972406	-255.166202169	-1.10200511482
-107.163640437	9.97133706068	2.09514549124
-130.078375944	225.215540035	5.10452905706
163.611699138	-427.559698618	10.2337775245
445.089970929	-98.0411157721	10.0957228208
-113.715394838	-96.4111690787	6.42907617015
-40.0605759522	111.465292504	9.91726501248
396.848881387	-395.461599374	-0.834861862527
-100.696643265	-360.029375236	1.74140085495
168.413340721	104.616785304	-6.40524373487
-34.8668669736	191.753051102	0.666920578676
164.5607549	211.354155831	11.9594354752
-345.186742205	359.996295775	0.747990009134
-153.10827636	2.89946115092	-1.59465802612
460.587044947	249.362628869	1.4490989411
-375.035829189	316.782700641	7.52678242012
251.998303459	-435.64726818	0.0266062979296
242.282446333	-319.476659605	3.6431797786
247.55585776	-6.17544785541	3.72913540892
372.001179872	388.667619305	-5.51990864271
293.286839415	114.493770116	7.65668799984
-13.4374699835	-149.761239963	1.73902242063
63.5347344591	74.0503295382	-6.54040375455
-267.124009596	-297.679117974	5.97539896365
-439.51176768	-275.631447177	-1.94611184489
423.216127402	-238.679264974	2.31726511008
-389.024072099	-362.092989842	-0.307035668556
-283.648156815	-177.346052119	-1.22130619371
-1.99173873253	75.0753543241	15.2275081028
-451.377629402	45.5205918981	3.60294519478
150.748554734	-88.7514670611	6.52752223703
-295.598692867	-36.6267478724	-1.23434977602
215.97567306	32.1405370315	5.58579016324
-240.953470759	307.269106414	13.1624822304
354.002937301	-289.731857415	7.2245495762
168.676101728	313.335707649	2.11048224808
191.364300902	315.845437352	8.05462114571
-0.306506487143	420.457407981	-3.323385616
-69.8254932616	-113.434472432	0.87679809385
400.515876643	148.697133027	8.46356920437
-340.100226189	196.661620727	-0.0431176536146
427.391925432	-376.275927616	5.90657006469
-282.046622321	134.226335207	9.09421368546
286.246502623	333.322432444	4.57066256885
-63.8120833867	-208.257928976	-1.7257262931
116.908013006	305.491092255	-0.357443287181
-6.18703816831	19.7290900864	6.54007030919
441.672093711	57.0862204946	2.82646226874
-190.909348997	110.223973833	12.4906811296
-343.397762516	407.379803378	1.14459183735
346.709451795	-300.291818635	-3.59569631732
351.785364324	-413.834666024	-3.61309351995
-122.370313397	264.687376718	13.0470997242
316.976383946	-234.140020693	3.67568872291
87.9121961099	-8.80807301183	6.84939355786
-411.758293055	-156.970401873	10.0193380252
413.955019143	384.618924305	-0.991333734275
424.654430515	-29.9098970277	5.44762706049
-340.107520586	-346.90845704	8.81744251391
223.827165215	317.394574182	3.68925436088
-395.422765388	24.3060665015	-3.94833617258
407.086909272	220.183282917	9.48808403076
415.389274861	-443.493533241	-4.55489493943
153.426299403	-305.863629676	9.26165214612
-141.171782616	200.209299646	14.7894772814
337.743595732	-236.875107309	11.372419943
-380.389227009	278.859770721	3.54710206098
-388.450466848	20.4775925545	2.91898503697
437.566246609	344.049272513	3.53653558824
263.02195066	78.2183187204	1.11711039397
307.852501191	462.838049763	1.49186371543
-320.774660206	-162.876235558	10.5095499755
-148.940755953	-218.086088663	5.21861896658
245.431686558	-147.594653741	0.60246251707
-118.942963246	-335.928611804	6.8285190959
-205.403602896	375.363052752	-3.55912198265
-441.524589052	-339.625919361	1.13566537858
-226.991996423	155.070236985	3.28654658313
50.410236543	-94.8685326256	6.76818201204
239.892848341	388.034209327	1.36519251249
236.474247306	-426.749085522	12.1758402019
396.054520852	-332.765626026	5.43587707031
237.006740543	128.583141568	3.50488958485
-94.2374247079	156.016582709	0.127096749909
66.9550756416	-310.275760671	0.714998344473
43.1028734844	308.221058146	1.19692463986
-464.822386488	323.593813751	8.55547437539
60.3811249077	203.413186074	-2.00561920494
285.840709912	-19.3260213947	8.31413478423
-175.319218401	-99.6312260722	10.8756216748
157.310700833	-311.045389164	4.89397096002
-69.8477763765	-194.881015169	5.87849441848
233.546398753	342.704597672	4.63225025684
324.342630821	371.03208208	9.95748751938
126.237252654	245.976443823	3.15122684406
244.683430137	69.1976160049	4.04882637785
-206.957478612	379.508173769	0.863796185364
161.541238152	-24.6611248901	3.57246562392
-107.5185029	-15.3874571386	2.89584265711
369.779622551	379.625703794	0.605878117567
422.40893342	-437.9172489	0.0490482853085
334.857970748	155.077142607	6.32874801347
401.730045231	-40.3504851394	-7.62110813407
-368.41322436	-201.677965705	5.58725780723
-323.264255151	-324.230019533	2.58375509381
312.219323058	-160.6925882	5.66351442435
17.5957202894	254.123841516	6.39431424748
443.728861869	74.4180102236	8.77936435409
287.164016846	-360.753782585	-0.178437686101
269.320026334	-39.6173739304	5.62494408366
-395.5014375	310.462284954	0.857143307031
238.413197483	20.8322988162	6.80276527158
-104.668933994	-461.266659901	-0.803330195769
0.0138963911871	219.153211045	10.5643129655
-176.994166049	15.1088202891	2.99496103666
-445.904853505	311.749877575	-3.00588856728
15.6425483534	-413.648797621	6.45347913643
-408.243097458	301.96719226	2.90720937783
-211.687748299	-80.0740977489	-2.71329061235
-62.5579554258	-26.0594943818	9.47717006206
-21.063600867	-270.607467714	-0.177346025439
424.706453295	-37.4485662426	4.9168071663
355.181077148	322.983872025	3.24998918219
235.325686005	50.0996813114	0.52471960238
-370.438013161	-36.6056778779	8.51653239716
-187.585920026	200.365291472	-3.28591502448
-433.645507672	12.8046119401	4.47942259223
-381.954288312	-46.2605528877	1.92856741673
292.300296995	105.695201867	-0.190192297044
-409.421443816	10.1038636021	-2.4448773031
227.596193981	336.631358603	-1.01972639234
-337.004697736	450.450818501	6.27928868604
368.305248173	282.409347905	2.71713827799
33.6699048634	-119.918054582	5.1291469337
272.262692203	14.2736253968	3.13657811752
-123.190824422	380.424015944	-0.241883551248
-138.8056231	-142.145498984	1.73989276898
-111.313490646	-396.633576099	1.98738896772
203.565424056	91.5416064824	6.78644751178
-391.753293561	423.793803849	-4.37216812507
-382.185582076	-391.182030074	1.56169584283
-153.289358039	-139.023641984	8.69443578648
-303.234424766	-32.1692082073	8.40648264495
10.5192986701	43.0601837491	0.897627358242
-393.286312839	-378.460663698	1.60528530944
-123.382063078	196.529787378	1.10194562936
8.52746143317	-265.317293731	5.11329004647
-83.7371313448	374.176074739	3.19456085866
460.768789672	105.357841943	8.33331000755
-297.454510955	353.935155646	-4.09468971301
-250.122192706	310.230160318	6.02139011037
303.19337892	277.875310505	8.49448281052
-176.725370947	-459.078994531	-7.64258281165
78.461020512	295.345890315	7.58742427688
101.969490656	-50.6689016284	8.62360011315
-348.831436247	47.6262369649	2.16365930031
-12.6878978569	463.455189588	8.94630005156
8.47522118383	270.243740694	-0.304019804954
99.1048616291	-350.639553972	1.40414876677
271.01073483	274.090284534	2.579116167
184.214571634	-285.968180188	10.9935044835
305.840416775	-80.2903364945	9.62307279296
-54.391794075	142.603119256	10.7746915166
-430.601726116	376.877310596	-0.48993950517
-155.017119273	-6.09422499547	0.741524626606
-78.5494614485	-48.239291064	2.46391993543
38.6920825769	-316.319715388	5.88189649441
-274.149022907	76.0812643257	5.24092664135
328.988087042	122.841323095	1.26127800604
-431.947190316	-235.94696201	9.34058276646
-372.551716475	-251.68751598	-0.517427740403
97.0126458247	87.7860779497	2.13957528332
174.987570996	219.453317808	3.06883931981
-73.6465197309	-382.054018718	3.5366317856
323.826567172	430.398490544	18.1901622602
167.609769042	135.702535899	1.38159352923
435.017668588	207.593797895	7.57511702599
398.105196822	-45.0541687411	6.24177709357
-94.7386911782	-326.898324137	1.06918507095
-202.327832066	379.087377314	-0.535639856735
-193.312470028	-5.85567590427	4.60194216345
186.02523639	-93.315561192	4.17915391844
440.801882663	436.090672078	1.37848206242
136.35550381	-329.243594669	0.909680418142
191.952664476	-390.877409193	0.273006152513
-2.62629271958	463.818947536	1.60758886052
-6.26737723212	347.993309769	5.54120021536
-36.008924194	459.225798402	5.52833661424
-347.907567227	397.936306119	4.04029865005
-341.924049936	-319.847370282	1.79154470561
91.6721622512	-293.859554833	2.60161751155
165.303806583	-327.39073862	-1.15979591159
138.321611857	-287.450076439	2.8531239191
-389.535342174	293.91130697	0.945539291239
42.13178064	-382.060613606	-3.66651898847
82.7856373675	399.201849844	0.341749573263
-206.755257963	456.703798454	0.0407504020555
-444.653634878	-61.4861390743	3.45711600961
-263.724559376	-424.094109718	2.95093501062
-412.179271072	441.244988326	9.59669267286
-114.657707249	54.1900228956	2.19875961113
339.608968436	-356.184071231	7.08813026101
237.279140425	-62.7006603543	2.68455031781
444.054087839	44.285828917	-2.0083296713
-432.05118834	255.629284836	1.61168095399
-313.072840009	-192.27797167	-2.42829475176
-130.416419186	-182.702733412	-0.726623252243
-233.966779371	-386.007298206	10.7616520223
448.138751879	-360.405542549	2.58013164306
365.689634935	217.958936301	5.46516132021
315.387534563	-358.615120599	6.17257665949
-443.04616076	284.199322607	-0.456482993559
-213.580265213	94.8831832169	7.70149763542
24.7614939854	-182.354446912	6.52332277974
395.388313137	-351.923263649	4.28779532915
164.425086972	202.041819726	1.19433722267
-116.648168748	239.735467108	5.03533060653
-146.170691911	-314.714943263	8.655055476
107.208493039	-19.9584686366	2.63836508416
256.074821474	-317.906316922	10.4508790783
418.336459116	-232.030337949	4.10747719953
-139.483627402	43.5540529381	-0.882249705226
248.186122738	364.26578009	4.68766328639
275.452021901	-377.601427416	5.23179477676
285.407628074	444.2216882	-5.02044684724
374.958453656	257.79731727	-2.69175947501
-302.679490956	-238.20878584	4.95212675347
-409.354556923	393.464500304	15.3262855037
334.34840161	-370.640272907	9.18647827525
-48.5457640851	93.6818016872	-0.0889997491546
205.69751483	-50.4614952191	7.51248017981
-177.503809505	450.76052113	5.35322423051
-327.771850716	20.5295738175	8.55492556974
-135.633152596	410.407763502	0.358027216728
342.815533693	418.305938816	5.26877345396
-267.605386283	-399.904167033	7.95728281854
200.100550376	89.4457089211	-0.0362477615476
-188.576659693	13.064935303	2.97407836968
-289.865872586	-361.851039344	-0.760345270327
-97.8013822339	97.232572617	-3.60847478461
-389.416693768	250.020561654	2.06707472731
197.956033482	-343.412289185	2.62032968649
-393.278034045	-202.347257578	2.52706659066
-265.571110988	-401.280712405	1.39210439631
434.532684562	417.481112826	-10.2654268124
93.6317037082	-455.63512294	1.67374212649
-50.8070295858	-170.948456327	-5.47673360068
-179.474044379	211.922424218	4.64291242348
181.379821097	-33.7423199429	2.33179857081
-304.213946437	437.95164594	3.2471978241
248.46432424	313.348107903	1.17561443931
2.64961404854	-226.299559409	0.835564706991
428.632432522	-222.197675604	2.43871803745
323.459708081	170.886015492	0.75143120553
-412.98416275	-375.702940176	2.47759891533
302.501117241	-456.72427126	0.177208625956
-394.818004976	-64.793909706	3.29550081416
-418.87616802	175.712694327	6.31295275029
277.207548419	165.930480496	4.36825970741
71.6449585121	-163.561164478	8.15308466492
268.290518835	210.111688613	4.04996165244
-182.939641208	-248.782549795	6.62096928279
202.772186783	-432.797589489	10.3763339581
-66.1597119495	395.249101192	0.33539564698
81.6013367291	247.612649919	3.95948613444
401.606772213	87.7698664352	6.12377844527
-20.2024783447	-140.677567522	1.98695063669
-308.087259251	-63.6365596009	6.48194994379
356.437250453	-191.276726615	0.816141554296
251.785594631	-374.052143269	1.59876395053
47.3783421878	-321.549720018	8.0964905139
357.746428252	365.529246486	-6.19797777586
-47.0266374439	86.8283870621	5.45514594908
-431.033839692	-310.699860409	12.5260402584
-172.022569415	114.695563148	1.70346743789
333.246127476	-373.735906617	2.94835420723
-294.791377179	-356.035067254	2.87580827987
320.194014184	-140.266486252	3.54409865881
-353.552968261	392.162522119	5.08630498115
-44.0280180003	-230.211444512	-5.90643764647
229.823710033	-129.464772301	1.75930202045
190.086312809	-103.300350487	6.07614602398
314.716441889	-299.103413398	6.97593245845
-361.724881239	348.773819625	-2.20689815388
27.3777914682	-205.232827139	8.77736429095
120.065860999	-241.878435827	2.33898870272
-200.661990011	449.853679468	1.80714192035
188.167815101	20.8241322558	6.97847938189
-235.763811314	128.915551611	6.96805404701
351.409841795	-174.074881288	0.858444345764
-411.147894449	-394.512454751	11.0994996038
-102.050850646	239.721373736	12.5378025021
82.2783896092	-47.775704578	10.0975342259
-405.220047103	269.971328777	4.38417779947
-442.469546641	371.218901774	-1.94665483575
-249.175316218	1.6250483787	0.0269238242565
284.171509246	243.66159567	-2.8160341239
-462.149108679	-48.2982336542	3.32182556539
400.697674741	-73.1192172127	-3.84962097384
-97.9901784047	-445.732641774	2.6158867699
146.511312513	12.8868374702	6.12527374896
268.095449571	-358.617491111	9.69907239836
-275.604691061	-145.494653709	-2.33613507383
429.22897939	398.47499442	-6.85868310791
-13.257874233	-159.224308212	6.68304470057
376.55963909	-438.789124305	9.09347327002
203.83433737	-197.436611197	0.324737793925
227.434341193	-82.0710370567	0.438133108419
-1.12764124595	311.122675409	7.37257988528
-266.165639762	-54.9836463443	9.90596659175
335.153507607	-161.166214822	6.10802201793
-155.558282599	-170.947311986	2.7653415075
127.6489617	453.670712854	1.4606502401
104.046211623	-401.021451457	1.19688389732
-344.969804596	436.06423175	-0.52481217295
-182.47577515	413.488842942	-3.0659534496
212.851430041	324.971002482	1.56645577138
-451.600387727	-61.6685416379	6.71060549367
-351.195378933	181.441625365	0.676716074336
262.88892558	229.748472568	7.77277599559
-1.15570530883	71.2068404909	15.2753268764
87.8764150577	-337.214658132	9.65768552346
-6.50725550811	284.224243102	6.95087879071
30.5710466542	11.4947755175	-0.439688058293
-31.612939964	197.342551534	10.6748659275
-187.98608032	205.304110623	9.01328545638
-95.2470276615	-100.580378304	3.02898117783
-215.749418365	-247.034689725	2.90844388379
361.547872265	439.657183557	4.52053640229
-370.498505053	-335.186851654	9.8933024271
-354.81280295	-119.117375422	2.22080179096
-448.47107788	-240.258543974	5.98191241149
-237.101511006	-272.576190353	2.12840979181
-196.174115483	-288.611640422	9.40542667168
-373.618274617	-215.79293739	7.0441341974
-179.332994354	-106.02205266	3.62172896312
150.756453222	-382.940783377	1.46414622739
-307.465555684	229.856202654	2.02919984447
-364.749945234	232.725799531	3.72509171221
102.080140607	227.336274696	3.9600582148
443.707642734	286.816348936	2.34743015141
-91.0813853706	0.967220624537	-2.15289540086
-40.0101138891	-170.215389854	2.39475218284
-397.669496613	100.089694175	10.6919961181
381.124356068	279.859666087	2.00884598268
-269.962638647	-103.270584301	2.9201443575
-388.646566137	390.861926868	6.92310320086
-77.4730006951	229.377949216	1.35334041403
-308.742236698	-114.616409999	11.5582704598
-60.9861723049	121.804476936	5.68162332462
156.417114877	-28.2611912065	4.06901448832
-185.867621841	-64.3234276636	4.84262025947
-401.188518672	-9.793997542	10.5105919524
144.121124247	-53.613223568	-1.66404332213
380.5769159	175.518761676	7.27476174773
454.760362304	-18.1997366	1.28011580023
167.417843867	337.970849863	1.51641092049
-247.727002164	-92.9646698856	11.5635481058
-356.882845383	307.48683393	5.8911990257
-210.145317918	282.088254366	12.4662730436
318.14821239	-121.11034202	7.09216193524
167.628981799	-55.4069061449	2.77531590165
-192.608292266	274.547024036	3.49495920074
-183.396219877	141.56329561	12.6342266421
-326.955680242	-165.89800659	1.84303599384
39.4058005166	378.83432991	7.37730910684
465.558109018	29.1695420251	-0.455051410173
85.6335430593	-218.206631727	-1.11813650253
460.173027617	-219.207371412	3.13326081369
-246.933755453	37.9941593028	5.80631312653
418.629332185	-250.671338134	1.87931539206
403.165666292	-165.220354179	11.6679656078
-201.174358142	289.263465039	-0.879962066687
-29.5880897274	-344.2149339	11.8513751568
106.922138865	218.987784215	11.4582684011
335.822620284	-128.833854566	5.10910284682
368.082170601	-306.243800442	3.38099008881
-75.8299737597	402.654072096	4.89862778631
-325.128096942	-380.974590145	0.441893922366
363.243654724	322.06826364	-6.71168825471
-167.12327091	88.1223416664	8.87646039748
-64.252857573	-420.207521094	6.96530292236
258.485372185	413.548875429	0.105713010217
87.717414962	-447.802458742	-2.3676849292
284.520178846	-82.1016179511	1.60369959003
355.545710615	457.96598455	13.6513882782
-266.915164658	239.819740778	2.70978924908
-176.045840917	-233.76629922	6.20217541601
-441.675770878	423.189123997	-2.83310976258
-65.1539299308	54.2593102461	-2.15029211685
12.943149272	-157.714559688	1.94674404478
181.615906291	-143.870349166	3.51723002991
1.22740888327	185.091871221	-1.63872029663
-315.405655961	176.949414112	11.5270266831
-340.976010935	-125.739685491	7.24414666042
313.309620305	422.017825347	5.6188767106
193.439020055	-137.954981065	1.35016030615
-179.550526057	-404.747975811	9.48764729502
-346.770087667	461.689079866	11.2372948461
44.0418991721	-403.174658068	10.9129824944
47.8484869268	-223.544053812	-1.92571063112
211.428312761	158.352677713	-2.86100617711
-462.90385092	-218.143221447	4.22684916634
-262.724981887	24.3751221308	1.30203311299
210.715185107	164.134144054	-4.19163728094
13.9253771446	430.660958581	11.3961799633
146.71356769	435.984206844	-0.417231175653
120.076274498	-115.53526888	8.42310151886
402.73838909	-87.9181263703	-2.43567833683
-438.827308581	379.693478634	-4.11820300059
53.7953404938	-173.590471281	9.56952601865
-87.6158946477	213.55237991	2.60475810536
227.736772651	403.046451779	10.0371589823
255.010893477	143.231093231	0.604753956617
-108.32063732	-464.297716266	9.62428062315
161.330525464	414.852706319	2.0541310582
-438.981214614	-151.402773766	1.91589523209
122.537726497	285.762465175	5.91686707136
221.203056656	-421.143496841	0.906009722255
-320.128895819	81.9607307619	-1.18615967725
-330.805732014	266.207763071	4.01917659248
-33.6740838863	-308.216911845	1.47480364737
99.7477997642	-335.955118897	8.35154598966
-2.28560492308	-196.662475118	-1.54540159609
-230.89125997	384.650367139	-0.582062152761
449.168060014	5.97886107254	-5.93245876694
-211.535445236	-366.16585571	-0.661992245879
244.541431383	-405.323321684	-1.84384389518
-100.050740322	-195.135215205	2.20562889323
-171.305446848	-440.193711287	6.37980344933
64.2784844215	393.167785507	1.69494726929
63.2173324907	359.469696263	3.76004607111
-323.795234729	194.139226176	7.74532121653
77.5399155989	-178.076248562	-1.3317682147
26.922962663	-240.146791842	-0.777668791435
178.81339323	417.32238662	5.77333559651
-5.97298613609	376.900034471	6.90392670544
-246.086598758	267.04532027	-3.01600770622
-289.759798408	-384.794642312	3.12180601592
-202.992076184	-463.430875978	7.56680966398
-125.393922119	-371.624177474	2.61832634653
228.596745281	-114.649325524	1.82922392526
289.795827518	-416.5270162	4.92926116478
-252.341137269	-71.3950024534	9.65873019981
-317.09864957	380.060717842	4.98846598467
331.237002309	41.6837548546	2.21332721362
-178.58536696	360.060002581	2.1257226151
-221.643887007	-37.8047141009	9.41687106508
126.417830085	86.50061963	4.04712717573
268.946249684	404.175112096	2.26934485632
-99.1223680929	328.640835103	-0.206920657592
150.101153773	22.6532958533	-0.861292818813
402.175371392	127.416316288	2.0037133955
201.96751252	-335.495129232	8.96078047315
450.945107996	-27.8346863751	1.69817503504
62.1233916258	434.995164332	4.51823396356
26.5529467563	-10.0646074373	-7.03772085629
449.273253647	-357.984291785	10.2131560434
-310.160150461	-35.5099089098	2.88051616808
-430.611954456	-218.94825286	8.8700914974
-331.994001125	-439.274584588	5.71601020812
-18.8507770333	-321.361710344	0.671998807286
-422.529897978	182.808715231	3.12984578344
154.174538208	-173.496948748	3.00225407473
-418.056315325	234.800312647	9.49804475872
-191.828683455	275.844840193	-3.10810991177
157.324126786	-463.566674139	8.41224246071
-183.242906512	-224.12237701	7.9175175849
-171.82380389	-55.217147976	5.11407265456
-401.754442654	-16.6841732012	4.90830269081
-159.090335845	-276.920447705	8.69170056487
148.410662681	44.1262885239	3.35026498993
-252.512234933	-346.498186191	4.33185965652
-218.022486632	454.402564978	-0.215340550847
425.136321722	177.815615218	9.30582976902
50.2712948729	268.180038056	7.47786694398
405.560306047	396.837625048	13.0376009957
23.4787767499	19.1051542854	-0.714724192234
41.8254208074	-292.04715288	-4.03123716771
-139.68225161	85.6015478728	13.0171669741
221.566436996	-135.863860346	4.26221422544
-54.0630365806	-372.327135991	-0.623726551447
216.419020717	-293.860892489	2.39066845779
232.18962401	-346.986854976	11.5530601338
434.728145257	-441.831349787	-2.44672999116
75.9011932277	377.807637689	0.121048717552
-50.1141091503	276.240582037	2.92475085059
180.421255118	-358.475035813	8.13937759103
-302.721000455	-358.865387173	4.21006520819
-270.204021383	304.325568934	4.29813303721
-421.783480834	-208.952373901	6.01132882958
302.919367408	-213.583787114	0.185607963155
-311.618276016	340.312957223	6.27452834572
167.062025442	116.783659448	4.23057251351
-58.2476417574	-130.564176569	1.82496824688
-452.362044454	-81.6474416887	1.33364379699
-204.210821868	-338.407483981	4.34526912917
61.2312597934	287.932683044	0.150732058813
427.185639616	-139.516022781	8.64119415698
351.157222039	75.1894641542	-0.535801344229
-271.714831876	197.562773687	1.37711011721
-428.53336564	-298.254501195	13.0264961042
-290.267085147	65.2360383513	4.30383991471
-37.2935834257	-235.208491562	2.21058508139
336.112793861	-197.26754529	2.41723537378
11.0926085048	-303.359740314	-3.61669972385
-356.859217624	-253.714134084	2.25542709661
420.479566682	-72.3389772702	7.33156000664
326.607545125	-166.277947083	-0.412334176869
370.887604905	378.447361485	12.5134370771
205.039196509	-172.991699591	3.49107051674
-187.922344024	-463.893825975	11.6129888157
100.735416566	-438.011378415	8.59266342195
-148.076277592	389.967273715	-1.19194925764
281.406083972	371.55445943	0.910161805536
-305.392877725	-426.580091523	7.25353381209
-427.297125663	197.005970316	9.26946515034
-356.345095345	-12.3428680281	0.327339428569
-358.721623468	-58.1621169282	3.7012320591
424.554651981	427.198472523	10.1020367146
45.9366366875	206.533918743	7.01333617176
-165.055691221	-141.913907599	7.80523487743
-70.3202955763	330.687257621	8.38828594105
170.310430013	-194.217757394	0.194771810132
-33.3987744379	215.028931028	5.4150791695
-60.0828999279	-420.710261803	-0.350169515498
-160.758775305	390.709417103	-1.30163893575
-136.104659943	88.1676370871	-4.66976634339
13.4026465467	303.067593251	2.90043032316
-354.101745411	-277.76695674	12.7653442248
-187.084655327	403.158227267	2.78172614418
8.71299078003	-157.204421315	9.9748695965
241.542785493	-261.153760778	0.929321297614
-238.159554903	460.943701858	-2.45568648727
-397.682887116	342.531514175	1.17375852139
74.7786258096	-391.008523541	-0.851327527527
390.434816435	-411.873165905	5.13521620477
-370.967883853	389.024483483	-7.2570140039
327.421439355	-166.069733455	-1.99435924938
132.848035331	11.9165314929	1.33397118398
264.684698505	-200.659315905	2.66065537187
377.123561284	376.043684637	10.7891307276
245.431386029	-194.556076434	-5.28926757012
-139.256546581	-203.37023606	2.40373447532
322.036644979	338.777691203	-0.392831722639
-436.199411475	3.56855060868	-0.0271215717919
105.922321374	-268.460278032	-7.89994893512
421.166012968	-114.083946441	6.51987382539
312.632039986	88.1388650048	2.93724957962
-41.5386023081	-160.392883587	-0.588027668735
380.600323996	245.438894329	-3.13641604409
451.595606185	227.739620596	1.7243745976
340.723538038	249.646877368	-1.39584415324
243.507756057	-416.763338423	0.939184486128
258.009503769	-411.296174506	7.20597042192
-242.706193103	-177.249767961	-1.88760625708
-427.653585538	389.018148143	-4.05613117514
454.005685172	-288.007281051	6.1645200717
77.9765876595	-419.626962982	8.35093417746
-264.157759341	-406.779169019	2.18915577514
189.529409251	-12.7704280782	6.38554362722
285.230823767	160.138302088	5.46644032029
26.9117311207	-28.2317271935	10.0660574517
-305.250106043	-151.834616335	2.27743257425
12.8072869945	338.717308833	2.01192957404
310.388518988	-424.927049263	8.13559222265
-375.340966437	275.45634043	0.746961999711
-78.2610593179	88.79797352	3.8998196223
385.285444534	-384.877666881	7.67970832653
-341.368306954	262.59434099	-0.0379926837449
275.509690143	216.408871441	2.68795638548
-10.6326663721	153.010384188	9.36740121645
-399.421729091	94.0192066495	7.28288901836
173.682078838	274.972197086	7.84608840208
-207.375095765	-460.109288019	0.0549762337274
188.811733774	-86.1473249041	-2.49342189538
-227.366763383	-317.943273843	7.54488064974
221.834449932	4.34634167197	6.93260474301
382.118353032	321.640560365	2.91998385423
30.6937122528	80.4136577199	10.21089281
212.22654686	65.5100894475	1.28554730966
-288.381597168	-245.30344296	13.3070852814
-414.928779422	-152.949537825	4.22483551038
192.702930612	401.06894318	8.63014034418
171.426434473	180.303533533	6.17119052238
156.588086078	408.932361199	2.82249318731
320.426351485	-250.137451251	9.11322745444
465.104920717	-229.996503287	-1.18548245508
-178.097836194	-61.3177254029	-0.540729584646
277.588775548	341.531843192	3.16741054248
385.065357062	383.918182846	3.01169666961
-444.81734875	-381.540564354	-2.20320177033
-109.091940794	143.629617425	-4.81951865908
324.217541972	-109.307148914	2.00475591756
-73.43895129	151.452442392	1.95270736969
293.687708561	-461.524610612	15.1541990878
-209.460384468	307.895917661	-0.208011170106
-152.198984007	-446.596618513	0.226450186666
446.105790566	227.291595533	1.53965241007
-377.529805276	-28.2429386712	4.32840810077
-348.841918547	-128.877258204	4.83842806352
10.5320269092	-409.625032953	4.18900318636
-212.332209359	-176.318021311	6.19588105612
-292.892570336	-74.7659384437	8.48919670661
254.051660224	-59.9953666633	3.59538691876
-415.662352487	-66.6040934638	8.04055366671
430.650480645	-309.379146684	3.73264312791
198.910490072	-324.406211514	1.84702426027
327.765908991	-421.65709447	3.11599951192
-123.456211614	-98.3363556386	-2.80659155475
101.465626909	-197.906009519	7.71877715317
20.8103305708	219.887454333	-2.00641568595
116.795915036	-149.855935946	1.23093354175
458.522186722	-171.751621863	7.97899444902
-119.867098635	-314.967314528	8.04453759393
-418.244875795	-421.00886443	2.22323442351
-464.875886921	357.234719626	2.93507451353
-166.840049695	-11.3471603191	8.55198681475
-322.411562402	265.696139822	-2.49994187832
393.798701029	-326.629376508	5.60864545965
439.872420562	-36.4258668379	8.35643070114
-7.13326351096	-343.775499793	-2.07131220252
390.552260539	440.604245108	-2.99904081403
85.5282804548	257.995525415	-0.371261174579
-293.338430506	-0.171393902993	7.85804165628
-65.8002900122	377.973117722	0.984338948052
-339.8215271	-392.853769606	7.29919719654
-102.731860342	-382.398679701	-0.714984177162
128.1643292	-233.098364416	-0.8016047349
73.3184556191	459.197775376	1.98593268424
-241.539246604	-28.4348951676	7.88623594353
-307.703097527	23.9935759076	4.84743375977
-244.745421891	-77.0651895576	10.142778177
-370.373884122	-92.6920091925	2.84342451961
449.197144042	71.9877418732	3.59769336288
-411.589527555	327.633390066	10.3980778576
298.907122987	-78.1459419445	-2.72166846975
-293.591939921	124.875209137	4.53636070934
297.620045291	-312.545374853	3.87026206632
121.66123474	110.015697798	2.10753447112
330.112140337	411.160965096	8.43984718931
-234.183827049	187.113023347	10.1545644377
-287.081711072	167.550482514	2.26733643998
32.1234463333	-383.319888065	3.03679990474
-402.419610536	-78.7626412457	5.9249742549
232.580837258	155.028737613	0.600510384122
233.438796529	-36.1678049645	3.05446822337
-451.974124493	261.877273462	2.42254334785
24.8045724312	-138.73661996	-0.139114468208
-376.04920936	-303.348150623	-4.78685572572
-179.893570238	-195.272181826	4.8438845471
-440.382837961	452.465417391	2.43665468713
-193.786088267	46.632495379	1.23180507131
141.959283059	345.153367588	5.55261818497
-74.4290475834	370.288299501	0.363040598658
174.384048722	-398.485341537	5.65416838908
338.793312727	-115.593080246	2.07656555429
368.808062782	-75.5054955868	4.29936212517
-302.834825147	-321.572331737	9.22805336432
-3.55874133575	-147.216127682	4.03674982425
245.523563538	289.7460078	-1.70182316429
340.983795996	20.9164288237	1.00520459902
161.95898798	34.5351781479	-0.639651243485
-160.866358668	-419.440640825	7.19275466234
268.214737373	-160.048280874	6.4485031645
-298.245253818	-461.951720342	3.70604963122
-47.9453988202	8.67277773149	9.8071284037
-434.455593188	450.550150372	-7.67843101352
50.2762587447	287.583321011	0.863470160425
-248.05111842	-253.302054834	-3.8655872115
299.629922045	-291.653097716	2.62264234208
159.589196767	-308.948919742	9.24762955483
-195.148188824	226.460199555	15.3618893478
18.4273073044	14.8921505703	7.14448628752
-95.4231875774	-15.6935614136	-5.55931743016
434.773006828	284.277103408	-1.38338033971
-441.236406862	274.816348975	-0.825701359254
292.515586596	97.0671690113	1.91751642045
-96.379057	-331.472211526	0.178016722764
-331.860005135	189.515033837	1.9825230298
57.1291475664	-58.7211431731	2.82610958178
-341.805507345	221.323049947	7.81294643202
-362.240175649	-14.0759328948	6.42825116219
424.09510781	-406.988635383	10.0968101464
289.652729948	46.7163360453	7.80118058201
-88.6024652588	-381.961979301	5.21885343949
-117.166429286	111.486646818	0.840643742881
23.258215904	414.973158472	-0.725543128565
-260.919969957	-294.085013549	8.75334019744
211.142241768	447.75934484	5.95522730873
-294.322524808	-144.192092114	6.07403451541
151.406340867	-123.437288553	-1.23381659822
-67.7304494609	-338.681904921	1.7704135718
275.082990264	-276.318337165	0.512036626633
-125.242255337	279.188022818	12.4633122906
70.7050336681	52.462405285	-6.6667530944
264.420902524	-154.031491634	0.29128961293
240.641266683	-143.956440962	6.02125419666
146.062586338	157.012938707	1.93434123035
264.827339796	-41.6890402695	11.2039442054
-320.769749288	434.164318171	3.24509514508
-250.504308579	253.945112167	-3.93310931979
-393.708980725	402.032004708	-4.14136565123
-38.9285306224	-195.342436562	2.9601761658
-78.6581194281	381.589945935	1.92429502135
408.727575878	-230.294751048	3.77996425921
-17.9975398584	358.885597853	5.14677849228
-460.161922752	-415.264714608	2.12710441741
357.846035678	-112.379275351	7.00228571733
423.175950773	98.3426684939	-3.23880670687
-195.229910015	-389.999883937	-0.107978245199
-350.14114636	189.585034483	2.84842463887
185.872332996	-414.142283873	4.24544421572
432.471151405	-146.013406775	15.2838118486
271.265564662	432.350734457	4.34819520205
404.314299404	199.43968092	4.62419047161
115.341101554	41.6592946159	-4.41526526506
-286.712652997	197.8283366	12.5641231247
122.418869	438.954786314	2.29578652193
441.000531527	-329.640713495	8.92438338514
378.941854812	-278.100516896	1.17292415735
74.0629408681	-95.1039995048	6.579747799
-210.257680021	-54.0215931036	8.89776697557
-345.506504048	-414.438218642	-0.967125391898
-217.68156906	-360.110580301	6.75313961113
136.873018175	227.294060605	-1.96674490914
210.138480351	461.389034484	1.47741641938
-63.9469061583	-376.229975278	8.13455474754
-48.657923672	-118.901494056	4.19095154043
-324.989590289	-261.509997254	11.0288398804
9.27844640587	-291.699034012	-0.0547538661137
213.956204598	-85.2522951779	4.406565029
15.763934654	343.11437202	3.11831977456
-14.2507758868	263.101262876	9.80603931028
289.259857484	442.595813114	3.10393785819
-315.468300779	429.446467588	-6.93270367849
-206.85259151	-8.90627349769	6.04073798032
447.555920616	414.836087648	1.39062406204
-414.392479315	-162.295388577	1.6057746958
115.20896233	-286.544170812	4.85751008562
-164.086079673	409.280567872	2.65524374913
-62.257681053	-104.122960213	2.97764078555
269.969767438	179.241120147	3.56200722988
-233.400271111	-165.365530154	8.12313325771
-22.696253736	-404.198113597	2.15770999797
-191.143561752	-28.6670413018	3.6619349153
363.187262335	-206.534891128	9.84387703156
35.5909869126	228.355281678	-4.3273564443
-135.360839118	73.9377292517	6.77046547898
-371.968717605	-266.900253471	0.982090492942
28.6557505334	218.1995241	1.05228957009
-48.4467462338	-188.922843355	3.62629629839
383.091973209	444.358385641	0.155796795385
282.807140322	-272.795509342	2.51247510041
-262.204183328	234.669589497	13.5064480876
200.311736066	-425.079329659	9.67096684234
274.505220763	67.7262171091	1.85138742814
-205.068012247	74.7199772015	-2.3487546273
30.7590359777	-10.459876311	-2.68063700539
215.482340111	107.957237167	9.69467518591
205.493732415	308.088742562	9.03550150402
-145.948880731	242.747194157	8.02826308646
-4.80385687177	-181.400187612	0.0198361150231
-171.711307688	-170.448670057	7.5812764648
-431.405871451	80.099497657	3.99200699286
-438.823649326	-408.052341123	7.49059913664
-243.492094754	-289.58846462	-1.03152411196
-44.9825928481	87.0407647688	-0.811371244921
-273.676029983	-250.289692934	0.537464048561
308.541640315	398.175092852	4.56692747497
-165.305955955	54.4089236753	2.79397997861
-118.615690254	-224.213073834	-0.0300854181511
413.601040333	139.589589502	1.49857221718
-43.1017661826	-365.336805428	12.4258397987
316.755327396	-449.354778885	-9.70572944759
282.436796538	-232.424797392	-0.016688197659
22.5261384653	-144.372470638	5.69340976076
398.792481038	32.4574662529	12.6169707641
-182.950668055	-31.9987833308	3.12429380194
434.296033676	-160.709468807	8.72418902911
-434.828298229	-278.454307355	2.84937945096
-23.0898195226	56.471593498	-9.00661193557
-98.2359108803	52.9237781747	-4.20817569947
14.0510661407	58.2992904059	-10.4566460486
238.196567495	-157.840310927	0.898829579875
50.3423690386	219.784950976	5.72688238611
-122.037252993	460.911967682	-0.638315721037
-31.1203584327	298.067552522	5.81334127646
-341.75696365	276.888534349	4.46851684666
-170.725481596	-457.942330117	12.9271659045
110.520322722	-330.214418251	6.17993583478
-84.2170051479	-426.741442526	-1.016450394
-359.454277923	-68.7207387545	4.67794321015
-391.228290216	-312.436938314	-3.39165399527
-263.134245076	189.80382073	5.05192428022
-305.555463289	74.9053816047	-2.91102434273
277.656917937	37.1965079691	1.36519727538
292.94405941	-291.666887981	5.08563075548
-13.2316682896	-429.728619995	5.40567494967
-329.079271594	-289.155114556	12.3278390907
458.591896943	345.608238863	12.1492012589
334.452017436	32.5553344123	8.25934507212
290.48934524	-4.36065128854	-1.12959592377
-422.415109409	-350.217615104	-1.55982369582
5.17395963845	-67.3085892789	-0.0721898518625
-420.253920827	-428.01955122	5.80506796565
219.904614976	207.571626113	2.69616839145
-256.341487706	28.1367541511	2.63840861809
-193.762210744	301.383467885	-2.8364411491
443.867603936	-102.092135027	10.3843814259
325.594764071	-267.489774866	5.1464073923
148.397537748	-173.953084566	7.69937917897
282.238802683	-120.244662255	2.06719241777
-187.023403671	182.081189771	14.8638060947
-385.608739881	148.056700766	2.23080075694
-148.455851532	-266.710106179	2.61108696514
-22.3295454639	-427.770815464	5.02879670658
-137.408594293	-295.308019401	2.01862412033
452.781066384	-336.76087066	0.590077043085
-256.840247608	-430.298563219	14.0128493993
30.9312037955	-357.929591465	2.05876946326
-268.915820036	-130.178853723	8.6358470142
-246.165719872	-189.452259376	0.0890314322788
154.327846204	176.364866234	8.15772230032
-96.7296507448	430.478521681	6.04567348772
305.921970701	419.40800422	0.887429457527
-169.339946303	-11.9515013688	0.298578005785
171.585309178	-155.549911424	7.38736180113
-241.216721513	421.396878854	2.79064151302
-50.8813206241	226.983160228	-4.44505817814
54.8593486103	132.078751385	-8.50934666294
425.938308802	10.4629771468	12.7491263529
-57.0654031844	-119.942113453	5.44802441253
19.1105400878	75.566755453	8.24901166356
-161.861547465	347.048602102	3.66130523471
-396.223551199	-83.2512427752	5.09130947673
97.7056497011	438.410044551	2.49373011375
430.437658955	340.123949046	1.55038774025
-459.773768547	-333.303990827	9.59982681056
-231.170707	-370.909411576	3.54012752387
65.2264607401	-329.390868636	10.8258562084
117.43022882	-317.005491385	4.0623811552
-23.2842661278	308.100954984	7.37754821623
-69.9659388827	-433.141670241	-4.139399165
106.426703509	-427.647787092	9.03117066713
251.764494898	-455.328190309	-4.18431039681
71.0864314322	-345.427542575	-6.28367618271
109.423358977	4.64356132375	4.12997075215
300.395644548	31.6346249294	1.1912997933
304.816664505	-225.434013582	-0.531808495662
334.21631346	190.604430998	1.18954069454
-154.541298405	381.129506703	1.20779409177
-108.309264077	-168.468154251	-1.81042556022
-232.66906635	375.588353717	3.11840637802
79.7229742431	449.499773185	2.17824514696
147.415438742	-455.647288819	0.748602768386
253.164492629	22.3117397862	5.03342879968
-212.777492738	-200.986472496	3.90862557326
-380.80832504	94.6455961889	0.307901928662
112.651465835	109.625937986	-6.91611800841
174.946437383	-62.0777083842	8.8482438906
-287.992313002	-163.871125633	10.0620555489
-239.436985532	69.7937954591	-1.12100419173
124.638593014	279.319897833	2.35200047761
-136.735945458	306.000916581	0.867032110373
-100.195324638	414.742478688	5.07376166212
289.342786104	281.284511449	9.71289554894
423.502873242	248.458905887	2.7900805914
-447.805528509	-14.8393086009	-2.38751551931
-205.9174848	38.0086067481	1.50439702271
-321.938990931	28.7176254222	-2.86802055791
289.092935482	-378.944414217	11.6927651187
342.545445904	240.910378166	-2.04755685593
-118.674139161	462.162375112	2.26147241607
445.755466405	230.975393171	-3.65981593627
415.763337443	180.136977114	11.3424324764
-25.0650513468	-76.8891431446	-2.17685892068
-2.95213561281	-204.537610929	0.536902234844
453.836111904	269.195306487	2.0209370374
24.3088201665	-137.052502901	2.5239712676
23.9307846136	-461.691529525	8.66602405062
340.690656751	0.848246133864	-6.05735941901
258.314291159	378.70555299	3.04633929203
-374.542724818	-26.0183243067	4.79176230318
-91.1396272831	-248.698401343	-4.87537821092
32.1817878413	293.170071084	3.71859263231
-252.180298972	352.006127668	1.63949782969
454.896106952	423.528144429	-10.8115122608
-51.5477738304	337.919603331	4.0081569176
427.256950846	-234.434584362	2.17366523778
-21.4793477324	-141.646023505	1.33667971524
338.053244051	-111.541610746	2.56892287032
-426.8627443	304.846341635	0.0657716626321
-94.6990005753	299.000850468	-1.49949672172
-186.288839692	119.127275647	2.48790878698
375.979146712	86.2509058071	1.36257347955
-327.416267494	-311.712055983	-4.56316977202
404.197561222	-153.474822645	7.72460411432
-104.948389526	-230.06490502	1.22204573791
-399.016018111	252.475817156	1.78940823662
377.984134283	260.161738923	8.81729526906
70.3207964218	-210.568770844	10.1418902416
346.615544097	-381.90920239	-2.4219503802
402.052668039	-155.965740507	9.99971198676
369.4382325	123.134649573	3.2566067427
-274.364309984	-209.86746848	0.016898181764
120.637217007	135.461876669	-7.69189876856
-265.274458342	71.8739508933	6.50626448149
-423.829660659	161.458213228	0.341052840372
461.289483649	-6.89174646215	3.5179491051
276.095591684	292.233027017	1.14442264732
-405.450491822	-355.691716821	1.75212501515
-88.7269042078	-34.5087911717	5.12240083225
