-307.115243166	-26.7922312671	-4.1623590563
-0.383537727252	84.2189234222	7.45382325647
-153.125931175	-344.946903569	-2.16549132557
149.542119608	-10.3962401165	1.9343391036
-130.438790303	-382.131648046	-4.49162512056
11.428229783	-177.133390905	1.93627791357
44.6890735097	78.5147136394	1.36169844308
227.742342545	273.234472433	5.17584905921
-325.285491665	-247.807178283	0.247211331502
-119.472890163	119.027978313	-0.321453151167
-0.0582755555116	249.238410096	3.54911156548
-30.0120062245	-289.438951635	11.4271009703
-181.05971349	-345.305355936	3.08441564141
-317.315405697	80.2080273072	5.58546268228
-161.721305913	394.155576188	1.22473238979
326.939794198	-266.275708158	-2.85989182609
174.249894782	-74.168369037	2.76140428532
96.8956403899	240.194709445	6.34801236516
-132.321848213	-273.065761124	1.91413277393
-25.6241065846	-395.347944416	-3.47918493341
38.2829681137	81.7204190605	-0.223839989765
-166.346671345	-241.884618902	-4.56057614685
358.412211284	184.333199249	2.77677763479
-350.032210886	-147.20683514	-5.68555604553
348.875433707	-142.262873273	1.74443292707
-145.399424749	333.590138881	1.85723230207
299.495514601	-378.415570229	0.33720664643
-54.5288110824	-186.392460842	0.0291956710488
161.160588784	73.6075887616	-1.82221690011
-89.727433657	-154.556368448	8.54095780564
-169.105117437	374.2125911	1.40614236606
172.055447522	94.3159945279	-3.45070028085
182.700852578	-237.401156908	0.28097452772
-283.701253964	-345.169264042	3.44458731769
130.085967574	-15.6287407326	1.64480370054
85.1246853416	-256.677885825	13.706242415
-120.464160366	-104.338517516	-1.23773474345
316.076334518	-379.038809737	-4.57141041823
303.357351513	310.883899215	1.00604464583
299.009392527	-318.892904745	-1.91693509965
-183.591224968	112.37884246	-0.112077237601
329.585612371	-191.836651079	-3.19572189945
366.405035052	344.502490594	8.34097945057
156.935832802	-284.738000389	7.90068904867
-128.810599956	-114.909660045	5.50687717423
-120.849583483	214.857559535	-1.72600292719
-315.792693095	281.101275516	1.59425094009
-391.123439861	150.781428957	-1.55089011123
382.394484236	-370.018121381	-11.9262761001
221.36912399	-356.506121845	4.04378431289
343.025315231	366.939555296	2.24304748472
246.509946354	-268.837110637	4.67607279763
-88.4853131371	-365.279284333	-2.77131367888
225.033218503	394.073883662	0.497239542036
-222.763522067	-175.599572978	-3.18719126172
81.8223012396	-244.460915427	7.40495786248
43.534150684	-133.258800156	10.0676601384
57.3113026378	-142.300893628	8.06743684034
375.939089313	-159.514935062	-0.90092508509
-176.6572385	303.462818274	-1.11433965281
-1.19987980257	282.738373753	-2.67994180672
-173.867355508	108.380286651	8.8976242164
-35.8511966835	11.8383993629	2.29352162605
-321.626069968	-241.637572432	-1.70372055405
261.815289225	-345.398554076	0.0211644862884
-292.573115732	-200.494191991	0.386444063855
330.769563044	130.763811012	-1.22685075624
-27.326080499	-97.5247736475	2.0130961632
288.702055488	307.492939167	0.824806586091
-51.8500965829	-234.488743731	10.6761467649
-269.597339305	220.054636557	-0.893677615937
-145.721246777	90.0924499343	-1.11607861785
178.208203824	165.918001126	0.894966741885
352.138290963	-238.841932545	-3.59331655783
31.0054113114	-239.256362531	2.68456624517
-73.5640630558	-292.388970925	8.12820911262
108.282550152	-297.922506168	9.492628792
90.6277142465	255.588776372	1.86845554926
7.53694342426	41.6098706431	-1.52079349522
19.1109792484	-118.220399872	9.01754915228
-72.9382570391	382.810611865	-10.6587702811
-372.126296977	233.945168264	4.40789476611
68.9681356916	-124.449371886	-1.04440189439
-366.134325606	-364.9733136	0.678109750251
-262.637336361	-168.478061105	3.6651237461
-108.728167942	339.388771942	-2.57458629212
156.153801541	-136.33979225	-0.553189748186
-208.89341099	-183.664733603	4.390438791
-117.770292147	-91.6477176438	7.19849845437
-369.288028829	-303.054911718	6.00137354584
91.9414672857	-186.867733375	2.18096450181
-115.986467257	65.9444561297	2.92793167444
-305.287622573	-19.2072293759	0.285419957887
321.773428182	107.402618324	2.14662523154
17.5118237182	292.242331353	-2.79150894236
167.497042205	278.89322788	-0.708924194371
208.287342192	390.59283154	-1.4598748715
133.293088506	86.3407594302	4.76867924987
85.1603545851	339.655446561	-1.88878731727
-379.101053341	90.049983746	0.652388645784
194.13824489	-343.117433431	8.73403072047
-391.361236919	54.5654005669	-10.0307135649
-375.754946083	-178.825958815	-7.72973536289
-274.306679917	59.0835244705	1.39945531937
326.377849888	140.715253739	-0.190759337859
-163.627422816	94.9875264656	-1.43175393873
-243.871597865	-174.96320821	1.57598999676
-0.659917927145	-81.6758372366	4.14370283203
-189.957278102	81.3849706164	1.50867337872
-115.46030037	-78.7742220966	-1.46504724683
186.776203747	-209.171803232	-0.999807398382
392.212415186	-260.702815478	-10.4562636092
-125.058448845	272.959705709	2.25121915999
84.0101728771	-49.9625371106	3.42764042736
332.567795867	-347.092403723	-5.44751735048
107.564282542	43.5624248109	-1.36419903765
-125.418274571	-359.212694912	-2.12499400096
16.4277417377	337.59184352	-11.6221239337
394.796461245	212.099162812	-0.152492598159
154.384731596	-5.58151851541	1.62025162033
65.3872134901	-4.76690619076	9.40672920895
170.087466428	-246.343013384	12.4520489348
393.590675303	-271.703364213	-11.2189836646
-297.500963397	-306.396772081	0.355092927987
253.035545155	-42.6172512676	4.68170630997
-170.039154302	190.63444983	-1.07687604472
-72.1439976527	-349.293797943	-6.06324262771
191.589170589	285.470910824	-2.3272035606
332.282345072	-191.127893606	-3.55144363032
-360.884724452	-370.113868203	0.760196915418
22.7654672225	106.734980037	3.61664642696
-5.70965015341	-148.89551242	8.12191363753
-128.663100178	292.733293153	4.33573855004
-7.9766210137	-21.7128411703	0.761694349406
211.472811851	-223.690509449	3.57241606639
109.854101109	36.0464929231	4.86920749439
131.373729086	-306.179875499	8.46912555488
-381.953195576	-239.890438702	1.68659798451
4.99290327661	28.6865602874	1.80659716265
-367.942365455	-121.941553671	-3.56124985877
46.1084437974	185.53613185	4.45316045135
-358.019701801	289.864019099	2.61775213013
232.217217752	16.0115001969	-3.52743391341
-219.018071098	72.7338626724	-1.37250091259
-143.792908125	384.428986183	-0.928952102381
-269.473511534	-63.7769930344	-1.0448673398
33.2330208603	199.170573838	3.33174157818
-33.0362329321	64.1117648898	-7.99304374902
-390.002490913	-83.9955529058	-2.71928095593
-104.484502425	-153.184791922	8.14578992404
-303.288860766	-30.9315121493	-2.58988197769
-179.591671815	-344.870336544	5.36039510749
115.190808798	-113.754263853	4.52992906028
-85.7401282283	-86.9459947307	0.156864773157
-223.98526474	131.353107529	3.47709499857
-361.821575154	-67.1959517867	1.56103229231
373.759079248	-166.75989897	1.13939374371
232.440490311	274.220302687	-3.11419308372
353.927961569	-174.415065408	-0.135838751896
-378.154450603	-382.151140432	2.95670639148
-221.831386095	96.8229661343	-0.730231017621
180.301005501	-327.153748967	5.49213785616
58.1734040008	-94.1713360599	9.32417380799
152.377191322	-394.622510373	18.2906309034
-121.832725128	333.050627267	-3.44908214144
-132.969699422	-306.461559815	-0.418641961066
-75.7101157086	298.037252467	2.47788734939
289.968616591	-182.54946066	3.08168635072
-29.2892062293	46.7819706398	-1.1847387132
222.171779568	103.94685235	-0.726387295155
-178.397879717	-2.78647443455	-1.36932630149
110.914857224	31.1601471913	2.74953688073
-42.5219337567	-352.85990189	15.6480280599
63.4515215996	-252.206527228	16.5229055215
375.486547971	-70.8487208159	3.66105274808
-65.563562023	-297.508938679	10.0606223999
162.900169461	298.659338598	1.41631583609
314.400896327	-308.676371116	1.89988566815
-195.402628948	-75.4484427399	-0.331348551063
-343.595170366	297.709519508	-1.1606569403
302.185722989	219.262576733	1.08662054328
366.477312599	-6.90187573926	3.16226507134
-67.9979995273	63.8516802183	10.3469490015
195.933874361	29.8296715363	6.41045408719
3.75160006863	-2.2235461104	13.1572968451
-111.973245805	-167.024324361	-4.06452518119
-309.977378272	387.404100278	2.33854285017
91.5658933471	395.51864335	-8.44225929031
332.216743312	-284.601699789	-2.97320198485
-235.434330874	231.340200408	4.76722224342
31.6003882945	79.5067519835	7.94798568408
-70.613225053	279.774054334	4.29186158693
131.837451827	162.777131085	3.37224776216
-219.645371976	-394.174847185	0.851978805008
323.132212644	-175.058119529	0.123763526221
-35.4068489082	73.1902396837	9.49425766787
-47.4046374879	-191.530451022	8.51359873604
-352.532545469	-358.80793542	-0.521175934203
-256.911324292	-185.179615645	-1.51140979249
-262.423461972	148.740006813	-1.88187244425
-100.653231629	-345.536062625	-4.75025106829
-339.14111099	-217.346400177	-2.93393260507
-209.525619134	220.681900268	1.22731177345
-20.3770336276	385.813721368	-18.5203661368
-343.343856094	-0.457347718332	0.526932105294
-104.937979667	-96.8736979044	9.02786832768
-360.210431342	-58.4327150664	1.03925960674
-41.7778170672	293.221263935	-9.87040241367
305.745922234	378.116542907	7.85209661455
252.446433594	-77.8352517274	2.64326040736
78.065595217	-173.612700156	5.75853883312
-92.2320107789	35.1001055172	-3.32002693307
-238.416731918	341.99104172	2.53385313613
121.926693689	-94.7126552423	8.16553912748
48.7971420234	164.63583613	5.92838931467
-26.0511798281	-256.396302539	10.7843461337
86.5068609824	-141.652395334	0.441051640128
-132.131562077	200.316800206	-1.85963304732
334.668335343	-223.802531427	-3.45160695553
-78.4080518832	-338.734844736	-0.0432555559994
311.220092293	-12.1305657222	7.3540119553
314.691530972	145.187928217	-1.51486980441
-219.688358002	361.573344807	2.69348770961
147.808454615	-123.627891163	6.97623987763
295.889490811	-30.6102399838	-0.755195375218
-283.566770515	190.57014933	-1.89717642694
8.74355387726	157.399248455	0.554281766537
-108.520764559	-374.198008404	1.07410697963
17.3189259123	-173.506587997	2.48096466441
-337.382257759	67.2246665485	2.41094151962
-154.67832757	199.711329284	-3.36164272114
-59.1592272351	-78.7801160279	0.883100521013
-45.192521729	-353.995369311	15.2842341207
386.15304209	-358.265182673	-12.3266245475
29.7955694595	69.4835126729	8.54367375356
277.167737448	96.9705787161	0.657862454143
307.362740973	-81.6890671843	2.23805486774
184.666643249	120.033135212	-2.41338024458
311.500601279	289.854686945	3.93420884384
298.327281117	-3.90067190713	-1.55156206898
102.103594329	82.626722747	2.60712401511
-162.534761403	43.9471079512	8.54130405024
100.896370632	-213.886725635	4.89606918857
368.566513673	142.515992346	-4.50953174332
-203.810569807	117.982744636	6.68414923592
287.099017044	267.40178064	-1.29922019832
-326.106403929	-70.1873498873	-1.6721922223
-289.332639006	-152.37453186	2.83778607665
-391.022548861	324.076208597	2.63920548177
-3.73221672737	246.87933262	4.1908977643
170.997471529	-69.9188376816	0.635208337931
198.370826232	-318.467570706	2.32424092949
35.0571978998	-249.546831728	13.4185007603
-63.3473611074	-321.068118364	19.0932416812
-290.673277438	-127.430521001	3.02257243712
136.770843635	281.858108171	3.08184410281
337.60062197	-8.85112962414	6.04086136809
240.049801898	-261.017162397	-1.44525731336
180.059126452	21.8518315065	-2.24456752314
-314.047382768	-387.074152141	-0.431334812447
263.741732428	228.768012412	1.49112150064
-269.472606166	246.81389113	2.59651553474
280.958050885	-103.132605829	1.28435698121
138.036397529	375.301758992	-0.252805950806
229.362147009	354.986361155	1.78076265545
320.138212951	91.1302854021	0.093200933546
-121.336058116	155.978768678	-0.285566280457
-218.250746685	-194.427855962	3.16156061879
27.0716206795	-366.045081782	6.78375783003
250.717921337	312.23745985	1.45698973058
263.652957532	45.3833510706	-0.158613628408
202.774159599	-220.007826129	4.62240879145
-334.672049952	217.665229788	7.91763832667
-21.9827323116	199.16242147	-1.86510695663
-74.4351415821	233.627705124	1.59497176388
352.887691904	-371.553109982	-7.86477851628
-313.547660658	126.599584648	7.4491611051
-269.486106639	259.534414624	3.99475628868
90.2491039725	282.89126035	1.14138681422
257.175374335	-364.880969609	4.54261208281
282.497114631	227.211536675	0.187299578036
-82.1277694158	-229.108355348	8.77328702672
7.52282264271	54.3473844	5.82345932222
18.0772326284	337.955726698	-12.4684023538
282.825013714	303.648081094	-1.37313977883
384.113072025	288.981378628	2.03701636721
293.83690993	383.357901349	6.3103623832
229.94105453	-3.75477119126	0.656817708874
-15.8891269866	-295.236002873	9.09205485824
-11.3324383174	170.693853121	0.922447509109
-16.6858517307	-89.3425775192	2.75136334086
285.646980202	-161.932778715	4.44006290672
343.609787683	54.339893599	0.0602130624663
305.737897541	-152.780448026	-0.82778648739
298.795779867	78.1005931704	-4.51297942717
-324.641136437	146.973072318	2.82936284061
273.614245013	27.6131342721	0.418820806195
393.063209116	-24.441112968	10.148078992
81.1742230351	-25.4097065285	-1.30703886069
78.8114286701	-112.352687453	3.42818044127
119.253395175	-383.886018118	8.72313969651
366.358916874	329.630570289	0.30507300979
-145.221105087	-356.659832829	-4.76104180829
385.474059078	383.269963632	6.34236700477
359.71853938	335.077086383	4.18843525447
-280.418161077	-254.836650463	5.17197233906
294.411741601	-210.60482159	-1.44474462733
197.060100891	-239.784126514	2.43296697674
81.9713816129	-312.801219638	3.67449977869
309.506528232	-384.575719508	-1.82133790817
299.583529392	86.9643093895	0.107223718731
17.0734693725	-34.1049826902	0.410266451328
-297.177545567	-25.9094487905	5.71176365657
84.2352086065	-78.7903879889	8.21664973594
-325.675135415	269.107541295	1.74553330365
-244.847438896	-140.1861521	1.0145753279
323.237103185	-25.0183008271	0.838516966916
225.768568984	-320.771530617	3.34383148146
-35.7516345843	-310.58823386	7.1850111498
315.35000029	-214.114833674	-4.32375735667
297.354728757	280.659393316	4.18114425847
-23.1124161243	23.6214359594	-2.86873455363
-339.918567745	-176.899974307	-4.23928587839
-52.5344156044	333.193142124	-4.66764330217
84.5563093168	110.85309747	3.84102889463
-197.640125495	-195.977829116	4.80083285663
138.373306428	33.1311529767	5.90629051527
-311.669571451	246.274496659	1.10443751429
-114.375988631	-66.4795432417	1.78571404433
-385.870317652	-25.4244835856	-8.25403288935
3.25018591401	-323.29627894	10.5382201247
291.156624122	-225.840643872	-3.10162304931
365.514884348	-134.640445995	-6.96735908402
169.168505624	352.349352529	3.8285767717
364.771338123	-122.174976958	4.45222696046
242.894561736	-82.7544995602	5.55719604382
-174.169310886	211.115556477	-2.93988426314
-219.580967162	112.216453076	3.6680714974
382.720941246	103.937273466	2.44892577259
147.349763939	370.734773619	-2.35220722246
-251.476798505	87.6510874108	0.897023590774
-264.75015118	116.573673691	1.65893730748
161.942904101	-170.396561659	0.259989675907
-153.976137274	-217.316479881	-3.58986644887
61.9216732884	328.169780211	-6.87445120494
17.7610596808	74.6793847646	-1.12784489736
40.330596419	391.818988095	-17.3623761222
-19.0286052159	199.592293056	2.30751914014
138.271028973	342.621552795	5.52493307643
329.969139786	-279.76264014	-1.74809033046
-258.758258476	103.414523536	5.48659819112
-204.470658436	9.37010735618	1.22038563241
-380.27785162	146.676865962	0.363323640588
-368.761194199	-249.956576884	3.39167641593
289.500105828	-66.630191479	9.48185254795
-77.9009920913	-377.585082378	-7.76850039329
221.703060688	-205.083132657	6.15088636905
389.200006254	-336.609282567	-11.6533559978
-185.986622802	-261.846203592	-0.560940959085
-391.744967509	324.427190627	4.57214540241
273.088042042	163.687201654	2.87249947354
-180.622693025	206.923528721	3.13239508792
-154.135935532	-356.231912228	2.23837314278
-46.7014375589	90.1174077476	-0.838493773834
274.600511785	32.0842133377	0.167117934826
-113.416219321	224.937962041	2.64453712078
119.835700225	248.24786178	-4.60422939201
15.7331047453	-152.237815862	7.9558723471
361.43449461	-119.841800307	1.51346260555
-12.5561983413	374.911378314	-15.960651145
-107.416389736	-327.05267859	-1.80519867927
86.4039190224	369.157126967	-2.19005595916
273.983612693	-395.0429453	4.6932691765
370.270174594	-308.860182059	-10.8599353905
113.899702746	-335.421005055	12.0772349483
222.842801264	91.8633003715	-2.04162545872
-387.381311089	-320.222674366	-0.964261671727
317.306874976	-306.456397389	-2.83100393425
-24.779444579	-377.202378339	15.2253347335
-145.003182839	-54.0574338491	-2.70706965937
-194.613976262	358.161725553	2.41847564005
341.839431859	220.420468876	-0.580409850009
34.5214989308	237.59792598	1.24197348228
92.9576289707	-199.746814809	0.34825458539
296.416194414	-325.843648448	-2.23045262855
230.742763707	-111.555799711	6.42052268228
256.841535062	88.4498947447	2.71752836005
-178.541094815	-180.233386107	2.90432258263
-87.7118048576	-336.131211172	-5.8395034822
114.291837437	-292.01052154	11.1914372075
-246.243412387	-40.2639370299	-0.351823036205
-98.6454983163	-8.69078404271	1.89056189698
359.479693408	342.784549401	3.91036899843
157.850971628	36.2950936837	0.973210001085
-176.265489486	-165.348791301	4.33250255556
107.736192086	-49.5993774163	8.38090794784
63.1070909697	75.1023415113	2.78968368731
-101.850666463	260.479028916	2.74273009222
33.7064146308	351.996198898	-9.9816432223
-321.058829393	166.709799619	6.10783383684
210.367706189	39.2006356948	1.44700978013
187.409924857	298.213526076	-1.01023177427
-265.501431975	-331.466866027	-1.65870929441
233.771322299	-57.3257300707	0.780002008649
34.9120923222	-111.078489037	0.643873600999
245.752015264	-361.09922779	3.93400998731
-205.5221618	-180.461185098	-3.43662384719
-83.1395843936	-139.355743013	0.305327284664
-264.0584617	-360.592576205	4.94370936277
-393.422937726	-310.353384668	4.76489209487
306.351598832	62.2139045597	1.20331817121
-196.106302377	348.739837974	1.06424300534
201.94026407	131.01950884	2.99832831919
387.737357298	-177.002752145	-4.17330299624
-355.495606457	53.6355834721	-3.16931300294
189.570542595	228.186890726	2.97515673308
137.9440998	391.009643987	0.101348668576
-62.5376737022	-7.49305838784	3.59502419565
-77.0846397891	-362.734592669	-6.40903077841
261.49367878	248.636999709	0.598272664114
-187.342942472	37.9679523838	7.33954609505
-372.014975734	116.853675217	-1.38492856769
312.559432196	-286.818348087	1.06870270996
-73.1432434495	239.42960053	0.96908057088
336.806453566	-61.9975941467	0.615803045963
126.992473672	-43.3620676595	-0.399614800578
142.898268524	-337.792743826	12.0752760995
-135.979680413	-322.417457994	1.53956297404
-157.932270117	-119.460161373	3.46540170618
-323.569936997	248.97373283	2.34229120907
270.003823771	-57.3699164277	9.31678983273
-144.659584593	25.7039390424	8.27526419948
227.260123242	363.939581267	1.48495488993
-170.698321055	-188.134781356	-6.86510819576
-351.403922236	-306.47001987	3.73301476096
-254.498634949	-208.412228772	2.68362645223
-240.372447	-47.3420836344	1.78410258663
350.227860384	-169.94876727	1.70687625833
-130.256846394	-57.8907827602	-0.0121898096637
-177.554936792	374.549754504	1.2652666691
219.191627282	-149.999694459	1.79847717129
138.455257879	-199.531594982	0.734683804173
-201.290684615	-275.24344463	1.31210864762
170.738153377	292.1378915	2.42655514871
-252.380206503	-278.148617718	1.65407670347
-140.610944018	189.813684041	0.576761174673
55.9781303359	249.361702621	-2.02106019005
59.4274770563	-384.830490368	10.2086726723
-363.230334547	394.799474256	5.07148261232
-348.061002254	146.443953289	-3.5292182644
-217.017988662	333.527510652	3.71901872892
187.417876992	-347.034534268	6.6474101742
-370.31379577	352.699876702	1.54449462847
-105.143985503	280.13061632	-1.15934517975
-137.859472665	11.5065697194	3.42802811003
285.094439798	377.528211045	2.45963301952
384.481737885	192.721198259	2.90284178357
-10.4448727507	373.433003682	-21.1488192748
367.774264446	-223.32639885	-6.21781497551
-224.498620288	-164.813270125	3.23266912782
232.013572702	201.593767519	-0.806907597669
262.47173429	79.8529562289	-1.28077978691
-257.974408336	-376.110883825	3.35250138545
-41.5836979235	-85.9877713842	6.23209383359
260.665581111	-2.40625679976	4.57335045448
388.169210657	202.141989968	-1.51445922907
23.7806802197	249.715083216	-4.43805970322
158.00631207	-166.029909055	3.69463548607
48.9782587015	150.290021921	8.75293922459
286.775174602	-76.0334463927	8.09440718447
-46.4867979147	374.295635968	-12.9273585571
-219.886342194	-188.601565214	0.347740686794
108.122125752	57.1803850635	-0.591319397191
386.109667695	238.509421544	-3.20598987846
-372.981321689	-214.216653843	-7.84049653398
14.1158087562	-15.1030112532	-0.874937087902
-241.133488877	344.173218691	-2.27530616714
-149.549602173	187.370807325	-1.1286430541
-371.260291125	-251.52910326	3.28691658087
359.038287302	172.063026488	0.240355062844
73.0953486046	387.161788931	-8.78346059618
79.8908913259	-323.896186786	11.561684045
315.576015501	-76.9275529535	1.11535085383
-248.580632439	-179.006761069	0.468191166427
303.120342724	-36.7044033802	0.274734782555
355.197283137	393.502630561	4.54908185983
143.70679921	-23.4696150903	1.93460086781
17.1719860124	210.412645464	1.74775281931
360.668559535	12.5169962263	6.96832887573
-100.532894552	227.047192709	5.59673435005
-388.976620602	3.89798315533	-12.7089733852
-114.115951319	77.9879271439	0.0688818474348
-323.043457274	-144.305770678	0.696265184439
202.824152789	-355.013699693	5.82616714787
365.397771265	248.68393322	-4.21496213081
107.234652713	-117.370089774	2.80186321595
-339.063641784	-358.479874179	3.88469618897
-374.17077089	-294.656153035	5.41098489346
384.895830207	204.153864984	1.47302582342
-295.938814956	63.9650030224	-0.601579319467
-174.573362681	329.09180567	-0.994632385668
326.698568912	23.5856079398	1.63925835037
236.340331323	148.884665561	-4.80657129755
393.609252273	101.210748061	3.21516031643
213.236471961	191.114273446	2.14214097667
-152.944444249	-191.138044209	2.8826327097
324.462881624	-297.8424873	-0.139244049322
-334.907673712	59.5162847613	3.12765993023
-6.27577772078	89.3896988323	1.39355002076
-212.933614112	87.5039187594	4.9918121798
-355.58603767	321.087509075	4.39896181645
-389.660784647	-372.656533047	2.32326148035
229.666528694	-254.231829537	4.34897077562
101.674074313	-148.08998613	5.57245112807
158.356151615	-310.509657801	10.6701838284
-59.2283164258	-7.17853778011	2.02367013599
-385.119117688	351.577294039	2.73805874201
348.441400348	80.4143162301	1.65466468135
112.829857458	-17.7397940585	9.33790017037
393.542357495	280.824056594	2.19134732328
97.4327892399	-199.750719542	10.5555942589
233.675024224	47.2301154688	0.551972559165
190.678475891	-60.7854103188	4.48537655951
324.419181873	28.5376358457	4.25319979144
93.4662850556	-55.1575886625	-0.459000518128
287.015123008	324.890179958	1.768435283
-124.757952472	295.263638297	-1.50410158783
-102.851942586	50.1567697976	6.33510959643
-273.714867756	-261.470319714	0.748445504986
94.2457825801	0.799105491589	2.99051173354
-108.837571132	5.81771147639	11.108466301
38.0422990732	105.577741948	1.60555778084
-118.923552841	-59.4414013351	7.81570168008
-98.3026139643	122.57256707	-4.28115295867
46.6863397077	62.3952129095	1.69567410659
-263.638514229	-214.986187091	-0.129760438168
-274.835452657	72.6430238345	-0.122715734536
-75.2943336988	-70.0972484069	-0.134833888459
229.604591346	63.8693576314	0.830666001288
241.006105886	-248.354021028	-1.99085651821
-293.344997861	-193.470829505	0.165197571108
369.808012508	379.004699921	7.85570414837
14.4633390883	271.295068279	1.29866086304
377.626865632	-47.5725886752	4.85540674597
-31.0673745336	-86.6995064531	7.3919084279
-246.105947288	-315.49903071	-1.38691549391
-74.9475366993	-171.289107326	2.01146041156
-379.40682977	-263.64169814	4.36208768378
-218.624293291	385.988901383	-1.46297601477
2.51971949374	-355.776176834	7.98690254935
109.909393064	273.293594854	-0.0805080899601
196.742784048	-58.7938916907	9.44740831894
-73.1128443465	54.689143524	8.46910262876
-249.201826181	-286.768072607	1.36173691573
76.2159115466	206.491109743	3.31201978774
-17.7997876128	-130.356006755	7.57980288581
-297.684262299	-55.1809462598	0.649663867893
-177.904199098	37.3848862982	9.59031414476
-45.2433558527	218.081459009	-2.77021427144
220.628305324	306.85478163	4.33188172738
-180.272045306	12.6808920699	8.75109429492
-259.406601204	326.64292066	-0.809483394687
202.211859559	170.275492123	5.82348260773
-346.992723642	-104.793176179	1.69990882853
-69.7862185479	-88.1612495924	1.99627585964
-61.1117494901	-276.258750262	13.5321010346
375.641587372	-20.6673471989	1.64121799686
37.7989342707	-211.006698556	-0.827130291105
177.85107246	-80.6565696775	7.66092524366
33.1522111636	256.221172303	1.92665334895
-154.019650336	-138.685138466	7.41957166577
-55.0957825791	271.37433879	-0.473607016742
-344.098935601	31.6398733948	1.72427908603
244.108805041	58.3050087757	3.83149542036
-307.611867666	-330.417409633	1.18057455055
251.849637722	88.6477758841	1.5096512836
291.572099692	350.853022934	0.781203008586
-40.2421536867	32.1356441249	15.7638198257
83.9453440929	-349.872325487	10.3478819714
361.384157732	268.596786534	2.56503863236
-14.2622008321	-233.896358449	9.06785192027
-187.542122596	-238.482195327	1.66952825275
386.124816549	121.446849067	3.85460316745
-243.142638974	70.1770682165	0.890001137773
-372.110030886	317.909355911	1.4582900742
-225.902257224	198.383756611	2.767381881
-275.073029668	-350.717339716	1.15721334922
336.950274355	-373.442248156	-3.99407893518
-372.498993431	-367.325439967	4.33159759212
183.506393481	-2.52539225312	0.941325956787
-298.882726629	9.01757657585	5.35177187551
148.06462275	-186.965499597	-3.06345353915
254.869943306	301.930930854	2.08270894208
294.121943608	146.328571349	-4.26344584786
375.669862192	-136.560931642	-0.249361387945
-247.315659664	-292.774800263	2.95690131488
200.072892619	30.5052902253	7.14425365461
-93.2107017043	70.1142400579	-4.08372960113
-180.804642982	151.784579073	-0.750382811175
179.01011262	-239.403588774	6.58376244079
-386.28630425	361.119453925	1.92152379229
-377.88314807	43.1895739394	-7.96114972334
-305.673994963	362.331705145	0.935272447354
-315.222247079	-392.233917704	-1.289804149
-285.624542197	-332.792922046	3.77251312703
-126.508874243	358.318407887	1.06318181434
-358.855105643	163.548709438	2.27699053931
233.545130397	-248.583887351	3.06548680983
141.014833946	334.91984866	-2.94232676697
-129.815304808	124.990755829	-5.32280146516
358.310967165	191.529123999	-0.416146113103
127.289819834	236.083304452	2.01702572268
-388.481683601	348.261681121	1.6534815362
-263.583599817	-266.220471906	-0.257864399256
-86.2522936	-244.374386782	3.81721237172
-29.0041569522	296.794266118	-5.18753394321
54.6037722527	-171.72309991	3.99354408638
121.325044352	201.720616884	-3.37000305679
-380.688940856	-328.92139027	1.00372838772
-2.92715006273	224.254103003	2.57389798159
-272.620030169	-79.9478753254	-0.734473183442
345.191417465	-341.819228277	-5.19105137714
-333.650503905	-197.842237211	-0.811888012946
254.121593691	-280.038703987	2.1867878608
55.2227551311	127.651683797	3.29054057628
-362.01490373	-145.907018642	-1.81841018446
234.269195972	165.922798607	1.3521990481
-109.565371068	-218.258148566	5.35795057014
58.2540637149	-207.853441227	7.27279083959
-98.5193772718	-89.5540396305	5.02493606386
-246.437768081	-386.519829407	6.00189475228
-207.862367266	-375.434230079	3.17075311074
-84.1403109611	177.8422059	-3.21290268555
-394.139087203	191.999185969	1.18834632321
247.593609668	384.262580537	2.98982801825
-54.9629639265	-298.416795823	10.2566958658
191.642659746	269.837062272	1.51210066998
150.334592094	-339.075059434	10.8792726203
-313.009096185	16.8659108223	5.01735729658
142.131022605	-253.617531991	9.79980374281
291.309725446	-380.891506778	1.8677279848
-248.424933045	-37.2776995935	-0.622691740807
54.4531749714	-40.4615670894	-0.154310320528
318.902455552	232.487992167	0.175479732265
274.217436347	121.940277068	0.167803352481
85.5132745739	-132.085350488	0.787582134278
-321.710704753	154.533089051	1.9799807716
-381.18141351	-351.881170819	3.21791301498
226.079372144	220.090840227	1.59267679615
305.385171341	86.5473086735	-1.55038890222
-45.6824629951	163.345900216	8.12479217201
72.6936846198	242.713147044	-4.9913183594
-34.0565616436	-111.131271385	-0.332067640059
-125.757744076	-111.718777707	-2.87875850973
-33.2198788626	-20.2101416713	0.219202026268
-257.157668783	-103.596181888	5.77131642159
-334.154740074	216.344122212	3.32052515556
20.5300791819	13.4177174819	-2.65506874975
236.059725947	-12.8450781615	-5.55486776512
-319.275776561	-370.923415494	-0.359179331559
-21.9987263429	89.575209057	2.75027195745
-47.8168205885	-65.9119387534	2.57138154186
320.759301655	131.938190803	0.245495416206
264.659013824	-391.634117459	0.992756984629
-363.018848982	237.604725275	-0.200550530076
28.4684980554	15.0909055467	-3.46361495843
-82.9831736991	351.936853615	-2.67079262553
51.9295333078	189.962015045	2.43434599835
129.424603146	-219.461889427	6.41644547239
-303.404880298	-312.865263879	3.09758483309
145.923758189	33.8439769877	-0.174453614643
95.5006970086	-72.8443483352	3.49574790176
134.518356725	89.1232256659	-2.8611861615
-363.744183398	-7.72353374803	-3.83404985314
79.1374423914	-247.302256633	6.40163871321
135.260029313	345.567547672	-0.326170244122
250.472089973	126.081289772	4.86780238715
271.787935638	-28.3586415642	5.66845930921
-310.489739553	-159.639072073	-3.7919247463
245.696479921	11.7728724644	2.93478963479
-392.307562568	-104.715927208	-7.01502518622
69.1010576037	257.91903468	-4.371554943
-60.3537143267	65.8028082067	-7.61725466214
51.8172224181	249.247870062	-2.89173699031
359.786501801	7.63402374566	-0.926508821175
63.0898522301	-395.605433236	6.24685636913
198.411859213	52.3054864316	1.52171633206
-279.1945816	50.1545841599	-1.10237134695
-104.487544436	-189.914236871	-3.66377993502
-99.8902649252	-324.844360455	1.1176764663
262.328930631	114.348107403	-2.62501821001
-192.638399892	-4.08081018298	0.0441245711155
260.99767041	113.909848853	2.90305806288
-7.44791735718	291.392087906	-2.68328906325
11.6993924257	214.307279451	0.151983395757
-8.52311335745	-68.4187753997	2.55897352256
38.7411883609	-301.902989967	7.64278137162
-45.5941188066	118.73904986	-0.555526241339
-328.571822232	-285.544724577	4.08658060135
180.499218845	278.770594735	-3.39367170656
167.618918459	121.202147937	0.684666119995
-105.957150041	163.516532568	-2.57783367772
391.729961937	-108.520740945	-6.23849416529
-395.654726513	-173.867345747	-11.7168840851
92.7374764884	-327.301623966	12.109048705
390.454778898	12.9896105382	4.64507978894
-266.622287658	115.615718373	0.747793810658
-173.210522457	-344.018942795	3.67009443173
157.535703408	-160.515309833	11.9427140145
35.7808533027	31.9893541586	7.04432967667
-62.7534443585	-355.037626066	-7.46899642645
162.341515039	204.777156259	1.74780917027
-207.015573057	-100.099341597	4.31609324921
391.634319135	-355.294530207	-12.5639570273
-22.5147661134	378.913515783	-18.2217390512
-189.000702131	48.1765174672	10.6871524371
-119.159278176	108.912099485	2.43184681804
56.4306418814	274.03167532	-0.97205867836
333.190717183	-83.6129091649	3.46343410955
-44.4471411357	-85.4197346183	1.66639977721
321.586661756	-377.970595305	0.789912587091
-376.090048046	121.946968813	-0.589261120232
106.704001622	-164.94809525	10.7928384938
128.237063284	-184.898547453	-0.958414669078
205.637286519	309.398073384	3.54461304557
51.3041553216	3.28270708816	-1.2946086097
-262.823900876	9.16638366856	7.21336073881
-291.834151406	214.959463098	-2.85951509386
-138.051277074	90.2243004859	-0.856511371767
-357.851688	-390.261531141	3.85660885441
-318.596655758	-264.858239924	0.25711980586
-167.997822883	318.831702757	-1.7758391965
-10.8437956262	-393.924582656	15.1234962565
194.645945972	-98.6465946611	2.02106674067
-126.234652565	-221.964419544	0.371055955952
2.75972383313	44.1854168697	5.02203696386
-229.400876919	95.4425434912	1.04595943385
-61.7860990777	361.548179315	-7.60715038169
75.3416948977	289.325147927	-4.95561893768
324.819759527	-144.963615965	2.5699381996
-172.772684961	-50.4253812828	-0.0674221608875
-107.146750719	370.867174797	-0.924616814434
182.842258066	-22.6396124824	0.788043924582
12.4190519659	-332.53724446	4.2237009059
161.492256518	276.088092186	-3.70755733693
360.775959091	393.650368472	1.40875190903
-87.8248318678	274.916921096	-3.54040651644
-60.7516765168	240.478777102	-3.75343088033
-79.2846540283	78.3382458842	-2.58715628476
186.606893522	-154.841652379	-0.920393558313
-381.316057311	318.359007732	0.644338137345
-143.254045707	-100.351564828	-2.88229859104
-76.9268369432	110.681527911	10.3358825856
8.69408852452	-87.5340339975	10.8444191646
126.073454946	-273.688980062	10.2740134295
-231.693301028	223.942040436	2.66062400338
111.696709636	5.40735596151	2.64705724898
347.650506104	-109.241356303	5.53476795367
298.793674867	-209.471603137	5.02781772808
130.23746532	-78.8264426095	-0.390484099499
380.757932533	-41.072172994	1.93232401388
-322.463539616	249.618924068	0.599657834287
394.553069709	113.338476036	-0.968202485586
-243.491523165	-23.9847614216	1.93166189723
-55.7492219519	-237.051356017	4.59200449029
23.7360430299	166.922026785	-1.26006236615
-115.13325337	-260.594183051	-0.620824238309
277.373892265	56.8151109313	2.44432691251
-290.094040882	355.567542311	3.00494041983
-161.956045944	-238.583319431	-2.20659012893
-82.4057002656	269.42507632	-0.0119253169802
-339.530982409	71.0410273484	-3.39884591339
313.476548494	-164.454982379	-0.208209913806
-54.9714563262	76.5109719482	-1.54406372222
-231.785215743	-384.593200339	3.45121538545
223.497721158	-224.675266407	5.41364392837
223.052282849	-55.2099317346	-1.37589389903
-62.0775586738	130.402624572	4.17144552451
365.674226365	-311.507683879	-9.17591546729
97.8218181682	-268.069893742	6.83245035939
130.596970857	73.3375465568	0.213345956792
228.255271562	-208.983798594	8.13484676909
221.761489737	72.0766101218	-1.13689446044
-340.754440956	265.090517761	1.17684258194
-268.982523066	149.491127069	-0.634755401285
-22.9490546531	-6.43617647153	0.444827086096
168.331696327	115.274894639	-0.581008226026
329.3180845	131.56463823	-0.547280492376
11.5221988621	192.628451516	-0.439142129538
184.020562707	-149.935175516	-1.07594123585
-244.350315979	276.33216617	2.59827719434
123.481875629	-306.879039247	14.4346249797
212.30970011	-191.976311012	4.67164505748
380.361225579	102.095602572	0.544893486666
203.200596608	-395.53229043	-0.303274538662
234.223254152	283.210503583	-1.92910395842
370.192616253	259.822621695	3.33158597348
209.017743162	-376.433627885	-0.0905678115953
-74.2861231992	-139.210421167	5.45725369122
-251.068937142	366.599855205	-0.900614535498
97.6380185676	-165.402653038	6.96899221656
-148.214198053	-393.617023406	2.9147645509
83.1261430192	391.997911117	-5.76878142046
395.958769593	-14.7186745009	5.39469000093
-259.503341086	272.555765598	-0.82044053912
-216.363308082	-18.0894040701	0.807576525598
-245.592204448	18.1164903385	3.20308112604
-7.98445017062	103.481209958	0.905829899368
33.7647798713	-208.549814003	2.59054631587
-99.5638192812	-151.873255761	2.32850136441
-358.255088103	316.703232275	0.0803542732546
-118.47256867	-110.326919556	-2.47907077545
146.363217137	265.268087894	0.536137220936
191.375158729	16.4469052211	-3.13352962974
101.760387586	279.723200108	-6.82862819688
-314.30153771	150.648233269	3.91221339396
-131.680229258	85.961253116	-3.16098158405
-36.1292696843	-385.165019186	-2.63961015162
-295.165564065	-26.49493078	3.07611749825
23.7693780376	-219.720727235	12.2707065373
156.96696572	109.75983476	-1.73195761337
-150.65968085	19.0125433548	8.31592926364
-292.179351539	-112.429330799	3.09419214102
233.101390091	334.820414064	2.20397443776
100.507667666	240.953690486	-3.66431745489
260.82692436	57.6743073679	2.0083215093
-206.826745714	369.450781357	-1.77678816182
-34.6476741743	-267.235927899	5.45549261647
-32.9302184944	227.636648218	3.80803511127
243.295527455	277.901409968	1.81844680646
-36.8792790084	-195.069914594	7.88608935196
162.564177416	-275.84149383	8.50642073387
-206.418085812	-338.93157564	-0.311577020649
-183.68670286	181.532255864	1.59560415863
-208.929711662	-325.083981426	1.20927223312
340.458966498	-123.870877284	0.0233584597046
-380.967686739	-228.972831982	-1.43347030991
39.4820717109	229.598490612	1.69017772585
370.483177306	211.445423934	1.93182190731
7.27814849497	-69.4422731166	1.46113723786
-239.059172362	-347.714962759	2.39202768844
176.225392628	340.46747094	1.54260819997
197.565540159	-304.575984787	8.26741770301
14.0277809601	-56.1890171464	0.929503166763
-164.49726755	-205.879968758	2.20604257367
-214.466980915	-174.067326292	-0.568390962485
221.742552904	-299.910392589	7.78076944144
117.244969137	-380.248211082	10.6188833295
175.387835268	-274.753462344	4.94654806132
-347.672059446	374.261003766	2.26308540124
-194.596933286	113.132647554	2.97549726331
305.821486575	-14.4767330247	2.47484864146
15.7247622633	-97.7406826079	13.2713089937
95.0333153081	353.750092281	-3.47839722404
128.893841946	314.342666013	0.820049210481
-158.245117235	319.411362624	-1.38855273528
-108.867819835	-358.842513342	-8.42622586814
-334.312001576	196.832949764	6.45301570414
-145.195611077	322.380614532	2.20089175523
-328.65660467	-214.905503399	-0.70168173384
326.061643516	-289.997914165	-1.33103325236
224.04958569	222.769712563	1.96465650281
-392.500248623	-178.925115876	-9.99153975828
-135.773631533	-180.280011537	-1.98727391566
367.189905665	-183.438839127	-1.35465778199
81.9174758365	351.690892041	-1.90847757323
-387.012234509	335.791265438	2.03605299473
207.461090887	-227.477024854	0.135725950024
-91.5957519822	359.258008111	-0.612521541575
-120.049667129	349.321731487	-6.7118842074
-373.481067658	-49.1223002033	-4.0760729485
-72.5874529601	251.749505659	2.39137570612
351.856664965	-62.9526027931	3.40364735549
-384.707854926	-358.463374347	0.380314906128
-302.470253252	-65.6930127608	-1.33699141495
49.3840719421	-224.121423598	10.8950930132
83.317470759	240.340067199	0.751445865755
210.4660368	209.349297409	-4.10308815038
-164.012404826	267.428565965	3.35378377875
-280.169134833	-353.882907915	1.30364968301
79.6625336573	22.9607664085	9.95754347745
-127.227697624	-383.623054743	1.64044616897
-75.8833009846	227.799172619	-2.0339754127
-150.158933591	-300.798119361	0.147662077351
-296.216517586	179.698260902	2.46360987231
-179.12931361	354.220432881	-0.345032053286
-170.6805587	361.466842964	1.41282599983
-61.0405843943	-218.814935668	7.39736357423
-118.701106751	365.75050319	2.68239894956
-30.8814863852	-376.927190928	15.3555044672
-60.5616253343	-185.338834231	-1.37139836398
10.8222730743	162.338777771	0.639504620675
-39.3755123008	-69.2253220778	1.26055766893
-292.809626427	-382.13715165	4.22206650854
233.488884956	222.180542776	-0.811263837673
-253.768296706	-128.886563194	3.67810566317
-164.127974794	-160.403174525	-3.57827624527
-2.2415851936	-393.477733592	12.0159094291
-307.081414723	-25.0131254993	-2.11090691447
122.734469769	265.282705546	2.19892559183
147.450771832	-255.429838229	7.35335414308
-53.340759832	-288.358503144	10.5497065914
-200.838271636	-192.113070964	-5.76919064019
185.680856794	-347.21440798	5.37238227822
360.016124627	-293.237317839	-4.96423735341
-94.9964768941	297.720348701	2.47680584295
-229.9355781	-76.7855177714	6.3657662773
66.4469380876	-312.159665415	2.74332821307
296.882167995	121.942115902	2.64519012932
102.347645993	351.131481649	-5.51720673656
197.140445441	18.461563314	-4.09575660855
-97.3341153304	-157.678769832	9.86788980929
23.256916002	207.422113168	2.85243240299
-237.425683452	14.2589675714	0.891806024605
-83.9765955954	219.913289515	-4.1524143429
111.864994144	198.167018878	1.96292504441
113.329715156	-316.361654897	7.03862318355
13.4939936474	-72.4357960009	4.65761152322
-64.6459462724	-129.599498647	2.04529533951
-79.3280363635	-49.9778821941	2.2652839812
-258.906593583	-148.905941596	0.0757413093286
276.582550384	-366.561411299	5.02393981609
264.762807327	101.724112492	-5.72588909357
76.1144423866	98.7738906395	-1.0604173094
166.802540693	-306.273521104	12.553835493
-324.526277382	72.4054002231	-3.62472556175
-381.429576536	-44.6176684424	-2.21702890929
-257.973533354	68.7464441314	-0.347592105968
-86.8265978741	-285.453994768	9.46904973282
-240.999688288	390.569875719	-0.251596936727
40.6036948435	88.9911463945	2.85070057361
225.838548488	245.792500746	3.06091719547
-44.2000976758	55.9073396817	-5.12921666042
187.935092969	120.473383873	2.63591160968
-17.4938497998	-17.26347395	-0.501213781559
209.661219767	284.521729344	2.27762663804
-82.9673014315	389.805980003	-9.19455361451
-44.1058570818	-380.695241805	-7.2582984129
149.265458521	-355.445289429	10.3023545357
182.283900393	190.23855531	3.90605372106
98.3454218543	-134.84159005	3.32980632092
230.71561308	-290.906191834	0.728005070958
239.921700249	-106.92217741	-2.39712915654
-203.983905482	-105.814602947	3.06886255524
379.610960307	-299.709432094	-10.1240211595
-216.422738327	177.666660027	2.62503559322
229.506759473	174.411090693	-0.363087922581
78.1113862058	15.0750010446	-2.31003341477
68.2878055249	385.683350371	-9.93926845941
98.6140546467	-178.790238976	7.37289143235
116.069992448	146.73265615	6.15492575205
-214.51703367	300.276198882	0.130493142534
-213.06616519	-29.5507719958	1.19293399139
-175.859882594	-51.8410373965	3.09463964157
335.636035139	361.867953191	0.564788634462
272.032496353	330.776100981	4.95231226493
-175.762442505	-85.02178834	1.31316084101
65.8454899104	-179.746263636	-0.341079678909
-382.278675389	-55.1910814771	-7.80129970229
-316.326922752	298.189871575	-0.199902425868
-191.357598435	109.878995505	4.50066101958
-185.066799504	-195.47182303	5.2988176091
229.165088581	-59.8752527204	5.93031847711
-73.2809676462	50.9085624214	0.155547533981
207.126139338	57.1603293308	1.99808979728
-392.034546072	-93.3706667275	-5.11763422919
191.120486599	7.76115502903	1.28275667949
-8.81189674589	-346.655934946	16.6574326486
-189.048585104	-11.106061376	1.71367074571
178.539583656	44.6922287673	1.34769504427
128.554092025	-173.590309193	4.18460160557
234.34263975	-210.036519729	-1.663203322
-265.885223361	-344.089475108	4.67688911043
307.039437562	-97.1948343632	1.47941423827
-350.044289065	-182.442306913	-4.03514502988
47.6144970814	328.938771354	-8.20082100976
-173.819003982	383.035208492	0.765843122446
83.3968815861	337.651596303	-6.81841322366
253.016790468	321.473225843	-2.24083942402
157.56584533	-351.927990073	8.0069553716
97.0606978077	-154.982918134	1.25948771698
263.717908931	-292.991817493	0.406003004191
312.711163531	63.8381678105	4.48516308399
257.700743845	-369.40944053	-1.0214657833
-119.071247246	-356.295635251	-1.60086761253
-4.72072923997	-280.792370357	12.8842064463
203.071852268	-31.3474126059	3.64499801756
-344.063501169	-286.05461581	4.3710366181
131.835996974	-201.266757715	1.81790052763
301.319384081	-54.7124411434	2.34341355161
-64.428788434	367.231880319	-9.51277984626
-303.146820375	300.101813034	5.58855075094
107.578251955	-353.650056897	13.4014954801
-302.023616037	103.038858467	0.260026758654
272.049948381	-327.936362368	0.247688945873
157.125332299	315.252496939	0.738774626554
-118.336830853	305.707936793	0.743879575793
-126.401963348	-343.186542158	-4.13416412799
183.573961736	-199.250105305	2.30624687352
-47.0808014632	29.2378704195	0.668439532802
-147.25909309	-19.8682037534	-0.761532714284
-378.152897764	374.618735442	-1.97218030865
273.749081631	-369.346646289	-3.73321826249
-215.034306241	367.16947899	-2.25990271783
255.425522048	-182.593272448	3.31806040395
88.5277437366	224.834131902	0.0246122530316
-295.026515623	310.569520149	3.18101308756
74.764752836	-39.6231420813	12.2879318302
-310.945361302	-309.320724176	-0.829756915561
90.5694908457	-343.608933408	9.86717706713
251.846725371	191.014643733	3.61957008057
-386.386846932	162.689783223	0.69255558206
326.594555936	333.628855215	6.42757850268
-279.45462527	22.528823708	0.224795734027
189.300110594	-394.406568616	10.9576461637
72.5725884995	-243.893010141	14.712672684
-40.9398500716	85.7542064571	1.48157871812
-200.766256536	147.304440871	0.473657621208
-85.8861863595	226.449679791	-0.762833091814
155.070056703	81.2096960514	-2.17778761822
204.634759637	-152.657058583	4.71337924767
272.204683503	388.119732924	3.32873227073
218.747080921	-252.229453949	2.74002854719
-281.55385711	109.718176781	1.56869476709
134.563450811	9.85724677913	7.23997066949
22.4897957961	-352.503078545	11.1876748454
-292.309079883	-96.6017213422	2.73697151979
231.203459698	-317.925832748	-2.86829338555
391.6543759	26.0338551856	4.17527112796
-284.910009572	113.847345132	1.31234862602
387.815569004	-248.396699143	-10.7504931854
170.762150286	-140.693991435	0.949557950041
-62.9368173643	318.0552695	-4.19697220652
348.061081594	79.5319109834	7.2254543308
313.628250533	106.062860833	-0.869453100669
-271.10801473	162.065154412	2.43606299188
-299.795965041	-142.881086471	-2.13665658165
-313.123440709	-344.892496853	-2.83624165945
152.432512743	208.40770023	5.5933001778
177.282829367	-291.115466453	2.61472538625
297.25827945	-55.0295935973	3.49056337672
146.71438907	-334.393061039	7.61401394562
-332.594992754	303.242460046	-0.716187975669
109.164749299	-329.842107558	10.4243763331
117.684354174	389.613740958	-1.70261074955
-169.150347555	194.443289646	-2.28658311483
-209.243349591	52.8638735371	-1.38119943974
-361.37489379	-246.859517121	1.05804414944
204.955445176	-124.818931551	0.168343195917
-16.8045535341	-237.107805049	11.3619080037
-310.990521081	29.3242464352	-0.610704572621
356.206174714	-327.804892344	-8.8415570583
160.256056255	353.952053655	4.09400453232
-62.0487835391	373.398400336	-12.1091828009
324.96822309	189.518055291	3.85951341678
-294.779667908	-390.623724326	1.07257290484
-376.867800269	-365.072852224	1.31105210343
108.007954339	-62.1915424556	1.25487512316
129.258591778	-242.679994615	9.48933723076
9.91176757482	-6.24406329354	0.654395384795
168.925742912	302.552067676	0.647165935854
-233.395046709	-104.704761249	-0.766287289521
213.843004582	-81.5304172069	-0.583244118061
48.2541339696	-375.231262193	10.4740773778
220.191270022	200.670320361	3.84626122008
-372.521626055	37.0866056572	-4.39512752715
-186.877312228	-255.997538594	-3.56845830088
-309.409991684	49.3512429827	4.96370061761
250.371375161	-95.2049310405	3.37525042135
-34.566489468	-201.861399207	8.08670512275
-284.023224394	97.4688630681	2.93504433336
-63.4440955175	-313.061588509	14.3515782411
66.2473973846	103.804792563	-1.4348603972
376.465449906	-261.168846579	-7.34898103976
233.604589084	125.903966199	-0.846717127088
191.517916027	34.8630634459	5.48044270395
-342.858588394	33.4785594674	-3.5177578673
-135.597916436	-347.811447632	-6.52637246817
-212.636703508	-223.766095716	1.24244376777
26.8984220656	64.5532686819	-0.65614404631
-177.175139387	82.3342258639	-2.57629251909
-214.92109462	-305.611782763	4.37757329546
147.852409206	-157.704791586	3.33488218326
281.688889194	262.958503372	-0.503104283371
216.689390916	35.6090481024	4.51714804907
352.674719825	-266.94721696	-3.874894953
-222.590912202	42.9991344677	1.06356440055
-357.005177507	32.6706684854	-1.97347250276
341.516480349	-40.3394319135	2.68965317754
-140.304253863	118.55031719	-4.51321366814
324.999671317	-101.023954276	0.781103083549
-120.389784341	188.52024101	2.06945560825
6.39446627795	89.619217172	-3.36279963786
-328.854312883	312.946741962	1.23147255417
-221.491433517	47.1663445106	-0.357157821907
327.763131727	54.0601364355	3.70075028151
120.866898277	-133.504773195	7.02917042742
-324.602427352	197.086375285	5.07116404856
15.0204585808	255.632968403	-2.04333248874
36.9778015636	110.605182779	2.84769761651
-40.4072705167	-141.582639182	0.742568698742
183.227331442	146.330472461	1.61614400218
313.292205816	161.158201912	-1.46938239167
-326.871262261	81.5459077507	2.54898768464
393.213073537	392.02797232	9.02045661286
234.285204284	-192.903009263	3.12820078958
203.585095959	382.620302963	0.479123298606
-394.627143715	-130.677081893	-8.9307276592
-201.786198713	-360.010655848	5.70578246011
-193.779395577	-108.570232126	-3.30268232907
10.2968306708	232.416511222	-1.72098630739
-166.148752907	311.08557789	-0.0651525653367
-299.432229994	-140.082106861	-0.563897529875
-85.0847249488	-386.302816493	-6.21703442349
173.761031408	-319.389049649	12.4545161871
363.162633031	17.7705007053	0.677552338793
-386.825405625	8.01185980571	-12.0037819192
-127.430506372	383.705132451	-3.23762846894
38.4277146654	-2.80944803864	10.6314157225
-47.5889179081	155.096757303	-5.63988463007
277.841131002	78.1642977113	0.834136237273
-354.450272136	23.3980642587	-3.56248220695
84.7357025253	-294.989576844	6.457828143
-157.490852726	331.506466752	1.91862496783
-65.9318664909	184.57405605	5.86691518346
-161.285181823	-190.406210575	-1.35900257939
279.494678336	-267.054443983	4.14824912287
-202.172660576	-383.277847467	2.05231171963
235.908152414	275.423424129	3.06058321167
-280.479455926	311.719172155	3.27818175837
188.448887311	241.952402389	-0.504053485099
366.630911587	-261.457337164	-9.52028971038
211.132270898	-214.957623865	8.86378738114
174.535616267	-351.93555957	11.591736131
130.552728885	-340.503841856	13.198445027
187.023119365	-358.421768634	10.1573957628
-336.098388594	103.368100255	-3.20539541684
211.860339692	242.570555752	3.87722060899
183.913053539	-394.506808427	12.9939517623
-125.462987113	-202.280517704	3.0139016409
95.0287261984	-137.568686502	1.51973206299
250.649878734	-94.0751444268	1.41890685882
-143.352933328	365.609409486	1.18298543819
377.296111455	-317.387310085	-7.75005855329
295.179153026	134.174393585	-0.230573842235
-327.628204211	104.946710498	-0.200027023645
-318.1749658	-19.7819991807	-1.32122482589
-224.475940132	-393.580098293	2.66008298035
95.8391225742	-177.622686925	-3.64578129313
-360.459652612	-326.879485111	-0.681712616378
291.435077277	-15.4060243999	-0.65426144818
362.979864796	197.092112504	0.201055992172
-270.080684903	-10.4255961358	-0.371626436941
341.572452805	115.43000545	2.9888874506
-139.31435902	-233.749176275	-6.10815839727
-359.983970713	-138.885938591	-5.57210294967
-283.740361297	113.368990326	1.25488051367
10.5448561234	164.225587161	1.93557804101
-278.735904667	-37.1909580314	-2.22050750932
128.312588631	70.0588830514	11.9660745883
374.167270866	102.128468267	-1.95111377165
78.8360934538	-131.976620002	7.26742737729
309.945214717	-170.78504325	4.16129505402
124.281403676	-43.3384625897	0.0109792538579
-114.384992384	-323.508906364	-0.0986902119902
379.618965659	63.9350402834	1.27245549692
-24.8377810683	4.25372194298	9.30619099104
216.573703754	-132.523358079	2.45500110043
-195.815706018	-29.0908519746	7.46065526976
-380.423818823	-56.3424824209	-4.54053824351
-325.661359127	-200.110789863	-0.445792282459
-86.1507031159	262.327174494	-4.36546706476
195.500757003	-338.333418792	4.28840680313
373.360738232	254.602138182	3.93098895345
157.998168198	-385.51003779	14.4577359667
10.0647279871	32.9527758076	-1.7929152431
-361.845800065	51.9867085202	-5.64168541279
223.817090436	-178.604546615	0.068666534807
16.4473045259	-388.654998747	13.9091491114
-383.09285806	49.3259957038	-10.1024226761
316.516957679	-346.241601796	-6.17066321071
-26.2351576616	291.812407014	-5.08136751744
-130.750550279	263.928357042	3.84762007316
-100.153787104	-124.268287704	9.24865488374
365.889166182	-349.629433571	-9.80326977865
221.337954526	-89.6838398843	12.0393564498
146.628155118	-257.66119978	11.8851191606
183.459849538	-43.7134504263	8.87253095386
-44.6094194497	74.0489282938	-9.59131381492
-381.401500584	351.632108459	3.21281169719
319.3650901	308.887677268	1.29064797215
25.7218315969	-162.235636468	5.95121828931
40.3821925122	-106.344317363	2.33040882645
-375.74074397	-380.761029946	3.89690647152
209.646739379	-290.458466292	10.4203292893
-207.947200644	290.478627251	-2.11093360288
207.181900933	228.919045694	-0.499469509976
-68.3248405225	283.406492344	2.0485994963
265.175550097	-184.892217159	4.89502938081
359.649271802	-244.48219162	-6.64092748013
341.360307084	-279.273857077	-1.39002640769
-181.715581988	-15.6276255685	-0.26001511177
-109.453778612	-246.070409076	-0.944819537712
-341.006600691	-267.193742117	3.45137434598
-391.772667464	328.704014548	3.31384370544
-254.78880706	357.190985414	4.63814387951
-368.838932345	-186.910396248	-6.01767067245
307.468898923	35.5210399606	1.0122761361
-309.658462921	2.00674152106	-1.40091729744
-137.411958968	-160.513189489	-4.96887685685
172.635045301	-130.184757885	2.87957259314
51.7903684552	265.366438164	-1.20793537743
-338.145820034	-185.420512972	-5.85995897098
-70.2108893311	0.0996364640621	3.09919162266
81.766324004	-52.8780085955	0.958160042536
-384.894051241	335.800575187	0.826408905178
375.399827781	276.630030856	-3.65256628004
237.388759201	286.109869697	-3.46988939105
-58.4597443922	13.7430713758	6.28486429355
-351.28338825	-343.550889673	1.05731496524
128.889178701	-300.924154254	8.68791992895
199.814872596	254.269477856	2.80472981778
256.852420253	-265.762836701	2.70718061499
-318.490394459	-0.00744492033651	-4.8841352149
-289.997838329	-146.357570344	-2.55482891845
-54.8947480894	-239.990456529	12.0721529148
-115.970774977	320.927119851	-3.01822307068
325.076882451	195.377265326	6.91584256455
366.813793241	376.496725718	1.96539441527
-204.709262691	200.53066177	0.303506952319
-233.174007312	130.547638922	5.38530805236
-61.3250191839	20.3986088312	-1.25806677056
-191.317265112	-324.204474143	1.76390488279
-35.6327966268	307.533661421	-2.1506815034
227.561126655	4.34686863695	-3.12932001701
149.038453402	-104.524779241	4.33834609078
87.0816414648	69.5288699387	0.408603790577
-63.7793622632	316.448582143	-7.0937454384
-217.966220752	50.5055145888	0.594972232484
-220.934174374	-279.110017737	2.25851150369
-176.190845113	-377.466796674	-0.761522728079
22.2308237764	262.976361807	-1.23122242125
-84.9707177128	120.914842453	6.96998106698
-13.8568246364	-280.565448589	10.9378180297
-77.6940266721	-262.05019658	6.05598693653
166.843726442	107.999300573	6.80606733166
-61.8789334644	2.56869916824	7.04675786195
-203.797344919	-132.301897536	4.77833605135
14.6769396218	-317.37932144	8.12541937721
339.720042466	-52.9610487171	1.48734424523
236.261237164	54.3762131593	-2.57163110611
371.861292811	318.707016872	3.14932022524
-25.7612993119	335.977633984	-11.0424625727
320.241534552	-151.805848846	2.39649510412
-4.08794037953	28.3840322175	12.4116611175
358.390041983	-34.7472547025	3.09744563496
339.995323399	-91.3344775556	1.32970806074
228.461039736	-225.762209329	2.54842251292
-377.651459703	187.803905765	1.65376801693
-238.005272937	-201.852193375	0.329155640649
-88.3213888341	270.855079572	1.35335352911
-261.872402498	132.593032303	6.29606948763
266.248565182	-383.292945767	-2.72798216986
336.180098826	-328.49634464	-1.58034858267
-210.0323696	-194.901485508	-5.64766139814
89.6730178964	269.21031781	2.3679954865
-73.8278310437	222.496745188	-3.18310164641
140.369527561	-10.6623087538	1.60859351913
111.557767971	-59.8153575068	9.52921824537
283.306819551	90.2506224129	3.60775751449
-343.182867492	-285.580878452	4.92295331227
-175.059967313	142.162210642	1.76327408956
-88.8840977719	-73.4638017473	4.5796517369
364.769803793	-249.423052911	-5.48129963109
385.585494174	-151.101675696	1.57308919055
312.144656965	78.6781440483	-2.06477237632
-224.460054692	289.534095832	-1.70724580166
-363.027886395	391.158015653	3.47446328336
-376.41384137	105.216434799	-3.27781070871
267.138429563	40.2663661096	-1.42024140793
-316.035795999	355.056285104	0.351187636301
-73.6335900384	-105.437032643	5.04056941387
-55.2870200012	-304.884906966	10.5849412306
-35.119078293	155.874476918	0.948993660885
55.8085414577	-233.476845145	5.10087053717
288.821558237	-317.472201509	-1.95200744874
-111.457655816	58.0500387991	-2.77447428863
-304.907389752	40.2758564506	-3.88379201078
-26.1949148385	376.660203374	-12.7737701752
-257.906991331	-359.938239757	3.8731705291
-141.626012638	63.950867556	-1.14320338638
-3.28037977724	-36.8193669095	2.8955927307
-329.944590761	-213.706954074	1.61163432326
-100.910039283	-199.089330976	-1.04051891423
321.542869303	-309.065541942	-1.38570243754
187.05948824	219.565900476	1.93467370189
149.952160061	-350.405669496	7.77761224311
-308.756807822	213.515943321	-2.49905976687
90.9335735981	-173.735230226	8.59388354947
138.964898064	0.029216070418	-0.296428970762
