151.569551442	149.385005712	-2.20211945694
301.582909618	224.911293487	-6.84859267181
196.443234032	235.26263722	0.0303841034066
222.375663377	-212.653906425	-3.92930689268
-174.164322279	8.08287346029	5.17252594587
79.8326165128	225.08347628	-12.8363961466
317.558465795	-259.199594408	2.06291988979
52.4271146569	160.506533446	-7.73721862383
-119.414322968	-54.4552235764	6.07530746058
259.145332513	48.3095821249	-8.9173026826
-145.456539792	-142.469265938	4.44250639737
72.3995301812	209.959514813	-8.52202424636
167.867566838	-108.535208634	-0.541856674725
243.364124343	-60.8766714838	1.34644221295
280.962085882	-45.2912782807	1.2193005399
-325.96031836	215.971436351	-1.12878454552
134.579787737	291.110676564	-7.05753941015
286.141410596	214.17801983	-4.44922877181
177.721468779	335.588865414	-3.64176439875
245.439393308	-329.720965868	-13.3667759637
-113.415153458	255.94048081	-0.253548593034
129.889928861	-126.467715072	0.851048661232
-247.319428965	-323.212127725	2.59385101906
157.880679327	-103.465451525	-1.18325904097
330.754749345	-206.601704151	-5.68787148681
40.6155842974	-18.4687322825	-0.739617695207
-215.112731401	26.2393851996	0.738534373654
-224.094180122	-300.54664029	-3.23226793947
-236.643911584	109.980298075	1.38463763966
136.129835846	320.1918877	-8.90502510777
116.718949071	-302.534791918	-5.05675972197
-260.742483537	257.112043653	1.35307729453
-79.0712607329	29.9512170681	4.35965825446
-301.040299362	-258.930266332	0.751978590696
162.742330919	82.053568876	2.54025264021
-253.692458908	-242.417560822	1.81654209525
295.472300537	74.053154909	-5.18004875373
-72.5389064283	-128.36946183	-0.587131705939
-282.069704095	296.027069538	-4.36396703526
-89.5665521997	-49.3340709007	3.82530513876
98.0908154674	-100.048107884	-3.38186596615
-316.462718592	122.462399301	3.3118719484
-182.33341231	-104.512070192	-4.15677870244
-320.793052488	33.0008970578	-1.04910851267
-106.089544894	-7.99013847406	3.78015396684
-184.07396303	-325.598131121	1.51199914072
-276.19762216	181.542361788	5.12298156396
191.950957448	96.4420067599	-3.51356053203
-179.291576623	-290.580782633	0.992980631149
-311.375677695	-277.847563904	-1.75298475758
21.6401983446	-288.284218641	2.55520456884
-63.6972922791	113.689662726	4.04817753017
333.786167782	-159.306737241	-7.08016568632
-44.6274352496	-242.039919057	0.995474312652
154.636917743	-315.60984787	-8.80101121223
-67.6346362589	74.4069842729	5.64219650461
-282.597352489	-171.798691801	10.1416644099
11.2425635532	210.082778658	-4.79200473704
314.150943922	-221.095390365	-4.2491240299
-96.2562073219	163.406668517	6.76567306486
54.4322970768	299.84463038	-13.6837660373
294.885743049	-290.987580068	-3.63595504753
-242.467544892	140.339553839	2.66367534855
-19.1013313132	-139.774444208	-4.36734148666
-152.330094249	307.073760596	-3.8421554671
134.78210033	150.751059878	-4.12001144211
249.655014018	85.9407579645	-7.21439341206
-161.642067654	-148.923661985	-1.23705742817
298.196687897	-130.496205141	2.40893802552
280.559921151	-190.225005327	-6.39616143697
305.594576618	-84.3061480523	-3.31219500617
-323.611705174	83.4438183047	3.21966397281
-31.1343111455	151.740402908	-1.27272897013
249.846689147	-156.243637866	-0.358856530253
-65.8933987303	243.092314091	7.9146900018
300.867550919	-182.957197967	-4.71811709706
-8.72958822584	-130.728805555	2.05181371046
300.356388995	-164.424316224	-3.38610606406
-87.1231847089	-280.09837191	4.37681275391
-163.909089353	-197.966241563	5.57252254519
-321.205428417	75.798872397	-3.00164446034
-221.590863039	75.9773065745	-4.40445333339
302.202836294	-12.3429215036	0.864238954255
-243.142221978	-303.817260924	5.6948972867
-74.2539514552	-156.778516524	0.701612149612
329.505966868	256.264477653	-3.76273772966
-284.029726173	275.985925106	-2.49870156483
295.428757955	0.896534180224	-1.30739937791
91.6473332867	107.366427346	1.06508720843
184.889294546	-40.5121334585	-5.03145260661
201.471225768	-302.004170374	-11.7036990445
-242.093076476	112.092943267	3.83565625108
-177.290296645	196.804744267	-5.72401504381
98.6647658338	186.360002791	-9.89657195242
118.279933209	-291.757579961	-3.58347546493
-295.572151697	110.903388879	2.91509894522
292.828337354	-36.7294474169	-2.86215231255
-132.433594935	4.2526542976	-0.83145538652
-223.940985755	69.423825476	0.220499630589
-137.778112074	-75.5461055928	-0.0283391812049
-27.743763497	-15.8053054599	-2.20116235691
296.01751138	266.660239948	-2.15575962878
322.580460771	-15.7520602831	0.521604206862
-73.977180689	52.1213339266	1.89376624016
-177.375384534	-259.24493593	1.381895531
-120.168842546	116.04171917	4.26179795722
-281.558391525	-206.6260465	3.58492327792
187.524545212	13.3274676895	-1.04273603478
319.940288618	102.199915229	0.373483533747
-87.3832262949	-24.475365306	5.15394038538
332.491991889	-34.4686187842	1.13574566565
-336.37229496	38.379641291	4.44442664922
-264.704318685	323.782414465	0.901179315919
22.7503208704	100.434618394	-1.09736160147
115.472801633	36.4496840505	-0.355930868086
-168.342316727	-277.644894088	-2.15366318788
-266.134309295	123.478746421	3.26087201052
174.52081678	-322.720268894	-12.7780174175
242.594782125	106.239638432	-4.53989236595
200.571884419	-205.684317032	-1.73853066016
83.7468098116	-124.608096301	6.48220948473
140.249393355	37.2214452652	-0.547876014153
-289.037618272	97.4794101535	-6.9802174863
241.960400479	-103.291161014	1.83576093051
-7.7974566399	-325.065833502	1.62849779984
-165.21059447	-155.220582817	7.8427798797
290.364431497	-288.716366957	-3.40482153048
-178.553168982	-45.5440065663	1.8470927185
-198.966863766	191.039845937	4.93510892744
264.236534944	-153.318670017	0.798588005094
105.035805737	225.977480621	-9.08559154129
-194.944912773	39.4689971012	1.49525949501
-282.249554813	-253.064993557	3.15474207085
-77.8088370018	-94.18483572	-1.55771951892
-312.020704382	-194.66791772	-0.519118588169
102.468363519	-204.051359496	-4.44016792119
299.141980266	-78.9522656264	-3.02027461361
-69.5290337861	90.2221320856	-4.04715172962
-118.877825443	336.298902692	-3.90111095538
326.034014492	296.76634938	1.30606586465
-162.766751398	316.974999168	2.35343619564
217.324437641	-324.181784593	-14.4596700132
-144.165413573	2.35394264174	11.7023100813
-20.5473183471	-306.807838529	4.20322892469
300.418201841	121.219354706	-4.81275377157
-8.30909305815	13.9527356527	-2.18409912254
-159.799234113	-197.730710354	2.41312768258
17.1504446389	-45.0861424428	-1.44815622946
228.960727056	-174.029230411	-1.12825321163
-137.100471969	132.569142793	5.49246549188
-271.511903983	-130.040633619	1.69565802289
-180.648819876	-68.4900119085	0.26921719586
-141.642734068	257.280749825	5.7109462567
42.3043965654	-144.528348329	7.25062879839
-196.973200519	308.625482066	3.38797992677
-3.11002153552	-295.834110975	3.69766076328
-2.39973834579	-16.5927926152	1.95911849315
-51.7942793003	162.846392726	2.69046484432
-164.842523137	211.962093362	2.92466656451
-248.510803282	275.260263367	2.80073545427
-203.8187549	-22.6902268815	0.783494203497
116.229852758	252.963753833	-7.45056381246
65.4692924107	-140.116673359	-6.76042572871
-142.766851191	114.898567487	4.94116727222
-327.08276373	199.027790895	1.28165532835
-58.2221642872	1.16234856675	4.7435568705
32.0271646238	43.2273633	1.73092587182
28.9516185038	-4.89451144249	6.07633994772
278.647035382	161.92925117	-4.3197716933
-230.903987347	-21.5496901026	0.197764285843
-70.1676942721	273.111073235	1.64330397222
-264.307466938	231.97987992	3.60677605188
-221.196989395	28.8441081817	3.23512110373
115.185540433	291.841276818	-15.1266877807
230.852977696	-8.65785717356	-3.73458725234
-52.3513591405	-318.347620654	2.40517393369
-254.552154939	129.096365038	-1.22679801707
-187.04585972	281.476484051	6.97522419773
110.198937622	-231.770452095	0.851118379688
191.72466296	-161.169637191	1.88547767601
-236.335597727	293.065939635	-3.65619608405
-27.4361057421	-217.994266444	6.65998190917
181.63577651	-133.48984106	0.0299064104712
46.3754502662	-83.7649533351	5.58580515099
-267.245304658	116.166032857	4.86489276892
-271.076580604	161.460267398	-0.0159562579737
329.558812109	114.137178192	-0.0156185173059
-109.981045836	254.281368637	0.603020193867
-240.676350741	137.075784323	-7.85491680861
-80.7481516039	-37.8330938898	-1.76945303825
22.4266303667	236.220911973	-8.39338559059
-31.1006333151	138.047545446	5.48731419211
-26.3641646579	100.386783444	1.54377747816
317.385447874	240.434495616	-6.72562433999
78.8885621441	281.144059107	-17.158808029
132.05175567	279.557836889	-10.8136748945
82.4542611638	-271.565603528	3.54765883561
100.54300263	74.5031724555	3.17818397081
295.077835796	285.97512786	-1.26487051747
206.415505525	12.0438948996	-8.83736506789
196.045529391	-239.362624729	-0.132693813364
-175.36073588	-295.978992711	1.98892038173
-177.058683613	-95.2868628932	-0.042051334427
-230.702997664	-124.620469454	5.89501125362
166.13335438	38.9691311732	-1.27934131731
-296.875738337	-86.9962374373	1.66772598542
-247.422844829	58.8851114948	1.93644068398
-86.0547061112	46.121901835	4.4894311994
-214.727949943	326.868549516	1.88685516591
-190.054223986	206.475439378	1.86562415092
-227.505765767	-78.1019111833	4.27490464433
-108.257726699	-262.700758914	-1.29897684082
-45.8244261865	-333.798787549	-5.62049627709
299.263202228	-280.178754641	1.62198810361
225.415609092	-249.753863222	-6.02317148539
287.291289337	-318.857866861	-3.3418782624
-163.328819121	-283.810148239	4.24560627284
53.5907447207	-57.288994711	-1.17266805037
259.826448799	81.7514085344	-8.13524053781
-52.4697613393	-307.043501261	2.15280605313
-145.893982198	334.212264537	0.859739661495
207.790815283	-278.44003372	-8.56553371167
-182.93631713	-134.446052191	3.32563409067
82.5902086961	47.933415321	8.5987470083
-157.943535409	-61.4175505784	-1.13569156008
-309.909394654	258.271293853	-7.75937539343
216.363951318	-163.626810739	2.23647105677
-44.6370335881	155.777265164	-1.13050599487
-24.2462696105	224.66941065	2.41195757057
288.166571356	235.016963862	-4.10836670442
219.197027772	-48.9221401444	-0.571435034659
-315.372346038	111.005404401	-2.6254147295
-247.189277278	49.1006907162	-0.17554007664
-99.2729052379	179.349656602	-1.76950678286
-221.148622654	-142.866218088	-0.131631756309
-156.638360205	254.022677587	-2.20723454475
9.34234184345	103.68552277	-0.946652847312
-177.474477931	156.197127816	-4.93937642878
126.551029215	323.512767774	-13.2193166702
-193.068492787	-66.5264175886	-1.52516494487
-199.379582647	222.794687838	-2.62302120077
-91.6651301016	28.2781360746	0.591462495563
-269.515184975	-50.4135204636	5.00149310537
-207.781613551	50.8721451678	2.86091711286
-260.422170546	111.488171709	1.85975420259
171.058802472	-11.2022113287	-9.85022494692
77.2359142901	-290.888843161	5.01687247018
166.018085442	-213.408938619	2.89449229429
17.2919868872	-208.284276217	3.3553035972
-120.534417283	-177.389966114	0.772188804286
-330.497920225	184.830979728	3.23457650411
-186.49339796	165.045452962	3.10908974416
-197.745309106	4.96169361057	-0.630319327232
277.18165281	-253.164009566	-2.85152593182
212.924784508	-84.8349446168	0.922275430089
33.9124056409	-323.488366074	-3.66465493708
-126.328240221	-107.881444316	-0.482213274681
-248.724610228	260.285608112	-1.00490094381
147.552220205	-31.0205580482	2.66314936696
248.31339364	311.711664504	3.0203532175
-18.4909951064	157.184246519	8.39115091971
-202.104732834	151.645489386	1.74008208352
-207.068904624	-217.609919448	-2.3993306774
40.5035253568	-248.474058281	3.05257120692
-131.914601418	4.2450603663	-6.20491900657
-30.4606586692	139.220325574	2.54608919098
-69.9564931476	229.464991755	1.34369045888
219.817839397	38.9650886925	-5.84158951069
165.288237739	-158.852223911	0.16782302971
-82.5139121641	240.660042531	0.504509620796
314.711368875	208.557741825	-8.88044679624
-155.73855414	-104.077396298	7.30262877698
-318.725257433	-187.345425344	3.77593442945
14.7418854725	-101.71269904	-0.167655879288
-168.306763262	-158.784387995	2.70968623525
22.3028032394	-19.2419136069	0.821214111836
-25.4806939556	-260.482823951	-2.0436665206
-24.1112968666	-305.183936576	3.86108807495
60.5579834994	-76.1505845789	2.80559113349
76.0935684346	184.880757484	-13.374207323
-286.646653614	-38.5306923022	-0.529002677026
-235.092655056	31.0774121485	0.745886464877
113.805226083	-116.814853339	5.74489242981
-56.3582432232	-143.68722049	4.88925176834
-234.117316121	237.934758718	2.6142919646
-329.47485564	63.1248763629	2.51651139133
183.939714298	173.361512931	1.86736431963
208.812185535	-275.572012246	-11.6436343696
36.593708349	300.266831084	-11.6674719327
282.735164476	203.291466451	-3.04757434651
88.3508802879	69.3178599169	2.08096189373
256.02413776	-40.2544086514	0.4619617182
-96.8031997054	222.258858129	6.24653003395
48.9957548064	-51.7536549444	5.66082844389
-156.687360872	305.650864251	4.60184480813
-92.0870938186	-244.76273473	0.178254418557
-292.375080331	-128.862043848	1.81199547146
-141.910305027	-307.438789984	3.6038835747
-146.978347428	179.869583067	1.82920748028
-278.07011508	-161.945124513	-1.47008745762
209.933907099	-302.340281699	-14.642413536
298.877157787	234.841457005	-4.4705357272
-189.896508726	257.552318559	-1.89981093153
-82.8610459455	-316.800953132	-4.42982704046
234.205167139	174.771303778	-2.89474022239
127.653212782	-119.669166969	-4.13974744271
10.8223649835	300.37200948	-3.95965920896
50.318250636	82.4365203216	3.74104849229
295.430315668	328.352376666	-2.92796601207
-161.391860439	-14.4514472104	0.542684257463
-184.713070929	180.757942344	0.834339434633
247.202387856	-296.404646735	-12.9950901249
-330.638163312	-150.861513488	0.241731083519
-295.508017108	-250.483716695	5.03959294247
158.086008674	-207.680260737	3.30526431394
-93.5012375363	142.153311436	3.79637601772
-120.37245248	135.917814777	3.93791938242
103.574839317	251.323625932	-14.9758068086
-111.557691832	178.031949431	2.12362821567
212.429556579	-232.985421395	-2.70064505861
192.242425154	-76.8734499751	-1.51767162417
-233.73615388	-273.363046312	-2.40527752763
277.238723011	178.23275895	-4.54505297777
56.5406002953	-257.168278884	4.03027173454
24.8288458194	-284.466980706	-0.309534774413
-215.638181711	264.334969889	7.09479236823
-157.300491742	-77.6917374062	5.36775724794
-0.478146373849	133.432362909	0.234135816464
-139.958888676	79.3008333777	1.49160554992
-79.1950243473	102.85152096	4.4260891819
-144.789385197	-227.143307358	-0.96472552915
227.449477232	-27.8357577624	-6.41433151093
-237.564160991	-57.1191101118	6.40788055978
-128.668820387	-305.622305634	-3.50120215359
166.65187913	-311.471481568	-11.6581594316
-204.918356529	311.932969006	0.316874376212
32.911198757	259.036799403	-8.88978492149
273.042952808	-127.806277092	2.50867978516
104.034056211	325.09875837	-15.8082346288
169.724246465	187.946115197	-1.15101308348
-13.3429284635	-230.949628446	2.09746747952
-199.11719929	-258.342765655	-0.570937421134
-156.428664273	262.337290089	1.05135869208
60.4024699469	100.566701319	5.65297655506
-52.6963269594	126.03321559	4.95007189243
104.684055589	27.8042868428	4.99621336974
-272.598163944	263.206253961	3.15340718812
74.8169169055	246.964801647	-13.805368926
190.997595075	21.9493668967	-4.51121648958
87.2740676161	158.09262171	-1.43549157973
-96.8681833821	-274.886208284	-1.86783555769
191.81819538	-311.457050012	-15.2343107552
-227.790205013	26.1725977567	0.728243373892
-221.717272598	162.814288827	-3.88824473478
264.475219537	-156.481251356	-4.67515259407
20.291956423	0.149971911481	2.64548661561
6.05343761362	157.654115228	2.24142052082
306.015918966	-19.5572082853	1.52084344743
-238.899338486	-252.038185212	5.32864167486
-133.105000329	-150.52195057	3.62006907143
-306.676508676	-256.379344947	1.60836184608
93.7050066876	70.1244489989	3.35003277098
26.4903600206	53.7133632445	4.88044494872
-275.617736372	-317.543626559	3.2464547575
317.12144368	-43.2590838322	0.741854145715
37.6172547144	97.8838487276	9.29536855906
-163.928644227	100.467477093	-4.03489721517
-141.590808379	-70.9715329028	-0.815217819232
-36.7902940979	-286.689199442	2.1072552134
244.849765052	-5.83108594612	-5.65370453732
75.6130790406	-161.328176598	3.4160268083
-208.603458823	55.568726651	-2.17890647323
-42.6921674816	-229.206590704	-1.68096854593
-172.979076509	129.674858766	2.12159890688
-283.524184498	-333.956674863	1.07654508001
93.4013333376	-244.993975468	2.66285407258
192.726821124	-61.4185596336	3.63235044185
-283.127616327	-176.332128778	4.98515525649
-199.885232174	270.525585367	5.27778553786
318.379300499	-336.166454456	-7.4396372357
-298.114308343	-287.996164393	-0.900209963505
-13.7896735142	-253.983860552	3.23321819309
272.525257501	230.426154619	-5.1324282606
-254.755996429	-50.0746655553	-0.903393841509
-175.43988438	-19.1292306417	-0.994369851279
328.987755239	-306.653253928	-2.74560833057
-243.274575627	263.548451524	1.0250617447
-40.2708456359	110.964246791	5.23027081666
167.481541002	-284.425771917	-11.6665934369
82.6025056882	38.2653743642	2.12257586289
10.7161681972	-65.0761821524	3.64923952492
-68.4481670177	37.5804186451	3.19933064462
250.627082888	216.232174022	-0.47198300834
-200.5451172	-320.268153576	0.918737368536
-165.334796272	-162.79695836	-1.27325183876
-224.590594763	-26.5783848957	-0.553966552503
-282.854356769	101.017707876	3.36530466507
271.91108575	-44.8924624988	-0.823709473615
110.098179342	248.309109883	-6.99642750999
299.48451424	-287.672221041	-0.122332312071
328.2709208	304.467055737	1.82393666094
4.06677775525	-12.9396819734	3.9385006276
-302.993891072	199.116358876	-4.03537438011
275.852476252	74.95244723	-7.89570313568
16.3631166948	-276.473405014	3.27698489381
39.3128080968	49.8635645778	6.84277661531
226.129807313	238.623374314	-3.49074633249
49.0440792736	28.2220013613	4.66540756879
-316.865614217	-251.782690803	0.591545667187
-301.965501069	31.7128123445	2.02597126404
240.142289428	309.818093463	1.30579049662
-128.097870429	-285.694400708	-3.81518329087
-48.45903764	-172.170608579	2.48279711938
94.4786995073	-186.183162157	2.44472271494
-49.8279258219	65.5303640531	2.8221514574
-253.342150234	-108.755505082	5.93314805052
14.8301308105	-243.603891116	-0.532751810841
-139.753779426	117.354862416	6.65680678788
-74.6227950388	-179.08447327	-2.11719894541
-261.980480953	87.4058457131	1.45202435318
-275.384100738	-189.918583928	4.05320070277
-189.253742827	-65.5738546781	6.02904396829
-26.3626132407	31.6134025827	2.19312900676
-210.771384568	-320.816042836	2.87072890833
-316.950620273	-123.523429895	2.31717233315
310.814825711	-30.6521482707	1.4574561744
-281.151798903	-95.3354604675	1.90076767045
-230.387551595	-20.7131661601	7.74823355139
252.076696657	-125.847853034	2.06797342541
-254.873909373	15.0050109051	-0.521191171959
-153.174891409	-31.7799112993	-6.94300370907
310.476807498	281.989913031	1.36473241904
-25.8764347446	82.4938480927	4.32823154768
116.297189637	97.1907288343	-5.44799429492
265.533896837	-133.651317549	-3.14570580666
-99.5378567077	231.858081524	7.90579640389
263.773212865	-109.251783877	2.86876587023
20.9205247917	-252.271268639	1.40696338415
107.847506429	-194.263758123	1.48296771466
-58.5146296558	-54.1147644055	2.06350671512
-311.906637141	-151.543472813	-0.16379782786
186.505298431	19.7154099992	0.622432277735
-85.9650286402	-250.50586583	0.0482840564787
279.500435336	121.886516078	-0.455988762658
-85.0400048248	295.154640819	0.25348694502
297.540444564	240.813102898	-6.42277776406
222.469251314	-135.405112666	-2.19791038948
326.28605274	195.046635915	-4.59324715144
330.787241442	76.4715766747	-3.80567735173
-30.153956482	-29.8710068655	-1.12288559554
189.310639651	20.2135724985	0.320389749766
-214.785871735	-57.3787541539	0.780281866577
261.525813157	113.643144237	-6.56286894065
219.349250067	-188.07875724	-2.27154795337
-127.65977726	-231.535759455	3.98855122707
83.3194189623	220.081671793	-10.6598486078
83.6027466871	16.9713819026	8.82091621505
39.812364803	216.141353074	-4.7761139877
-69.6599704889	-112.520361237	-0.813415839708
-72.6000340469	-66.3674734273	0.146026669261
266.675188483	-181.663122897	-3.12703511658
-4.40089868291	-13.5975019541	-2.7065243302
-117.19650328	-90.7622268734	8.83603016231
-327.614496139	41.9680465477	0.450190831704
255.59991637	-184.794828304	-2.57890310391
64.6794944176	299.541899889	-14.470130263
-240.170834498	-152.691003391	2.05478868229
72.0667982417	-242.511485384	-2.29544647271
48.767833648	-231.227391766	5.01157758547
-210.275779351	-307.588462254	-0.174545432941
329.031670485	-280.93029983	1.1502278141
-306.640256845	-307.855366105	0.268972146764
197.666044003	125.732722777	-1.54302775965
-313.832504225	-318.825231603	-3.80482110061
12.8323445471	-181.904767684	-0.00114864777959
276.444125016	257.697933876	0.0256857098183
-121.409857369	-83.6989941237	-2.49518120184
-238.9746137	-186.105884207	2.45971580418
-312.914930576	-58.3329945534	-1.11319046922
200.880998704	64.603624622	-9.76904623528
-45.4623548995	197.575577498	5.54481390428
-56.7979553263	-165.839963457	-1.86823995525
56.2846929515	16.8241583016	4.21583650739
-66.8057259919	-243.477148155	-1.0730582513
-295.717270413	40.5260902399	3.83680227214
-190.127995154	-170.342544945	-2.28547795315
-11.449899355	-126.052921805	4.12506347644
314.055231187	109.466695534	-2.03212823358
186.079104025	315.001505131	-2.29887280321
145.815139268	112.424407849	-2.41619780374
156.951449543	-76.1638869202	-1.62442877265
52.828104415	245.619192783	-9.4327936579
-229.114382611	10.899879179	1.35747808937
208.077638555	31.0290380997	-4.26484148951
313.136591967	279.341211946	-4.70730126489
104.60214497	227.680409086	-9.31905984817
-124.078219353	207.956811089	3.02720537343
207.275713483	-290.945006635	-13.4488825422
-196.449639217	113.886111192	-3.66818042582
-242.844902514	243.347372474	-4.31829953124
84.9682820971	179.995758038	-10.0648234314
328.912649068	-37.275253959	0.0413302149515
18.8384069777	127.201061329	10.2986691638
240.710956402	41.0903211962	-6.89554653552
329.080347976	88.1977625295	-4.67047766585
65.1332965416	-233.387795659	3.50129289945
-261.053413925	313.878713708	1.946813682
-32.0774940705	-264.052566498	4.59633192086
-271.389690211	107.032806292	4.34852898226
114.190573426	-156.286203379	-1.88678691005
67.842074022	269.064915729	-15.2266376723
-154.315729808	-263.481385052	-2.94269713107
-166.506782772	305.259082354	-0.819327160244
-84.7244299027	329.005823034	-2.74858423036
-171.298213484	100.087815003	0.871583240553
-329.001399455	217.054516507	-3.38380128677
268.22687929	88.1711925772	-4.21031135695
115.382854041	122.930289438	-2.2836344737
-83.7523681661	-107.517083315	-2.22762239853
193.049771142	-154.82831255	0.422111153633
-36.1659833142	283.579666006	-1.69987062848
-257.00860527	-67.0269495488	7.36906238548
-178.422072242	71.6749050684	4.7771906168
-88.8523778829	-94.0144292551	-1.54515493583
6.73324183894	259.656580449	-2.49419348395
212.25888848	176.541805879	2.22629019117
-201.065834371	-135.029863117	0.609656926693
46.6690649019	245.482541706	-6.71743285974
165.075323774	-22.00455496	-1.42341268603
35.5464485124	293.35310477	-7.85914315947
-259.520439321	-186.720509573	0.871117996758
207.651591131	-241.282850961	-3.33100418739
-304.513422783	-71.2597155001	-0.959187868719
324.85636478	219.026571124	-4.07510234329
253.021525656	230.466061988	0.0937515906791
253.771232417	-130.104431973	-0.538065526773
220.53801679	135.16431012	-0.0318573821556
-326.939662654	-279.656634763	-0.518333889249
-37.2030836272	105.368732273	5.45841518734
-24.1820674851	-8.03175475479	3.09761080469
39.5147123831	144.934985629	3.1397385498
-60.0768570866	-140.625669756	3.01801311253
11.1940714528	41.812444071	1.75364187443
136.228879685	-159.779758524	3.4835093729
145.732159395	-303.132638196	-9.82628615369
167.414702986	-276.496550291	-5.30388385156
-99.6766107448	13.3264908834	-3.45389702525
92.4066556831	-208.700717715	3.14610696759
229.608277987	280.85291108	-0.00650010313052
183.097524245	262.74371044	-2.6377881845
-36.734338601	-269.657337531	-1.64349762268
-237.013293065	145.950238578	1.57613236748
-102.550876265	44.7482574314	6.5492421223
177.272827008	181.797066768	-0.848093073524
-71.2457076379	69.7859956872	0.588863710179
-65.3840017967	-147.768748665	7.36633045777
-213.867948765	46.9581026528	-2.56205279204
151.753000154	34.7836611664	3.91338901792
25.5009156735	-214.113902005	4.00596966265
327.71917237	-183.473535482	-5.96103535171
90.0861690958	-171.574760062	1.09138434377
-272.353807609	177.319354063	4.24740257173
-80.5097850566	257.543927824	0.636913764802
-266.157204711	167.987181728	2.59796615063
-247.778099481	13.4981409647	0.435944482554
-291.8371406	73.7306692758	-2.07881482557
156.730291239	171.398085868	-3.99934735229
-244.335144615	291.95750783	-1.87132745262
238.618098247	95.7200125454	-5.10568359238
227.259597606	-217.386057237	-4.61535745658
84.8221099306	-4.39717175135	-1.82952897812
194.932980166	144.676093611	-4.22072456298
240.206605953	247.784126052	0.488513167763
-11.7363187333	239.085466293	1.62125668617
330.789321917	48.9768298625	-6.41676396192
-2.34166238464	30.9247307058	0.293236641747
314.654222395	315.649624163	0.615074680463
290.438068169	122.135036324	-1.17544935538
-259.152352439	-302.489079771	-1.35852615385
-329.783509399	-154.111288179	-0.699559948686
-273.84935054	-255.273240016	5.21317653549
280.500717023	-185.473174734	-7.20163216312
273.920437042	256.996542103	-3.23138003461
-259.114391224	-218.163111243	-2.17960535014
-104.182255533	-238.261761454	1.24964096585
-178.891430494	-59.2534417279	2.38265347383
117.744318036	334.491943447	-15.4738262504
226.231301987	-272.052975894	-9.59373326482
179.207867767	-165.149917925	4.03651939265
271.410130511	-270.523178714	-5.55976836605
-110.047656584	212.937035488	2.39403023823
113.596639981	67.3033327364	2.33242173644
77.9130969102	-284.388886014	-0.500751173714
321.124300995	-223.775355112	1.21409558399
38.7098669675	190.685510227	-3.85124870484
-287.834330585	-5.57382902876	1.0770640276
-120.541003188	1.94994836597	-2.72863110492
235.569223053	227.753992253	1.78872176892
-93.2578501355	-255.976260778	2.25871551218
155.307821626	-271.571769092	-6.13975011791
-243.169490571	-48.1843755774	6.19961348467
-34.5211331856	-305.462785729	0.999225612451
61.0058884576	-72.4633863441	8.41553556193
-290.222953685	-134.076788007	1.30362330956
190.87263415	-209.763008167	-0.667510995492
188.363546255	158.502768699	-5.38543216933
-166.457275619	188.541616873	-3.77737809728
-320.885819858	-296.467301988	-1.38831724788
291.299400754	60.4951109899	-3.55657193048
-44.5101373282	262.922979087	5.66309876296
-143.943273916	-141.949268335	5.98895661779
-276.018852557	301.811372184	-0.458143719628
-328.499895757	-248.306548013	1.50130353311
81.3567283589	-156.931478768	-0.780797735801
-13.2291998809	-221.821256744	7.49588440788
71.507671684	304.544831625	-17.4928912777
137.473104841	323.264965081	-11.1555597352
232.754282429	-192.451810874	-0.498342895439
-120.606612559	179.271674421	6.43658801033
252.153224806	-284.353086282	-5.79866693926
-328.989863812	239.637394258	1.15094312564
-231.693541732	238.257200409	2.77309994187
48.3804056721	81.5596384109	0.769855731089
-235.764231589	-145.12630773	-2.5372999298
-268.3895323	-112.337297125	0.122032519779
14.7714227232	175.479043425	-2.72151416272
93.2668273945	-307.225318203	0.796510610603
10.3286063598	234.090894206	2.19838514682
-336.788341939	292.48245139	-2.94697070967
79.087532328	160.103404534	-3.79404546283
219.110372944	-156.798010968	1.61570855387
134.871206892	-58.6071062133	2.13915870476
-1.33638504419	-83.3013692566	-0.218904346619
-166.050699303	195.837905317	7.74052966442
259.818254101	-88.1028743414	2.92357243109
210.841952378	209.417831191	1.43519953608
114.771991171	178.286377789	-4.29968320646
48.8757989676	-206.281887962	-0.659228199136
-33.996992196	116.797974701	2.19732917943
-242.81659773	-180.955758531	2.8594186658
233.773933724	140.390613261	-1.78439907784
233.649105628	248.510402248	1.29354069258
0.509587391022	-157.863839619	-4.11596858426
-63.5074079678	277.439774037	0.0125929064043
-37.637247675	-237.136818954	3.60744461461
51.6304406129	289.494772524	-11.1425429811
-248.003931062	-205.189973299	2.97898694851
-194.450660823	-93.0432886074	0.189462650624
-217.449304503	91.5300981814	0.324755125163
231.858078058	-98.4913948146	1.0586160366
73.0309430462	86.862228469	5.22077502082
-281.82093248	63.0610413428	-1.29882139285
115.190537824	103.248567117	2.65859481647
-3.94741937028	285.918024053	-5.38264377394
204.073493703	254.616268806	-6.63760087997
210.91046411	4.77689858451	-4.78389194335
131.054505659	329.632102286	-13.7443092114
-288.422911805	283.789444083	-4.50241764334
-3.91570176724	111.062416642	8.34461080355
-103.682936495	27.8968904913	-0.899174522004
101.614066617	-292.008892848	0.154980728687
54.4167548634	-217.640393013	6.54503058698
-332.308686658	-295.919409136	-5.78534587941
27.2830541441	30.3834416108	1.64020855748
-170.49949236	-122.786575056	3.75254761112
280.253753738	300.459184882	-2.70804265575
-292.203469047	277.344594915	2.07669227817
-120.345056002	-306.331039984	0.541256756795
-83.1043294066	188.890406709	2.81308851873
-100.78403529	-69.3688509499	0.551892375188
311.444411112	-104.57114075	-1.57538345539
-54.5311745579	89.2290984078	4.60860153006
-269.109937612	66.6096264155	6.08169560941
-48.3773264205	154.974100078	8.929099942
-308.00609221	-300.101687808	-7.30981778279
177.838382596	19.0818365452	0.963429525385
-316.661035637	32.3023634163	2.8508114072
72.623154302	-176.667615561	-8.0864723241
79.7968683949	-172.646535344	5.75981808476
7.92561641502	-121.396433519	-3.29201842248
-62.9540170389	-26.6051787382	3.88942385456
313.788743597	246.621467288	-2.46653075853
-226.838162478	-6.10133859747	-0.170648541519
134.364908518	300.623257926	-10.9096245996
-267.533546928	-317.42935863	2.24719080205
131.129926423	300.815665599	-9.70559060686
321.223428673	217.362355759	-3.69634819644
247.786147237	325.175543686	1.53965252276
-192.406165681	-170.751597156	2.84093791556
-124.861645066	-90.1698679259	3.94587654421
264.616599993	-284.833014219	-7.5896100682
123.910969162	72.4510840589	-0.810953526173
-7.4822154145	-334.485492041	-1.22651660783
-127.652336804	126.733394448	0.172289263062
-140.550962689	-325.272532185	1.93075420483
-263.337887531	222.214041599	0.614023018603
-83.7168287931	293.571657502	-0.357868748134
258.149195883	-133.79684423	2.15208236583
20.5488266867	-238.161693979	1.83329634858
335.064807512	-181.117718461	-3.25639247029
-228.793040247	-244.202907644	-1.33128462725
-224.390571169	-47.0402926171	-1.51940848473
-171.336223566	209.237130054	1.47659002386
-50.1140009591	-90.6084471888	5.08010933761
-252.017280349	90.1188709702	-0.353337059907
-4.42612298967	66.7625567982	2.53303161417
5.92281313265	210.244406346	-3.92672863671
-63.9577758565	-286.143907614	-3.56476395634
258.26873974	33.3133229562	-4.19323482742
317.817651915	207.601891403	-3.65969926123
99.7007834059	216.007608446	-11.16955346
141.883769286	-220.232024321	2.1675283254
-6.47811217145	195.158358429	5.02844872128
249.692118467	-318.169298582	-9.14616263003
211.829142898	13.3377362296	-3.18735416776
-301.461869656	161.971092953	-0.596063128498
-195.571980058	-125.77935153	5.37698580556
-7.40279239301	-331.381069662	-5.62723401821
161.080873127	-313.227236426	-11.7705656811
-20.375731093	20.9154920117	0.292499483182
-287.714571933	27.6451905073	-1.17183079847
-37.8510369632	-39.829345102	3.17528340359
290.609273169	45.4188541978	-5.9712117639
319.618445643	164.664516459	-2.38079559796
47.7161152953	212.871768983	-10.4454097219
70.1956856017	-250.893979222	-2.1822498937
-67.6439309905	-93.5296446743	0.315968894891
-191.422331838	154.472755821	1.40123539373
158.42912091	-144.945203368	-1.73071321165
128.948997965	301.864559237	-10.1475237461
-278.68133118	-6.19403871412	0.948544122714
277.644899019	68.0150397425	-4.74605302824
-55.6436409393	48.1666819259	6.58434168409
-201.835248309	-271.111915183	-0.284293757018
-224.868959157	253.790709373	-1.57640633074
-120.629477355	209.733529176	9.94045110001
-250.992638651	75.1763594031	-5.31349094866
12.0361280221	-224.470755242	6.89188606854
-233.966672146	136.898220425	2.05658371128
-133.766593875	199.56030446	2.27129437187
-60.6894832441	-117.678419571	3.0592594526
236.668597355	194.343089836	0.551790709453
147.509897499	-144.214857813	2.99207157499
-133.691698437	77.4685610402	-0.346123519985
185.953833357	-273.963910237	-8.68978417457
-227.112804905	-318.373433662	3.1112612344
-295.338287624	170.790414252	-0.0877092827196
122.890238606	150.01392029	-5.27049981937
-43.8803773831	-206.225531245	-2.68543382749
212.78280767	12.0686490904	-5.33290509206
251.16282184	88.6344706306	-7.10650408796
80.5219152782	-286.177888037	3.91990429135
-291.436525911	105.509957272	2.85471017008
-274.59467053	-148.163580949	4.05335454345
-193.146407169	-321.654973238	-2.89088053957
58.3743483216	-109.635694528	3.80445025004
190.66385697	108.298874021	-2.00149415682
-95.0709491077	72.1771348544	1.10706051795
-227.214065757	263.230842973	0.0966518898386
327.993193436	-207.612287027	-1.456426541
209.485268728	176.039463619	0.277471417886
-223.738449861	-296.217672555	5.30109481498
-82.4443319171	100.140739034	-1.12950199356
118.260292722	320.156676749	-14.0327604867
122.883639654	110.001772132	5.71655420967
-2.14324931253	215.279106819	-3.77935108902
-136.35735798	91.7414306622	0.636217498077
281.334209246	-134.461814734	-3.18899588804
-113.856327294	253.632877025	-1.14884853252
7.7502435712	76.5294805784	8.26026261511
257.216054646	289.295663523	2.38506149651
-128.726474564	3.9515159589	-0.791822043186
-136.585776393	211.582445339	12.0492439628
140.457456369	-176.685215636	0.996712455551
184.773563989	319.462791286	-0.265615134405
66.4632127046	153.269024146	0.84421084733
5.2786935719	-279.975077116	5.84891249769
161.557841443	146.051578572	-2.85721203218
-212.366053095	-143.227746364	-2.63976007489
-211.856257717	-169.229527214	-4.87571269658
246.641493941	299.909004376	2.20706139151
214.726673957	70.6997758302	-4.56638486877
35.190605316	220.022234065	-2.36331003972
53.3128864594	-232.050797819	4.26362879942
128.460035175	200.522570555	-6.97014784819
-236.85960332	-183.636984082	0.182825435208
125.042507823	173.112345199	-5.40069280839
-283.034655769	-187.321322035	4.14844849882
-68.314445671	-317.414575306	1.75060933131
206.481615691	-144.941980297	0.00660545923122
-54.1081567714	19.4233633233	3.41904224911
-224.369732107	-99.6940372445	6.15383801981
158.420002587	-214.507125051	3.33271475592
105.239073007	-320.694023398	-4.13521397976
190.747931532	61.9661864557	1.6927799989
62.7887176178	63.8500929771	7.97282294928
321.557640618	41.5767426407	-4.56114013265
-49.0543199736	-276.937976024	3.20707567466
134.175905598	-191.700527068	2.4789341256
-115.595927548	70.3542692956	1.03202819181
-110.244142995	162.197623848	3.37656464704
14.2558967805	-142.953757607	-1.74414920712
167.918092247	121.688146829	-0.0811168404
-102.617498535	-186.407784028	0.846784229235
-42.2599624703	-275.00642797	1.29301281923
328.996031786	-106.260909891	-3.307811098
154.211392017	282.913911497	-4.76172616332
-202.200123623	8.29570827482	-0.0288248089225
-271.767449995	327.462775926	0.675619342801
-233.754219798	-55.5551484458	9.5637047607
290.612012261	-103.102027175	-3.09085536143
-45.6934568397	91.6298513663	3.68600852353
231.0542763	203.532325543	1.34050424108
249.197117933	-103.426219713	0.916191773568
216.716941424	-193.467582715	-0.640490048328
-21.7653505811	225.847843464	3.22082099148
-212.550704922	11.5110972353	-0.981686787831
-64.3329603395	316.692931	2.91083244645
-262.639540896	-167.974820055	2.11172407579
-315.877377629	-76.452036135	-2.00212724916
265.934708569	256.494407497	-0.815545282158
48.6460011037	-35.1147196963	3.04420068014
112.844836801	-95.189882447	4.60286043791
298.670647133	189.51351061	-1.88280747444
310.25092827	-105.021193005	-0.892275303574
-6.5439342808	-273.271619596	0.424693548487
144.239698837	186.856451346	0.961853135968
-281.635116739	115.07452358	1.10936595318
317.751012896	180.065426824	0.0295498981719
-147.569511114	-263.809179058	-6.23803405013
-271.658056371	254.897426851	0.0216147635011
91.8224444884	-229.405676608	3.81787424017
103.953954751	48.6351716993	6.58451496827
-178.117945581	-117.931910484	5.24953463033
-15.9730444421	242.874952886	1.98515389257
116.872331277	-24.8261519876	3.22729788566
220.214132718	210.769204007	-1.14309035284
115.165570804	281.878622542	-12.8114366396
-246.086203602	-213.964105509	0.0704934156638
-284.672743893	-254.749714007	2.59448456863
-27.6508075081	-308.787912861	-1.23661913612
-23.7374861778	-248.736089508	-1.45209534181
-52.0737474534	-253.856720232	7.18695885998
-59.873090544	-95.5747701029	0.137641207303
36.1161859327	294.873963227	-7.22117661743
-267.366686896	280.326402659	5.28853265801
-245.727309956	54.4934934571	5.01664091504
-228.066505819	320.059931404	3.3565082732
-23.0796389875	15.2402670617	3.27049274971
-268.328854554	223.973753585	-2.05649009557
-333.369209848	-12.7464882953	1.9118780305
312.966757376	-50.5965889954	1.50652240812
300.214844421	-21.7182202092	2.24986349575
-50.6858411059	200.95082544	5.15418412248
49.9365996784	-44.2649803816	0.544253064661
265.793580672	39.441594558	-5.44563457201
-211.878024135	108.940257294	0.00160265089463
-153.107943351	-271.249606886	1.03256209623
-166.869583134	144.737581572	-0.97234872531
-277.673023282	184.269488895	2.80579214458
-176.452931532	48.8607967739	-3.88027650563
-12.4526564264	-193.5999615	-0.113939209327
-321.472796044	-172.016806423	4.50594084589
-48.1858348592	164.546317684	7.53589597548
-175.382804574	163.609636464	-1.00797847411
172.888833366	145.32350488	1.92430949845
-124.341515702	-164.318854836	2.00057359298
-34.3382444358	-258.616519261	4.71245291285
284.188755638	-212.785692978	-3.3695132711
-213.273938753	-141.954333438	-3.2564528073
225.095517889	-35.0104047871	0.484284956912
268.637090793	118.21329759	-2.61188332079
240.214565383	130.13923458	-5.93477936529
49.0910005521	330.452533373	-18.2474199313
-163.025498542	-278.945917832	2.9412616001
147.862699926	-320.246270384	-10.3132380046
-163.171053692	-170.61607064	7.04289760839
-114.028746157	161.364811991	0.60854626554
-85.0953171903	-46.9779917757	0.438993717368
216.644072582	296.676737684	1.72875207776
190.14320586	-266.753295819	-3.86250072502
-283.518494134	128.063536002	-0.945883950262
38.1764185617	-291.694531011	5.67240813209
-106.348696515	-182.001144168	1.32811635438
-202.808624883	-190.528690769	3.05981878013
196.408280288	286.832178123	3.04608182458
120.115612746	-154.591580422	-2.96484943887
-135.783028931	-70.6966621722	-2.93875776774
36.8394268045	194.703685425	-6.40549494371
-154.685949985	295.510007404	-0.863992763255
-13.5692764877	-211.285606918	-3.90748848225
15.8648468148	160.500323408	-5.48910940712
128.214305782	-207.871429396	4.08127691854
215.508808049	11.8264160856	-6.93544192045
119.97955688	331.86647301	-12.6592858197
-278.986050087	68.4479637165	3.03436344733
172.540966821	55.0761115727	1.03700359765
-161.199078876	-134.249675354	-1.08785552064
132.469263742	-196.744192335	3.66655845232
82.6981110602	124.498262237	8.31905197423
289.302769657	-317.038079924	-7.54657975691
-196.140505777	-13.762855624	0.0194745369993
-287.80374508	-181.009177269	5.84338642739
130.263581903	-272.948927939	-1.97339278264
-325.983414285	331.979975227	-6.69895852904
-287.559517187	271.335335043	1.22538535716
57.4336435191	-89.0238202385	12.1779359001
100.499253955	328.651692414	-19.0559411622
157.241582802	-56.3624289983	1.57530714899
-159.586395297	217.899237949	-4.40347453719
241.270260451	-113.116876916	-1.79877664593
-18.8706403228	-253.650327979	1.00570524623
-226.407596346	-160.812687049	-5.83079761387
60.521738001	-304.534519184	-2.02231332843
-234.48012248	190.471231521	0.12446363357
-255.487862888	298.255585775	1.91147520532
173.965230875	-256.676762865	-6.00702409442
-329.906918154	73.0310720261	2.74014160703
311.59494037	252.409108679	-3.09825897056
-147.946351593	-282.074894551	1.21571019544
302.271469561	101.416411605	-3.08082121252
180.795562601	32.7421172104	1.74752533164
-41.6435732464	-31.0844070815	2.56679318753
-225.344582465	-190.536096343	-0.369849541517
-95.2235152766	3.84435787217	5.07856952339
325.136586435	-153.074504262	-7.00100484013
22.9495775792	-294.775572701	-1.6947001357
131.115952406	114.067317743	0.67448224453
-273.906035536	-283.165359979	-0.573950299423
-69.3412931907	264.477164591	2.76633155112
236.77828539	118.501175761	-7.38419385191
108.367513276	-223.627224568	4.92114775572
45.5961370671	159.452018281	2.47646119072
12.8242634105	177.506845585	1.1046045766
-81.8658419091	-196.488236696	-0.955773789218
310.268238324	-290.276643417	-2.45660164698
-197.389599044	92.6891991357	6.29186417789
-219.026984653	202.960289457	1.72278465551
-270.442363873	177.685765076	6.02550880875
-203.673804671	158.798302245	-1.48244120568
248.075674132	-110.4748406	0.336531863976
-69.2168671777	4.15467791384	1.98954726509
-31.7663435081	303.001884534	-0.100245549645
157.220931929	-190.987537916	3.69805333127
99.8094653282	-92.4419515701	0.470605599735
-152.102244976	232.591620895	-3.46653474613
53.3099269751	-331.321750554	-0.371764156486
220.919871916	-222.035339925	-3.07412960339
-130.653398934	249.779142823	-1.06593153164
57.8908177742	-204.936431321	-0.702454338453
87.3375544451	159.494085954	-2.87915610166
-55.0485239316	-289.617284749	2.68618202055
78.5684314484	-208.664074097	6.04554194883
80.3385748329	-168.513449912	-6.66894245631
-190.167416603	28.5638885477	2.07654817253
48.82267885	-76.3207220083	-1.20369802937
-283.59218036	110.069471378	3.13645066964
87.7491920855	20.2942366735	-2.37374290373
-280.230949369	35.1532827702	1.08560157514
-307.369996489	-214.251532788	2.43202957361
279.214391552	65.0578073408	-6.57148201135
201.324806447	241.643856713	0.33572985905
94.047146442	287.991679691	-16.3012927062
106.203313174	-262.155000488	3.72348978537
-49.7164079383	265.239649485	7.75517352546
221.876113897	276.53487465	3.18602836846
140.380109141	-163.513032733	3.60150155513
-107.420439266	70.0148292198	5.63028188377
116.121031775	165.090217963	-7.72835767041
-93.7624848058	-54.2187267627	3.99024418371
230.268157415	202.300077428	0.827028946576
223.048361479	-92.8994739195	2.35002342644
-179.169861107	-220.834526365	5.70304986314
-278.876478956	325.104800714	-0.738093520914
-272.304699277	-194.958673754	2.72198227812
-154.301953338	36.3294292168	6.63156778142
31.592725894	-58.1790195257	2.15377410997
289.825395448	-180.996512107	-8.98528300237
242.517125119	-110.487712339	-1.18859918935
-307.929121484	-151.380384026	2.7699320905
248.110864167	-238.914442097	-6.28625172324
-75.2366441052	-215.246646238	1.86198718216
-44.6862448177	133.80769884	5.252483474
92.7034601111	-11.6514681873	2.9374081026
57.669834557	-163.44844996	-4.55146278256
118.035259466	-269.453227595	-0.965496093999
-173.65729003	71.821366952	2.29994119887
-166.444274859	246.659719884	7.9129725849
-118.527873259	-97.5310464265	1.78347977351
-179.096589208	-299.483511876	5.53196886942
263.435479497	-89.1624006527	-0.267567048926
-20.7755413168	227.468638816	3.22038560029
-201.178122513	-112.772207451	8.39462423766
104.667428285	-143.586014548	4.14415686152
42.3547664526	-29.6121799728	5.79260988372
318.613022189	12.4123198168	-0.0032003277399
-179.662628612	-323.582420191	0.184499401493
-260.351676641	-69.1294942375	2.54751845074
204.200220836	328.073543911	0.76830263856
-235.32155433	11.8779143913	1.53556064331
270.345120767	-277.691401399	-3.72078436719
296.978466233	-251.504761646	-0.267724818743
12.5792199455	57.3786483681	0.750537818547
-38.4345978337	305.298605206	-1.50949557766
-0.992837857757	87.7495578457	-0.9149037383
47.7074897625	-25.1420648586	11.5461736752
293.675223203	4.8736553587	-2.96762487635
296.598574526	-79.7689015398	-0.457346874763
136.081522166	-153.427534357	-0.153943196975
-8.31733021303	-88.1406765384	-1.968454037
-290.735331132	-113.697441537	1.47259478243
-190.621008095	-42.3777585041	4.2364049379
330.679602657	-229.358888896	2.23915673292
72.9683515618	178.914045336	-6.69705025734
286.943871279	-284.315898241	-4.69747625314
276.121272957	65.0297732863	-6.45409417237
-229.52397652	-317.341657459	2.58669001026
-27.0320602156	-168.218711986	-2.94369934488
116.619654592	-119.273810246	3.53989871596
-232.294954886	315.422560066	-1.86846439806
335.263471845	261.466703333	-1.24996241796
-158.973612094	-2.38788980526	5.96892248505
-255.689799298	-319.61591412	5.83194566789
105.641105051	295.093242934	-16.9633536364
-276.942160654	187.332152791	5.90699619193
-217.119653439	132.141260838	-3.5646904183
-36.9684526739	313.029986081	-0.827639718676
-136.178783945	-25.7973811244	-3.26071504763
-272.639338251	317.215576272	1.51731156299
-264.044653064	-26.40893348	1.67147442362
48.1250542786	141.878837929	4.46956383291
0.135106927584	59.6888749323	1.78980900642
104.649310987	-185.620061731	-3.18566794869
-122.552762497	17.5385063834	6.8264004414
285.858494624	-11.6432023966	1.74594568504
236.127888587	118.533447876	-4.80558456272
71.3091961735	299.909827496	-16.3333076422
156.920653647	-77.5942165937	-3.73876761451
23.8003169924	301.217521212	-8.23341404283
186.687225179	70.2495703297	-3.35345022706
51.3153118283	-207.807294112	-2.91691217791
315.427854507	-91.4829243535	-0.312795731997
-257.370832673	-127.422888356	-3.4745646378
94.6236788709	96.4012704056	6.33521710144
-11.813075246	-251.274082242	7.31523208639
-118.69923543	1.01841301951	-2.69127190606
-108.560750802	130.793314006	1.46885316517
110.129267389	-214.196249242	-1.75016357378
-184.005566178	179.381938149	-4.75507821054
173.698316975	298.179211639	-2.42971930465
-233.806306566	-88.0436788321	9.25120753288
121.738275229	34.7437122712	4.38435438216
259.770875898	-49.0963485215	0.869129154447
140.711919953	-329.856984777	-10.5139009783
-269.214227063	-127.062803307	-2.50266180995
174.807441846	-137.544524519	-3.60811641839
-65.6075663597	-169.078248042	-0.863219577198
-295.652447921	-1.01021048492	1.55578007193
31.0143685064	-135.025544753	9.59448920309
-216.511440328	-215.450380825	4.13784027592
18.1849626018	-312.334105853	3.20316197359
-290.663829401	181.062456801	0.585223956824
258.186893719	-326.722502198	-14.0344664658
-332.568524664	-112.448992364	-0.511235312101
254.628889445	262.41997497	1.09242007127
-32.6938668908	273.368732654	3.71396966441
-97.2104952237	78.5147618718	5.48968714095
-300.501043279	156.571747955	0.807523360253
-202.176819814	137.177541066	-0.92108130489
-41.3050088242	-70.4583906539	0.828489378117
182.34794662	221.469269375	1.07318801521
-173.825043465	-286.167597563	2.48740990373
336.581044737	176.018971102	-4.23004718211
-142.388102551	-13.4281551576	1.66105003314
192.544518435	-10.0155613538	-2.00060902132
43.2113708384	144.908003812	0.0176882325098
-62.8194018027	-323.861853777	-0.932284326251
-13.522570789	-1.8068426544	1.92852628961
-111.877247115	18.0832484084	8.76722505774
238.487737437	-240.405612844	-5.67900709399
-193.135337097	-322.346246203	-3.27924948655
-69.123062881	334.977374606	-1.62439252832
-43.2283022931	305.454656687	2.13427598508
31.0999575995	-215.334468955	-1.73418424578
-325.254031459	187.304694129	3.56995600209
-129.847865419	259.086915828	2.90757655739
23.8681796891	-167.829813671	-5.88877940608
117.617385446	-90.0227858172	0.781615870479
16.3194716823	-109.915357007	0.542719535352
-96.6543124148	-195.927653259	0.386421551575
-97.1772906947	-153.544110581	5.95334529039
129.440302831	17.0698243262	3.69686307332
-207.661710611	226.258069824	3.93661245696
319.860385117	-67.8220077269	-2.51701937022
91.4784415256	-70.0327895086	-1.01229598658
28.4057421788	264.248162976	-3.69843023202
276.088921004	143.830298322	-2.44132340758
103.136260942	-221.537997612	-3.88253414102
10.0492420728	194.250246502	3.711222732
-278.467958901	-148.931691417	8.26380224221
42.1578954978	-230.182634275	2.56068671439
-259.545761794	142.460855684	3.62867084272
-163.009022365	126.88324091	-0.925377560452
112.490827884	-253.744901854	2.38099933756
287.013746775	121.60166426	-3.45195389689
-172.132979404	-260.046492143	-2.75911766363
-92.0146337173	-229.322540101	0.808660734633
197.806508676	299.267121683	2.04167357437
191.584336069	319.772386952	-0.546011886875
-32.9335120695	-270.95088483	6.42827934087
-122.155605089	-235.070270909	7.38925797639
142.127827402	273.865158071	-5.27981472533
-262.039885863	-254.739146809	0.689117029744
110.45206917	-328.883029064	-6.99205364448
-112.807608948	-51.7213841693	6.48684500826
-228.059612753	-129.376449767	-1.65838275269
281.991603255	329.215981468	-0.710338383907
-41.2636242738	-235.498717959	-1.50721838228
-223.304359562	55.1342438457	-0.634204582416
-248.30459154	192.598731732	2.39614369254
190.411160676	-205.244174502	-2.82481256778
237.778499417	50.3636364333	-5.94966886265
51.0016089335	95.2307434054	0.673605152779
-151.284661169	-222.52331427	-0.842357646795
224.313206575	157.459828485	-0.977069793658
144.379272135	-303.13849437	-7.91349383689
315.87918171	197.400344001	-2.5380866409
-133.784399925	276.399748484	5.82187008409
199.55285625	327.205124277	0.650039709068
-35.3626592828	-37.8762359326	-3.13402161386
-3.29840232003	-205.996285756	8.22806017658
335.760281563	-311.368014171	-2.90032497609
157.390783735	146.974863885	-1.48044959129
11.7269895099	160.461255764	1.848239332
61.7250244748	-153.551291487	-0.877459813173
-37.7887906462	2.65039825484	-1.8844424468
-51.8910831776	65.9302578156	3.61082526192
278.453308676	-316.121889944	-8.84720408949
170.064452717	-200.826628326	2.21720288324
272.350302884	-213.769209364	-1.91317748712
169.938402277	21.8333335088	2.12991602938
333.35190931	263.114419583	-4.80827474222
-79.414839002	69.476435691	-3.15116781244
-250.03579734	-59.3118056746	2.25044169592
85.5529792883	38.3393157354	5.03854469913
272.233479512	-184.874995266	-6.25855217984
13.9356380883	-85.6068852832	-1.48201978785
277.662445143	-173.941416938	-2.30366321423
302.539265466	-257.880086131	1.70445748584
-321.434737492	180.221206847	2.65838458374
122.931169176	-113.486784969	-4.44903914715
287.559552586	-53.3172428092	2.07911555865
334.029226087	108.64032192	0.0297512373021
307.016117484	-327.448484673	-5.80066259661
-257.423271518	-176.262717947	0.184121357485
-69.8230722487	-266.612161539	3.2941209075
7.07292131529	-87.0105840215	2.6550311051
-101.194539706	-255.006937416	0.367302275754
-297.986994266	35.9550270816	-1.50083468614
-292.261805511	-97.0460480246	-1.74602431767
-9.75920206086	-150.235332688	-6.95983156841
-155.620451036	226.770204864	-2.47511271844
-150.349204498	219.261020473	-0.857922328
-150.382637608	-255.338653985	-4.12804880616
104.932717267	86.6052392654	-2.48865097644
150.85289233	-136.37020071	0.87738721684
-144.031000927	-270.52263746	2.05218813157
318.547049895	118.781852187	0.425530855742
-74.9575076638	307.672067256	4.13964048461
143.117281072	-174.53337545	5.03005868286
-226.957419325	-169.729446753	-7.17184557767
-118.049084535	196.449331166	6.36254899273
-199.635143063	-20.8536306049	1.56446076346
208.267628452	-191.104386961	-0.895394221061
-152.979016374	181.269189199	7.51484291425
227.310567848	150.093582705	0.771039553084
87.4683585979	69.1669507117	1.28797124088
39.0861801238	99.7353237198	-3.72544222787
-126.385782236	224.436282276	6.09575780596
21.1895097064	-209.026914477	9.49212918648
-200.674741597	58.2941649849	8.9663319674
-99.7246154996	-299.09027105	-2.84407352041
-198.859118276	-166.306369142	7.28458352973
-283.359161326	111.834729113	1.06944815788
-157.689836002	311.080392166	3.94591696256
-14.7010341922	305.016652175	1.39924299778
302.118022538	-158.208071821	-3.6852886009
56.5074637694	10.1020581392	1.50387809708
-256.593893853	124.903203376	-0.0605033666895
108.937670378	-141.44409631	1.18633273965
40.9169807886	167.963825152	-0.685629097476
205.721581752	297.746268041	3.53723869171
93.465169591	-46.7811076638	5.72866877271
-129.93620587	-34.4694585047	9.57792918025
138.441056533	-31.7490252302	-4.37796318163
-169.880501333	59.6496827533	0.189564995843
211.420791517	148.805484255	-0.47365540967
23.8973888339	172.481019506	-0.16267167577
-320.127755639	104.211231021	-2.98796886995
203.388994385	316.079593513	0.64457651615
