-259.144161488	-341.602505566	-1.34501493384
304.906216338	-277.045826509	0.56610020609
332.761438532	-223.27401622	1.34296669703
165.905598883	-235.647952062	2.98188427838
-293.189770016	230.746041876	-1.37254098393
-103.483803489	11.1798839146	-3.80862539775
-32.5539870114	-261.158423472	-12.1548730505
-249.367033553	153.479644984	-4.90918644128
-200.546475829	279.175308375	1.48816854619
198.156211938	263.467852501	1.01869785338
357.986933546	-12.878547914	2.66844009682
-26.5313097699	342.746107895	2.05392270268
311.618828108	74.1901712651	-8.88133421187
-302.46792559	-77.3019598119	1.70631773834
244.720630041	35.0923464519	-7.34266819473
-51.7527105909	-212.782117417	-8.10016478511
-370.656915437	68.9547013779	1.73490106483
-148.156399261	-81.578407233	2.25220776389
-354.783895689	-57.109429786	0.777663100113
-337.966380783	-307.561678287	2.06829098985
220.200802193	159.424486171	2.45401416155
246.356706665	199.682640167	-5.65188798849
-249.95143125	-197.681261711	5.00027804828
341.088733545	-110.918971822	-0.0578278686524
335.260009228	-127.598990188	-3.54960783244
166.131333671	-54.7663718526	-1.42301691826
132.842555163	5.3521997998	-10.1511785656
-275.865353194	-347.584384182	0.392133449069
-78.0587570566	-12.9029907515	-1.03188128924
329.044542468	30.6822508665	-5.62870731489
-146.274652521	-170.764049151	2.48721881554
294.411549546	-249.553252405	-0.854057679147
226.987327323	-219.808521202	3.79667043462
200.262383103	-75.7305439215	4.61952185439
-38.6138470782	-95.5741180874	4.92280198935
-363.110474981	165.009829531	1.55858426538
144.342874028	-344.89877146	-1.27206242883
-108.826363175	-336.847394441	-11.6759907566
332.258176138	333.629424336	9.66291402784
-140.856759883	304.352601329	-4.71971402639
318.431338448	-159.554582152	-1.267729517
94.5261491866	-368.237506493	1.23400681487
122.782960406	139.097722766	1.39969881271
-311.540465866	56.0395701585	0.608260259416
143.372432669	141.191631561	-0.729109314434
366.519507019	-102.700051689	-6.5073036535
-246.228591273	99.8135975095	5.64396688067
111.435893393	-273.961579065	3.07594185693
-184.646711783	-10.0987317837	3.96897475518
139.473914588	104.680918152	-5.12868984925
68.3937811258	-237.648136452	4.93237793238
0.649514158721	315.184709809	-3.47058770698
-305.390732544	106.313793762	3.60659058358
131.356534124	61.4952953695	1.7614977558
136.796112119	10.6213756624	-7.39922462631
119.265299921	32.7828909519	6.6001465472
250.229254005	172.662655283	1.61152704589
157.760137901	128.31415514	5.30643798724
-156.700495073	268.727639847	2.6221576321
-231.30565235	-225.831062785	1.38097932408
-247.199552954	48.0569361888	4.71759403086
-234.467955043	-376.617360967	-3.3555200767
-7.69472958873	-148.547927582	-8.14185692131
230.355032791	145.37291686	-2.71785333683
-185.981191344	-15.5688495954	5.95594582664
142.765152299	-264.863878539	4.37814137362
-248.754692045	152.702381676	3.42147371009
298.212655794	-236.992710333	2.73462045447
-214.193308602	-359.047414271	-5.00859479983
326.427026179	9.95630044481	0.427426468663
62.3673812912	165.558758837	1.9859206352
219.96121276	-219.457195303	-1.08644227185
75.7888340642	181.893545123	3.10381553006
-342.186852993	1.01803448343	1.29256793899
113.981659486	-218.150680921	1.15308109222
209.460266285	377.892111348	-4.87429015896
-333.960883047	92.3800106373	0.191275519322
217.139238459	-358.811366286	-5.00408414574
-97.4192854237	-367.227520214	-8.65365094882
-58.1059680312	-8.59637700426	2.44488691841
240.750680963	-3.21845315038	-8.80093382405
89.8753849896	-232.131438373	2.18937739641
-272.796940514	-292.854713397	-2.28017910179
74.3922564918	-344.363745806	-1.47977864257
-357.41053116	-23.2942366075	-1.21078629044
-81.0612013376	-368.507037262	-7.73209517147
-233.770622527	131.299008688	-8.59687141762
33.7993721249	282.802973534	1.59949671364
83.1042126639	352.581878792	-0.0142918493944
205.761595351	-247.066469944	1.76330340936
222.787726526	-86.1494319218	0.210389751668
-302.611040029	173.751822609	6.54034580683
-323.569717969	-64.939931415	0.857090493838
15.0406516225	-101.725497617	-0.714406599992
355.540874522	-326.414696816	1.66660294975
53.124775657	-161.132273082	3.68666406891
145.487492831	-373.580639723	2.41782188856
-112.922350925	-68.3868998244	-6.19047308477
250.066764132	-49.8220468811	-0.219230890012
-50.0351025415	-16.004561068	1.07294734594
-176.334759639	-215.61759827	4.98765457374
22.6602338975	310.969008104	0.0289978445883
-62.060885344	232.311601792	-3.82058386094
-310.618058324	-294.451108866	0.684396887188
-34.8929806487	-295.563014114	-8.86497718749
-205.210013026	347.669335324	-9.63639537634
-132.283731112	95.388436604	-0.026861588734
-321.98400747	307.166444041	-7.55886228408
335.175618601	-367.042014575	0.525548021789
17.4631144849	-324.984392097	0.628676507975
-116.526618378	-181.488148218	3.66633182095
-304.821632883	252.851031292	1.98921361204
-300.291948462	118.752853565	6.12564991982
61.7002131891	153.050931579	-0.643888659956
-7.39381606701	257.425857933	-5.10330522977
-329.994984124	16.3122112287	-2.27160244785
71.5417602075	-189.015899965	0.86184003862
208.937691335	-167.153293808	2.48525991354
-83.9918783147	-230.570270285	-5.09591494679
-7.4614807284	-316.671129205	-3.85626748046
335.334922451	-65.4434760624	-4.07783998206
-340.228309059	16.0502841119	3.35437366275
254.032133342	-352.042267857	-2.21299384305
-134.856537733	307.328115038	-4.57356009034
293.915955885	-115.393338354	1.98179045316
301.1073657	-5.1197079374	-6.7337502336
-270.984268655	227.333638441	5.2454186147
-184.966080427	-83.4082799341	1.38891963201
-191.383381734	-174.102043605	-2.88053391218
270.060526375	-323.038420806	-6.2773439127
-336.391811815	-363.971581091	-3.43882527705
7.38781665883	-379.257018717	3.71063880819
-151.72167519	324.790804775	-6.27232808734
116.640876264	-294.666933236	0.835354162655
90.8040819794	-294.611989611	-0.94002655767
-76.3061092257	-4.94451789033	0.238690084673
335.321658552	32.550228588	-6.26623810942
336.308271637	333.423471154	4.12364838792
209.074344694	269.581930015	4.3250063362
131.049598563	-229.102063109	2.37154342169
267.661374287	299.656919592	3.11032441262
-8.81000701685	-16.6014713679	3.53203375991
-208.582252249	-318.979576649	-5.71949404114
322.504885347	-93.1737176991	-3.23237870956
-136.691691644	-123.6020093	-3.97644716285
-210.830873632	180.363936197	-0.09342357938
378.241515523	-214.332327338	-4.16543920108
129.465049466	-97.5929741435	4.12159414715
-224.101636206	-224.971250239	-1.43169161952
222.516185886	1.67645443553	-5.0413304056
-80.0916514141	376.890006402	-6.82754311284
-299.575489173	341.010171949	-12.5776897792
197.035952571	-20.5179548847	-10.5616034088
-34.4361053378	327.001301087	-2.72441255184
356.728757858	194.552331529	0.10699496389
74.2597391176	-372.002530678	0.39683873439
-180.674069652	177.782407676	7.4264811182
-86.6375695693	225.809851704	0.895778311153
-307.564845586	54.2826842092	3.5708140633
345.391225328	29.2644760679	-5.35382234798
115.031696361	108.156413522	7.77662717382
252.35523522	-292.131570602	-5.63679484896
-146.169003803	272.517457512	1.55427328505
-38.8146728869	-323.654298927	-7.02840650767
-24.9500080067	-266.860508563	-5.2167249144
39.0373707651	237.843764007	0.48450720409
-36.5781969966	-134.798394559	-0.467081388593
-4.67488231415	173.890057746	1.31124537243
-268.85668079	-70.895961162	2.42007209104
110.792841043	127.621967831	-5.06212265874
-309.324840659	24.5931254695	-1.54886281451
55.4109801856	27.1977982082	-3.03788652611
-277.159993212	62.8730238852	1.01037374779
-258.576606607	-371.565202344	0.956559681691
-369.129350193	259.933540003	-7.70684855941
247.062607264	-31.8663463954	-6.174521954
-168.426674448	119.124805854	1.5982533761
-144.68601171	51.6629131019	-1.39674036528
-329.171491049	81.6291138279	0.848731368954
248.92132579	-115.055931526	-1.28581947796
-62.0984744218	352.779896332	-2.22731933908
151.351119896	379.374207086	-2.67132478958
-248.554505189	6.5939219386	3.01045280789
43.8573462642	-30.1412910669	3.41699944051
-94.2152888842	-117.065524005	-9.81981625208
-117.824199053	324.449732762	-8.1922308836
346.313809068	-281.431156328	-2.00663802578
-274.0636479	-251.251905762	-0.502661952083
-170.381764598	-258.132564909	-2.35838604891
-161.97366536	138.216691872	-5.64404106211
153.003835445	-216.186819849	4.74660807458
374.91144811	-31.7598987539	-1.59208531164
149.29160121	368.973905959	2.08652724301
190.057137	-379.638987944	-3.11716126971
272.362460029	-171.661016247	3.98214088855
-44.6728454198	-126.704903484	-1.08872848713
69.1213791161	181.851925891	-0.807819581049
290.621133704	151.768325688	1.28208518439
15.2808309758	-34.3729444754	-2.64895686149
184.151703872	372.906528883	-1.12662045924
69.9472646817	132.615452157	1.98577127159
-127.982566071	-63.338877372	7.62647408415
194.883752069	-189.511425911	-0.641981064193
-5.15319694761	-52.5260651943	6.30199680217
-296.451070375	-321.719394076	-1.98284430119
-234.726546614	125.74756828	0.754661510216
-252.428500436	-14.9427028298	-3.62995963721
349.469358763	227.675976075	4.48048496455
-252.400197341	-116.165984052	1.07194188345
-261.542426117	252.382984008	3.69070545371
117.453459136	354.460859858	-1.41672651544
234.597079501	275.014089626	4.52424340462
-274.672588704	309.596231044	-3.4366202358
25.9313574683	-287.853953278	0.487882004834
-83.6418396778	181.394105485	-3.68009753291
54.4469280615	113.908820768	1.98268517136
360.909731359	334.186650512	-0.78889193194
175.302617065	216.987652644	-4.45600747025
332.524588716	-302.0789098	3.35238884613
376.345013766	91.7061620109	3.29585503597
-300.535801484	237.05707134	3.70670302031
220.593621088	-79.2557321024	4.34549775656
69.091190429	318.573018239	5.49777089019
-353.418414146	272.373658176	-10.1453152434
335.020610012	85.3954743473	2.55721305932
-107.22556323	269.931400621	-1.01213914729
17.9316528488	-179.40281111	-5.41091531113
279.098561459	60.2903387445	-2.63548921923
-3.00223060129	-91.2443856154	-6.86022955234
291.446310252	158.797655795	2.07899333194
277.760070996	174.071006463	0.170463080064
-135.066087644	67.3383460009	-5.28659336012
-224.387811031	-193.16631195	0.787550376978
136.490355305	-269.975686898	-1.72342478361
259.931213428	-59.11909332	-5.70293968958
-111.764474512	257.140204959	-6.53764293261
-52.3919198688	135.785463419	-2.5543434922
368.599828747	-307.702782418	-0.837972543605
79.7048956863	20.0636901828	-1.20467026407
121.275269263	351.170299506	3.81385743344
-74.8950440111	46.1069233934	-2.55462120334
344.267672022	-261.269687428	-1.681117884
82.0843694448	-59.6448633578	5.55770368958
-357.003231135	-250.406893657	-2.61362820239
-287.794699297	-95.9303907055	-2.41080288528
322.265425778	-227.106968425	-2.58992722962
-74.9888015942	232.883260946	0.0725580327205
-375.094702234	-162.408226167	-5.73763545028
107.987790564	16.5155884256	-11.1796408914
-337.926026129	-340.614793237	2.09989873101
-115.969559088	56.9881880157	4.3036360996
-19.2322478446	197.770559454	0.2457850447
91.9394476317	245.241892476	-6.89059863039
216.235553494	134.329961493	4.9065608171
-344.505906586	229.774579265	1.02401723456
325.660227567	-47.0162904492	4.09831235078
305.781451462	303.856586318	3.15544334169
108.823170289	254.79407768	-2.56359587379
26.6494497745	-240.666142492	0.190931373956
-318.386981923	-361.04215032	1.13217811574
-66.0143633813	222.364288809	-1.8299652399
-202.560026586	18.0270931454	-2.72241967939
321.257339456	-172.270291213	-3.98347295778
-77.5916042231	309.809878974	-0.0692297448483
-21.0583198551	305.316278127	5.29551598905
-5.13425849798	138.864877946	1.04325457352
69.1641042403	-79.7012334122	-2.38154639936
54.2313193842	256.239491688	0.475894519328
182.65532826	125.295790809	-4.24980950944
244.88500198	2.80664295174	-8.1667606843
-175.866798475	-31.0162842836	3.15978809544
155.543429448	-330.036767805	4.81495351676
-17.8302617898	-303.04765348	-6.11905474682
326.612147086	-100.600427453	2.89681061869
-85.1369994046	-192.013216758	-6.43308003615
-345.48770029	133.896918628	8.49669419334
35.2907270359	91.8305884741	-1.51481992066
-138.174363845	-191.719609176	1.6118248319
229.352912481	173.333341925	-0.849888230812
138.255320982	-263.212766045	-0.898600782418
-293.849282363	235.239695955	3.3648353408
28.397431714	-29.2102224553	2.20561885288
-283.572656702	112.224990301	4.52203610308
82.8698861536	338.393395737	1.81811589683
-358.287483529	-25.5956682667	1.34210835048
-132.693721407	95.5706247687	-3.94540934892
231.16426637	54.9431914076	-4.39846819419
-321.019072706	-264.564055808	-5.97030828696
-140.425236439	-129.711408725	-3.65154200783
-288.905045885	270.9119476	-3.06643628196
-157.942424146	-252.874523846	-3.55616522751
265.894961246	153.319353928	-0.888043398231
-46.6169137434	362.348655897	1.34793179221
-174.902122283	179.793216865	-1.58413105579
23.9902297076	-56.9732234375	3.96867351506
63.1312064398	285.24481754	-1.47462802424
-355.565001842	-221.225611801	-3.02549512216
33.3445081891	-328.076166813	2.51282110778
137.908308564	175.815546681	-5.20393039197
10.115618379	364.454401065	-0.491379553475
285.32906847	43.4327727565	-6.45894670833
364.566131108	355.409357563	-0.592620950797
-216.439418657	-167.499373748	3.11081729096
-254.4003549	186.133893836	-2.1291402567
-214.267942628	213.242915803	1.2583799843
-250.296844103	-181.271060568	0.251997918198
-243.631670229	149.828604925	-2.41159180478
-79.0633255148	227.465404112	-7.27257011221
-342.871118384	-361.3419618	-2.89872780793
341.701860862	160.232091098	3.90403352998
-62.7250057932	-155.83097987	-1.71233615167
-350.633767491	342.974277139	-16.567314633
-55.7021314971	217.65535573	-3.80828006261
211.471665544	345.524445799	2.99207050918
-342.858187983	-261.287947763	-5.91854384249
210.22010837	-229.557240579	-4.40907535043
12.9219867705	-359.778557265	2.76687787199
-139.047349829	12.5012075528	-0.184761996526
-38.6014845397	44.5955782927	1.07717272247
-358.03395569	309.504207488	-10.3636483379
23.8671574174	364.616466624	3.05748085657
-283.814354232	-192.756104882	2.65961743134
-185.509224838	42.1528806806	1.8919892158
102.154329795	353.508750144	-2.28679818276
170.488778955	-215.863333089	-0.864381155988
-174.787263892	182.785533772	1.12679737708
-52.6798256252	-244.008987209	-4.44835002448
133.396344715	148.131263875	0.999638936426
-231.439137612	-341.149221922	1.01828285394
247.878330075	-28.3113668885	1.13623415465
264.268930934	-362.479615572	-3.55324981999
25.2524873931	-116.528643391	-6.63855324736
-177.819970752	-156.156699805	-3.53062651213
-343.871813805	-179.603343207	-4.91233263474
186.40181908	375.496690142	3.1332592476
-137.647658104	-158.74349696	-4.05633241912
-108.593794982	-163.526981056	-1.39884708003
252.486391652	-224.519115067	-1.19800317699
-315.987079385	-14.0901400343	3.3748081078
-105.720671761	289.548339561	-5.09779458681
75.3367101922	56.1028815255	0.173607413573
194.014808392	146.56795275	1.15062587233
-100.929845369	17.2104590197	-3.67945427814
152.75580183	305.803347294	2.33594356391
-141.120928143	166.327077627	1.50294903345
-53.0268848227	-101.417356316	1.1967687789
-55.2898720214	157.702003134	4.15831231315
-55.7796892867	-210.000584967	-5.92803573307
-79.372728835	-40.7714935677	0.579306485027
300.902188516	-208.02130357	-1.43197255766
48.7383976548	-54.8009844205	-7.32677800772
-269.146583088	-320.919693764	-1.94626021586
-191.916668538	26.6098692215	3.1721987185
-348.223068864	-213.262046928	-0.281995743394
314.057773343	-146.854562325	0.876279459732
-288.753146136	-68.5660233886	-5.05315622536
-372.523664093	353.004013376	-20.8228483705
-329.602836295	137.853035638	2.17362143429
8.91502596534	330.928831955	2.83908922064
-161.299048239	175.306291349	2.7058032063
296.981308566	363.980618237	5.55995410076
-242.289920874	-92.3560896013	1.93968062454
-331.214438856	49.4700551285	-3.77780046887
298.760697844	-267.859923772	-1.93009264587
310.360715442	22.2664759976	3.49058019254
60.924704169	27.3515306281	-0.316506378425
-157.733771395	-222.879789538	3.23629958683
-125.251101382	376.260798017	-10.0128929112
-26.0254383244	67.3911911909	4.58609773447
-245.223481964	128.883373999	-1.22424604808
349.771277042	365.362202774	-1.15581030317
274.78562812	-161.046825175	1.93426841615
-10.857462038	-290.570747609	-6.50975387186
-32.6768093346	178.469521155	6.6665045825
-341.40832929	94.0991187397	0.458863222904
173.846497044	-374.222240887	-0.717052755188
-300.862334778	-369.554923818	2.87510883057
-57.03192603	-28.1783036423	2.58763647482
148.516839131	-27.5430644006	-2.99798685108
213.732477178	-294.928826635	-4.71035631145
-67.2753940443	-345.641358676	-6.92843288025
258.081738066	353.912011748	2.78363515259
290.623428475	-236.68011791	2.28884062655
-162.860359232	-172.379078594	-8.04793275612
315.491066984	312.125817035	2.9394874403
242.844181785	208.269106055	-1.07242006004
255.947942714	-38.9494024864	-2.2645022018
-0.423934283495	-136.572359831	0.944993087419
314.227935356	213.200971346	0.781471251661
79.042276419	364.692711034	4.56043128541
-243.912600627	239.310234141	6.62275589019
3.57265382871	14.9824704827	3.38954200712
-114.598615199	-295.098316024	-4.36262254205
-112.121709672	-370.793667212	-12.9154097006
91.564797425	-307.940561594	0.600165019606
166.732008911	-81.2127597859	4.80245372736
134.017749834	-338.200647564	4.45652845656
109.579432704	-255.68870363	5.4945083944
-72.9552130104	-160.750326562	-9.244465683
-195.388421979	-182.401466177	-4.04857217753
146.081294147	-313.008373827	1.04160924548
-126.614417806	-169.03975135	2.45712401563
-159.333921627	-341.365842905	-12.4330979225
369.774093904	-321.224033973	2.01210728065
-241.853068406	-306.214859747	-0.976584571228
-164.165481919	-218.032214236	0.664885653893
310.394346121	44.8951417355	-0.407779924537
181.353509078	-34.703040176	-2.67372846473
-124.670123749	-206.549304409	3.23385746564
236.09646221	153.8061408	4.70629038786
291.58061239	-219.529274083	-2.15766952905
326.779595652	-309.135092077	4.0293552905
91.8937008594	-298.876747954	0.600859492413
202.595332699	-154.087515868	0.813915848561
152.767145318	-234.867456455	3.95214699908
-79.5523704297	-329.683811162	-8.39297668242
186.160072417	85.6304547916	-2.2038960803
40.467497089	331.105850503	3.73248087972
-118.940459356	314.242404512	-9.72339470841
129.865505234	-74.8594846053	-1.27146390295
-380.767674271	105.94875869	2.96853328853
132.5815793	272.620086459	-2.24194493664
311.859297499	-336.995971925	0.814453652271
101.810516142	270.155651827	-0.469701943921
219.134997106	-342.633547033	-12.0989775181
-172.05642093	-236.667086794	1.76044480054
-151.762242604	-178.282671616	-4.67432018205
-86.2236002609	-169.780511751	-0.942134654656
240.923979086	-154.093595364	5.38266564952
-217.753747177	266.662845965	3.87960383273
-357.707571343	-350.176760593	-0.394032043315
367.794435756	-1.73596029288	2.47554400225
307.997535213	-124.212694002	-6.40177605848
-37.540118637	-49.7114108718	7.33977010145
200.199546837	-0.739477457433	-4.33800924813
130.33050912	-287.993339736	3.86867109589
329.700019332	219.301747308	-4.82011726692
376.678115871	-112.15242086	-5.47763785254
-209.096983721	-78.785841591	-0.992600701322
-271.646849629	222.579974186	0.728931415752
-288.113919078	-289.39985498	1.38278705266
249.665113409	-156.875393693	1.59045643553
160.433076233	222.077192372	-2.04619083144
258.045340494	-216.695985825	-1.22908725023
27.5822612115	-322.571191012	4.48225054244
320.103780368	-35.611317698	0.814054023882
-275.85979336	-24.0933661644	-4.11790645901
9.3776548171	311.378859821	-0.283622866207
241.428889151	15.299119858	-7.62780986229
366.335902765	194.111643291	1.50734186936
-310.282160127	-204.294869278	-1.160072825
-340.148439198	173.928580876	3.32757084753
348.39011789	140.924016427	-4.13191300105
344.045978532	-27.1850945464	0.935777738911
264.115386589	40.4495696772	-2.97892743622
281.090875429	-288.242962972	-3.50515290227
188.899741955	-122.678726911	-2.98495206005
336.614534724	-303.67624265	5.97736805682
39.7077720299	-338.695612068	-2.28678329999
-189.357869193	-89.6159326767	1.08895937361
174.820326529	-231.076039942	-4.52504456406
234.137723056	-1.60193647936	-9.87914017975
-361.266293406	38.9389796914	1.26744616511
195.142238465	377.443385183	1.35705688448
145.07465055	-227.523938262	2.39407954528
-242.427367909	145.334616989	-0.301012430175
-246.003057916	262.068047078	-0.502713517241
345.508949196	45.376446176	4.40659669539
-133.991102791	-347.456498189	-13.7190846655
-336.274518245	197.703809261	2.73387925109
-379.63212485	186.402920182	2.28242506643
254.240123686	324.567399154	-1.52609814832
345.182840868	14.116522538	-0.0451783114351
184.556401542	151.112861488	1.77755473805
-165.039889006	262.103303068	-0.91314542636
-156.732990904	-144.289916488	4.19665419124
13.7510699483	-110.708335754	3.09246423407
-111.594051538	130.074899201	0.496828241966
275.920916127	329.92247408	3.54262904754
-20.1423594845	-30.1218304481	4.7462480591
82.8048650629	-114.997866817	-3.71576397778
286.141912859	188.102771933	-1.69718007485
20.0682493103	-30.953815204	-4.14771714255
-0.642131503804	-285.596038427	-5.3672033882
325.879639077	290.05117041	3.34861184339
-190.783447257	0.385393485074	4.85879660791
-120.963900185	157.805841732	-5.1855188115
374.267454838	356.413650323	-1.92640678678
-201.036758694	-47.2905153135	-1.86609795405
-71.666545381	-218.225384264	-7.99377615365
245.82252884	298.022488921	-3.6820594995
147.962629674	186.364685309	-1.13566644016
-176.439112924	-6.59283777832	5.29931984505
253.900836595	50.0000107698	-9.50060143469
26.247183423	261.654504737	4.87829757472
29.2620368008	224.362950881	7.41441887343
259.667836422	-192.2466337	4.74688587465
91.4432165734	98.4883595922	-0.35297979005
61.9928453579	-310.410867843	0.688725491443
-211.009604737	-348.444474211	-7.23192497694
154.768337215	-3.40559207644	-16.0297068271
-6.01586116176	-231.857456266	-1.20349849995
25.1896282011	311.215735999	4.86656102464
-255.614625316	126.267832667	3.13331300864
-281.438628403	182.144003653	4.16408083042
-135.477326283	-319.255947908	-6.98239642327
286.064727517	70.3902757197	-9.49570970897
-241.88123735	106.091280841	4.05989237108
281.624417184	265.869563222	4.25476497038
30.584515891	-354.911612427	0.834969194188
27.1784488674	138.264947824	1.78188275373
-119.631240908	-213.205324485	2.07482662456
153.027811956	-242.05385493	-2.76113551486
170.272800536	21.7539465995	-17.658087802
-314.362627274	-340.924933769	1.42875322679
-138.554216424	196.883300831	-3.232556172
193.664966228	-119.539833576	7.47098261968
338.053095924	-135.399461705	-6.48220836928
-46.2079443869	-114.088577851	-6.24755001105
-295.83859314	-278.047260807	-1.91586320651
64.4597583756	-191.552926088	1.75784469638
24.2709783757	283.3585857	-0.229621652496
100.151605507	364.132153516	3.061923526
-165.715743131	154.763950464	-6.73862321272
379.218745096	20.4948462289	-0.332149803418
-182.624720621	313.681732635	-6.26917696936
-368.583465189	-329.040953871	0.177704137329
-11.1616633419	72.0748821226	1.61116043752
-206.109933158	-129.049230667	-1.13709574597
-46.0263226281	-301.729545431	-2.49644585729
16.4271304528	138.404379985	4.75227288848
-372.263461559	-212.631584701	-8.92866162182
236.838077377	146.921620634	0.300759347485
-123.43826709	-26.4054794297	5.27683599169
332.322872517	-51.4241423156	1.48166103497
244.870367779	8.65095682433	-1.96418501573
129.703881461	284.945013949	6.45424766655
-272.750603138	319.725963863	-4.42043411114
-244.035221762	-223.091903445	-1.20466087473
331.74514079	291.13343095	7.48972215937
197.808607762	113.417209105	6.38934244179
351.238715703	-335.138385511	4.46821634065
-43.9539497073	50.6419961167	3.9587850282
39.7824436559	-236.967749206	3.62365697748
317.323559835	241.09322615	1.72566879644
-273.437522274	-373.197130726	-1.38482122747
125.073105437	-153.17952945	2.61807499715
303.706543429	364.669424015	9.92601151037
-331.197194327	-208.227282023	-4.08290811445
321.505780725	32.6515002632	2.3899798893
-236.749566813	127.456409304	-0.0325791807457
-137.348883731	292.48870839	-6.8790514907
44.1180165889	-56.6874329107	2.47421993085
-281.853529679	-219.603956036	2.37865548273
307.739451205	-79.1701136146	2.36393167763
160.99279732	115.130955762	-2.24253247064
266.724807127	-254.87326339	-8.33945974908
-109.550454379	14.7595947686	5.55901314272
119.112443895	245.493179869	1.53413636476
-218.832971297	255.541935154	4.26351188898
-26.214401058	-371.652629857	-5.71935524079
-317.078977223	151.445745005	-0.357129545455
-183.833413882	-253.867585645	-0.197855729993
-94.3032559817	45.1687517737	-1.47508338799
-211.158576604	88.8565819228	3.22306875667
-121.101802969	-182.173066506	-4.69408821957
-254.998048043	282.745716659	1.41214421515
212.824452755	31.8480536287	-6.34809348836
80.9957042637	20.4465698699	-3.28809746618
2.16795854775	-285.685606429	-4.00871351727
-144.989564115	-300.616269127	-1.06323778316
-19.4385965733	-93.4301939198	4.50090364355
237.526698097	196.444528607	7.11033742491
237.662343098	-73.8675547118	1.91681333725
-50.5149408227	31.7341786014	-0.571020908101
-376.715997875	122.269877021	-1.01467447004
6.33166201301	-95.146653948	-11.1656331746
-81.8396473468	57.1812546065	4.79804776627
282.372465262	167.740047583	1.41085139263
46.7233667692	321.962965345	-3.32461932106
20.6323734544	-352.0526107	4.01146344079
58.5961589268	285.733862674	-2.16758892102
-35.0518624308	273.297165272	-3.28856588563
6.71287537105	-45.845830274	9.00089892322
-307.770388094	261.15794818	-0.39428983319
-236.34386657	-355.298076352	-3.82735808392
-254.282000977	352.147192152	-13.6494045813
345.022909879	11.0967065165	2.32622055176
40.4263403812	43.1394440941	-4.5984824775
-160.011237908	109.580560423	1.13936317736
-324.039897544	115.867236904	2.62022861235
60.9576839627	11.840887781	12.8848219797
-254.743078774	75.9305651338	-5.8453124847
266.593910736	96.132092564	2.69517883305
285.07957149	110.609379093	2.76933252134
-123.870504504	-214.788691277	2.73330332144
109.928098676	39.6338031406	9.17529324949
-16.1722243761	-178.911934701	-10.6789187914
344.018420555	369.766052905	-4.11025420765
-368.325243499	207.589268289	1.84119052029
373.505450836	-155.8744143	-0.698795499117
326.533466957	261.90673407	-3.67339318512
230.810415696	294.652996818	2.11702892176
250.84306798	246.551653407	2.15234366216
-121.55644522	198.603529719	1.94003507916
298.778000847	-68.0932297783	2.42573018983
73.9709645926	-293.481151985	4.28728988788
237.244755799	86.2352464207	3.7661229183
-33.233076628	-294.519182517	-10.3042437978
-36.5333856421	380.667197761	3.14110660057
298.147789465	250.721571754	-4.44397634563
314.443910378	36.9275207256	-2.97942551722
-45.4026895758	-205.520888468	-10.5447766003
148.688205601	-218.720238329	-3.32157003244
139.301252521	310.631497565	3.36169541834
-232.276609087	152.418440039	-4.432559441
-189.67704498	-212.425288042	1.31358271366
-9.80179346714	-202.942600218	-4.23583814735
-178.76042676	222.211102562	2.99720111838
254.125000244	126.44984573	-3.28968020595
59.7414417173	-368.448786155	3.65137454024
-160.915386443	212.820200467	2.48093763414
9.99696269382	-92.8985694758	-1.17781278844
-158.467398836	284.200539589	-1.29392862506
-255.841596733	52.3619147842	3.20679961238
100.871672934	167.758028819	1.47499864628
13.0077625994	318.761498584	-1.26612716981
241.509923232	347.570251941	3.30366915144
44.89455063	-220.486428348	3.27199485729
-198.155219694	213.849613528	-0.789610385056
185.623519621	16.696917439	-14.7198294375
66.9094863215	252.203604517	-2.57342805629
-110.334398714	-112.066529393	0.841074515002
-246.754793668	-116.405608237	2.5774642539
110.592020535	332.897038205	6.65238888568
314.798118663	67.047446898	-2.81727877233
-45.4538466938	54.4681984692	-2.59854840433
-247.064579835	-36.0812005308	5.2159937691
-270.855193949	-243.243023776	-1.88524303793
-168.593386895	-340.659616549	-6.72975232673
72.5101887687	162.212335503	-2.82349681357
167.331260249	-216.269427485	-4.8687465411
-370.82146425	-0.614046881862	-3.04146563961
80.8343300786	346.921245302	1.5513470856
2.3204428468	-60.0753531368	3.20153519228
-315.235995442	-226.604871445	2.14361811351
97.4237601677	316.460671217	0.432764900738
41.5549234001	379.296766524	4.6624641612
149.754963307	337.610777131	0.708402104269
-257.741631305	-55.6898503063	2.99464231168
338.701021101	86.1174010011	1.18089185316
-265.038502644	-109.532539182	3.09975808282
-289.709070863	251.296899772	1.4009217023
198.211979177	243.624309218	-1.90408076028
-236.94777365	264.190441766	-3.50912264126
58.8204763382	-34.7737843065	4.86666909768
243.856235824	-81.2496619336	5.12431890716
215.591584511	-93.0135293824	3.01585943931
-232.804156061	93.3034337873	3.09234765919
-19.5797664678	-224.937752459	-9.61613191756
-37.5435685291	-134.931439583	-0.128827431845
140.660557434	307.469172117	1.07600699638
-25.8509219007	38.7958567992	0.108260480961
-8.75513057628	-301.678843953	-1.45848526756
214.411562448	381.12507543	1.35064008007
244.947092139	-115.14848564	-2.46087945738
-22.8327004135	149.126217607	-2.10412889861
180.654397383	158.009616916	6.15828121313
118.258100745	-192.665295084	-0.447133069037
2.06628772462	311.181452203	-1.12664209385
-98.4375414259	-161.608558546	-3.99616578084
-46.6195936015	-238.815271768	-9.42938102887
-2.45909932989	309.221149125	2.4111861938
-161.669875679	172.7993374	-5.54495549209
211.249456393	30.8489763097	-14.5445109809
318.081421787	-190.725280859	1.92508569178
178.359633808	-314.022338404	-3.17861394892
-192.027324456	-118.079092389	0.866944558867
60.806252478	21.6358497863	3.26855057751
45.1459468754	64.1181725799	2.89211158534
-111.920699569	296.618688312	-2.60616944662
-135.165527244	-140.692986405	1.03624727154
212.746220612	27.3135684405	-12.8019391041
-246.772633306	288.38850533	2.80295137104
-320.028362736	182.430356832	-1.3235338951
-204.014508347	215.705869138	3.1866871243
100.255094563	-186.972789377	2.32335541386
305.01582329	192.626747314	-0.551924566388
15.7394384157	-16.6604823821	-2.87944566842
195.716888093	-57.2039454417	4.0372825125
-341.347164708	-185.566016532	-5.06118292124
-148.223873805	-193.875144533	3.20620432486
30.2691368225	-262.578257317	2.68778879875
-372.832935013	41.0451166325	-0.464811269611
196.203451213	172.249748302	1.57999554803
217.773247842	-204.39506667	5.83637964668
-156.17431187	-233.283277598	-0.0344261592417
-122.544130632	-283.08641402	0.884453474098
227.200066197	353.698961236	-1.45869938895
-337.527593843	-286.730437297	-5.32530722772
27.0053982468	234.237514391	3.85249074887
-241.209975321	-249.4836183	4.21562093925
67.757778608	-373.015733655	-1.23304909992
15.5997420957	-44.7183342329	-3.66953312382
302.129413778	-288.520769433	-2.26349791963
-310.237889933	-374.807900038	3.14950061306
-85.4955477964	-325.788495899	-10.5193373208
-120.260724878	139.852918007	4.2177049066
-89.8294054798	73.5614744108	8.98121599182
-6.73592913788	80.3629945548	1.2851892691
-185.153706617	46.3096223068	3.6665437797
-24.0099987616	106.110524546	-0.251221242499
347.614302335	-261.034265653	-0.075076123496
-151.646724445	-29.5810375341	1.65478292253
46.8480467232	173.223659566	7.1444863369
-1.63212943695	128.377976857	0.235536617592
57.481153725	371.275922879	-5.07025353387
-136.486011582	275.942144674	-7.96026951582
-285.856051816	-37.4608543853	-2.96535552624
101.706400094	-174.329847136	-0.53288796808
-106.934222829	210.416308222	-6.4251907718
232.301782582	-22.8806251968	-1.74428700903
-213.112189102	-204.382489084	2.90256762136
28.9885448469	-273.954446925	-0.0715615393517
158.217510402	-137.911441367	-0.923882296782
-272.365640584	332.622678494	-6.30699852111
-371.106757511	144.113141697	0.704391921762
-174.229338391	-58.1782817243	-1.66130768735
-168.186779999	-296.654620268	-1.43320394318
-298.842340493	317.480624899	-7.69741248538
138.979166625	-344.612105842	-1.14813598396
-353.954943173	316.283064286	-11.2170812523
247.516612089	-325.254672973	-3.33473077633
78.7237803042	252.914736798	2.6771090817
-323.262713371	170.286253135	-1.72902645104
-278.400318656	255.848000953	2.74487586899
-19.6082567641	-191.871004777	-3.80643242644
73.7547053874	-359.497698482	5.65573139507
374.864739108	-218.447542676	-6.50097019542
129.562996916	20.9589446411	-11.3660916203
-113.578687628	342.705045866	-8.90482640919
359.055788397	-154.97234942	-3.63142168086
-96.4510060981	144.814233996	-6.4895533849
-185.531257503	305.603943307	-6.29052922682
-340.982236071	-348.072249867	-3.86095727736
-251.825675476	173.16074743	-2.43801134875
-86.1404473895	64.0188631377	4.16069463716
290.294241573	234.951761032	1.2913361255
-81.3068223333	269.043006109	-0.188677543754
-156.404364146	-130.187125638	-5.34945927993
331.052950076	131.257934764	3.00190784034
77.2122052073	188.414185685	1.38088429552
228.559179952	280.589818169	1.44854105792
278.67538695	-155.443330097	0.0452121794442
113.443950895	-188.820590696	1.92510746164
248.920164632	178.153151642	5.81078645642
118.361369991	293.630463692	3.01243310125
292.715773836	89.9140682011	-5.0516933495
282.530837945	110.971867781	2.03055539601
-192.368221988	-345.012674293	-8.16358187473
324.215746141	-180.327070762	1.22055729481
178.643917509	38.430224031	-2.70184048471
329.359457052	210.239430768	-0.574375898242
-21.4664322463	286.977993356	2.59392672639
-104.654508621	273.840173588	-2.55111235379
-204.142910161	-94.1322220303	2.41227607624
75.7066836975	-353.353336213	4.16930217467
357.017627662	274.465920032	10.1073273415
-122.571422366	8.75484597647	-1.24837834262
347.703317753	-142.751706433	-0.897745018059
15.7918414975	-350.771866353	1.89722737374
-23.2359244282	165.20036392	1.1637664123
340.902494417	-380.234334369	1.24110768027
334.693205487	263.605044619	6.65474848716
-226.168788252	-338.529158258	0.217270046733
-356.120133604	-37.7981341474	3.19346843352
22.7467418354	192.367213781	4.50473239166
-97.7346911223	-147.078839563	-8.49380073362
241.845573202	58.3088145948	1.48902252624
-185.265826249	-379.88503469	-10.5915381546
119.925601572	-363.440937645	-0.883321197459
85.4876499488	-319.826326338	1.17655710771
-150.283583242	121.379860101	1.45802055407
191.263245201	200.452285059	1.01214160009
-291.793562808	3.03198867833	-1.92575293563
104.509956241	-69.813168333	-4.25520916657
210.928691266	275.130750474	-0.693002582808
186.135504895	156.616047747	-1.04263351979
339.794329446	298.06957699	1.31514130998
284.435430697	152.003670098	-1.83954573721
20.4566710197	347.461514819	-1.35600844331
-39.7949026742	-372.33742258	-0.716247395671
-148.616910908	58.7573049319	-2.13506424981
-115.707393717	321.907609791	-7.2956680152
-296.780347432	126.556422039	3.47230303223
285.146397064	225.94605151	-5.88080792875
-158.776964058	-15.0207096757	6.09849784586
258.734712649	-338.408357362	-4.77748094199
-210.917364973	-369.491630966	-6.04785279549
-241.806746488	-186.454605745	3.60870789816
-295.933198321	202.058651492	2.7752370935
145.586094298	287.899112046	0.993669506378
-374.560349959	-40.3523984287	1.02815898232
-92.8934773996	-57.1129681376	-4.45542027116
214.281062743	206.881068711	-1.99123532321
-251.919026203	-15.1171725081	4.24893966489
-211.863126509	-211.647861331	1.93420835044
194.720277416	27.7180374508	-12.2873891344
101.396182397	37.1132472775	-1.9723039964
-33.6801149172	-92.2959322688	-1.76015801185
-352.542425807	-234.01188669	-3.8107533584
-278.60326418	-340.59427796	2.87543602374
329.329025261	194.879455515	-1.93027517714
260.676648389	314.248163069	4.68956624139
-90.9276127702	88.4684882851	3.41465664513
18.5612097598	-82.6249206133	-3.3490922975
-289.982466185	-228.323152267	4.19438787733
74.9118522777	123.025437088	1.69518534071
67.5610354413	356.050319442	1.75057386422
-55.7441845039	-108.062429779	5.65976487805
-54.9910267101	275.995594552	1.26828750954
106.108707602	126.078061482	-5.63542575862
-77.9120952216	47.6724089129	3.74908039278
37.502876324	-261.701143322	6.95790771553
-366.979694548	-366.416018425	-8.54878969195
-98.1042476648	-184.20870418	-1.86658873278
-275.879597553	187.486032449	5.03729808757
-252.197089093	320.076847789	-6.59447942823
242.803344157	-146.435576388	2.72031476116
328.154302924	323.895840202	3.25987206331
-291.961626995	45.4067050429	-0.0299998991534
360.655541209	13.1920981239	3.69366870155
-292.588234046	-122.236863931	1.90777366913
8.10939666818	-124.345329883	0.522845847193
199.750660776	246.091852062	2.25104657855
208.004389142	-180.95117956	0.6310062899
152.316521721	177.693325643	-1.48305100078
25.9205930537	164.337575019	-3.02104873886
204.554070755	326.656774001	3.69273640989
23.6802167791	117.132396056	-0.70325639356
72.7075708155	150.919095113	0.424799451357
-242.662400091	242.763265962	-0.137414280843
-280.311928359	-12.383820958	-1.21646727827
-312.273414761	-311.485574473	2.19195377416
131.067347553	-79.6648508307	-2.93406522625
121.149318543	243.222316391	1.33275846262
5.90014644677	351.668064389	3.23608495855
-122.24051086	-260.131908748	1.65784247408
-65.9774544209	-77.7509692661	0.637810373169
-224.338278499	-157.628511307	-2.85476071378
306.848434478	147.032292575	-0.960122095265
-36.2601169488	191.706359818	0.933288062109
263.879922873	108.458950338	1.10062109013
169.658483844	356.662477639	-2.01088666076
315.039146993	257.279596204	2.80298694097
-255.235613425	218.020685253	-2.14445253344
-109.277888693	318.031799508	-9.51297227561
131.223842929	-339.090060287	6.64074534672
248.728114391	-327.168002415	-12.5364918094
-127.806860254	42.8409299832	2.17492303497
358.484248858	337.123397658	1.34422073087
-151.699968767	127.995723019	-1.18662323036
-216.631545424	-339.040351273	-4.0018081227
110.921729985	71.3527765668	2.33933345256
-268.977294048	-380.063188807	-4.99114356398
-24.6592962964	34.3767166743	-1.94050652795
-103.674171156	-183.108798545	-8.19267484142
-248.999662986	185.614304138	1.08520873818
37.8562551204	-261.779331452	0.0591345540755
-56.6788506653	33.1457125282	5.80662375498
-293.750049641	-136.834300719	-4.16057105013
-169.559417963	-269.683588161	-5.0508508118
145.3331091	-143.898042161	1.05363170873
-274.681553575	-53.0141964738	2.81944367151
45.1313832109	-301.908107302	5.42567826273
-312.958881737	-376.996518646	2.06618118399
197.539717789	-270.383046435	-1.97727993673
214.789252832	-261.099513246	-3.74530893969
-316.515952306	-173.864578916	3.68591317876
91.004023658	-285.021702503	8.0910787415
-208.108961612	176.075708065	2.69307718667
34.5633407488	-263.981272978	5.25742193776
333.403644257	-228.304727597	2.60358920448
-105.246753875	-162.547594568	0.161740287793
-25.987497004	-350.102499361	-1.54504435127
-222.156723103	278.19411488	-2.5467857211
-20.5993888119	62.3839157212	0.140666640517
138.280466797	309.042232039	-0.63853526293
319.104209954	-373.315713645	-4.21448947418
-24.0576645807	141.309074635	-0.493544944566
104.545808425	-270.92517012	-1.44096370898
375.530710678	-111.749300117	-5.42249338715
83.8592913893	83.5031571975	-1.96138953088
-71.1146021389	-58.8684150099	9.53327950852
226.545374622	16.9098424499	-6.22924172068
145.07836991	244.304361725	-0.850970762727
68.4688413191	-112.337675307	-5.20092231508
223.112180624	179.019575583	0.759403269899
56.344809969	137.329386747	-1.24826938257
-313.544543668	303.079632356	-10.2109068611
69.9031711291	313.272506092	-0.588828364616
-88.65054424	-331.55576726	-7.86932673709
-357.174388277	193.357019017	-0.817365578906
-54.1117628071	-123.060777382	-10.9021354615
-295.910251615	319.025596957	-7.92883972545
137.120954163	-228.35877573	1.78559885882
324.823801631	360.040164151	1.34893795457
-87.2420871374	-143.597750516	-1.82969834762
269.037409094	28.5714765233	-7.39919773714
-286.133987567	-181.969514012	-1.37588830848
41.8167683513	-14.223913209	-4.36952213961
27.316175086	-36.1023819102	5.11311948959
-123.276837281	299.090431242	-13.8504921853
220.105728131	-314.307726283	-10.5095346783
-369.580227428	1.88957085457	0.258078363619
-135.473467681	-119.832716534	1.20310732008
-35.1879993127	-45.1880531366	-0.417182133858
-149.505040917	6.37706447013	2.30596977773
-266.593249454	-125.014277508	2.19054084381
22.1530983703	50.5116261097	6.52724128071
-117.461656031	169.539876497	2.82637227933
89.2772368106	-175.047332495	4.15613862976
158.900953874	-104.138858076	-2.86246999758
285.649817623	-149.638951617	3.67040967983
232.79648843	46.3678599592	-4.28619205546
293.754103707	30.4842998167	-3.43898227584
182.668587395	-338.203785668	-0.453770521966
-260.849778272	-330.124612609	-4.30167839027
109.423564197	38.0580280838	8.10135502017
-155.713009383	194.740546683	-2.10330505197
156.787003599	-301.911885763	-2.16971220145
-318.332331257	-34.3882714893	1.55743381718
100.140719802	-101.498499054	7.4022246042
-345.872728638	-300.053332396	2.16179329724
-110.51867814	313.878108342	-7.13796486758
292.55065001	276.51031692	0.606509943525
-296.913515954	72.7559556981	2.56242910132
-72.050809393	375.38771376	-1.47653885474
-64.7311600682	140.788108526	6.18174520268
-224.038475145	208.795518907	1.07166993425
213.446806204	331.275355586	0.914593358988
127.42603197	-195.06448787	5.88282617791
9.97237153896	-156.946982892	-3.73981985923
-255.097580127	-332.889566222	0.590987565728
20.9642139401	-134.662880802	-0.671835055367
337.368997945	-231.519178519	2.57841544547
-379.906480497	188.67710436	1.41955727157
-317.072566935	230.141221465	0.700436820461
274.365462782	-102.50209718	-6.35850068418
-192.293315817	-320.696229259	-5.63664375513
-378.218066549	-194.918154035	-3.83675786509
-209.692377073	267.533199536	3.64133938605
-213.247192203	-312.152017579	-6.31548717276
310.679846303	-268.412627024	-0.522390674683
-174.037429518	375.87440681	-17.0596773005
78.913607517	114.806692217	3.84389114208
344.478903391	-71.5225829561	1.46060963852
-36.0777983134	33.1551914398	-0.934948242567
203.481837555	362.533486214	5.26171654343
167.268003736	368.278224911	0.518068664734
-1.41347007944	248.770594453	-0.83166810329
-217.446769935	-5.14812498278	-3.2169073901
-322.444900745	249.716515313	0.361038006494
-156.905427961	-305.52926554	-2.04928975848
169.174532835	63.1073408229	3.01761989073
321.563268108	81.9037845363	-7.00420879431
369.177984336	-37.9214993233	-1.74967396156
-8.02514370574	-163.41306808	-3.75112266358
219.967659607	-88.2805311516	-0.161716249589
-126.3980001	-251.170967954	-4.54399608892
-209.18352604	277.850297905	-0.0204593518573
56.5873059224	-33.0332063187	-2.95214923215
-86.7404589221	361.483284897	-3.60008031863
224.391651246	366.848142075	-1.07588110535
96.168581124	-284.364327634	0.519282764156
-372.421482595	212.67757743	0.769119270843
56.2580042088	5.62251000629	3.414543034
213.962076793	7.80375682503	-6.59463420661
381.883969434	301.019964374	6.74935156226
148.171465212	-217.071994969	-2.53998749462
149.683852294	-297.952918775	-3.17984808494
95.3164373611	193.513143619	2.06547985307
346.386192953	78.489672951	-0.184035696708
-374.557506932	-297.229636096	-1.18071233495
-154.724254346	250.222392514	1.33498145546
-242.508230859	-314.142237406	-2.17350431841
-47.5009209879	-15.8270435494	0.791706087056
-20.1679295428	282.797574792	2.83018803217
-222.824862111	-232.331982385	-2.48408610933
-24.6914574585	190.990746168	0.372003763757
89.4471769108	139.422724789	-0.589570179368
-88.7394202918	-253.470065731	0.403294870407
92.8461677742	-196.100841217	0.3215937329
0.730161394827	366.217214718	0.764945519471
138.385177105	263.310455476	-4.22590826499
193.445738893	50.2142190888	-6.06082642617
105.496401988	-128.754782753	-0.200895605336
-277.981212746	-380.086260819	1.44027392335
142.139440817	1.11601719183	-5.54204294232
8.02807925819	-7.06551676558	-0.517228674344
36.5362135407	-326.32243766	-3.68511151322
196.19647232	84.440809838	5.93510102075
-202.564670523	-138.61027587	-4.88566148609
340.323329802	-146.506582716	-1.33935363855
345.67122944	329.146718075	10.93792857
336.707992289	4.82096194913	1.98999289912
231.402693486	-115.557771538	4.51790126638
-215.945218856	-283.447366384	-3.85410745863
-157.248831608	-229.390298907	2.37138695253
136.634633876	-201.677137351	1.98556451571
-131.591470801	-301.533325464	-6.88841176958
85.4008219094	-314.422508896	-0.600890673454
261.680018503	45.1239611823	-10.0945437609
85.9250249194	-340.992923745	1.34567032557
210.929613974	-379.499639457	-4.06053305424
-25.7339514367	-26.2182935152	-1.04401915345
-116.788495085	52.5817064983	-2.10774215636
341.875829169	35.0862223115	2.68632014502
-107.932547031	376.958992464	-8.35482525179
293.304040047	89.6386469917	-9.63370449949
282.429461998	102.317522242	0.984680043041
-272.416157368	92.4652013008	4.38854564539
206.65711305	134.640369441	-0.216402117463
-224.706784439	-179.211132773	2.58616692219
-351.917420153	180.060997215	1.54150357058
-346.207427559	177.601346473	3.05835419817
-176.404739736	-356.89357709	-8.39121437836
-70.2402346573	49.1011198122	-0.15135576787
-303.51048548	25.9328402869	-3.09838060207
-205.347324159	-43.2573473955	5.00425688015
212.041100361	98.3301726072	3.48877991392
297.087169878	-120.850223219	4.92863913715
-42.5305400104	-70.8566228557	0.313308866727
63.3516497231	316.208698553	7.50617572483
32.8862002096	-316.239081402	5.36588722735
316.558914604	-366.898914385	-0.666605782262
109.149480292	-353.893039018	2.93832725515
-159.756217954	-68.5927733439	-6.62148750755
-257.389265816	-81.7644225741	2.2987346598
157.445367922	266.543939136	2.45976832331
-93.1969281998	-365.322392267	-10.0312078422
378.130049451	138.545552794	3.44699742391
-216.794957451	312.154125239	-3.78522837921
111.720491731	308.610983524	-2.44623118066
168.192287855	-332.838126787	4.32702906787
146.676738724	-1.4554401277	-13.2797917665
-28.0125381072	259.090131128	-0.938832740883
-251.060248423	-270.958985167	0.100006785055
178.96345781	111.987892377	-1.5555345642
-360.70699432	-155.371840109	-3.41934906354
165.713694759	54.2140414609	-1.70633093809
232.505394964	55.9793773108	-1.75830711457
2.0417591186	-253.110087107	-3.1959319657
139.991122457	-144.267339093	-1.02490340617
257.405859421	343.010461472	0.502458139368
-201.613895483	-304.185439416	-2.53519276513
-88.3677555359	-212.311736212	1.62654553336
306.238582134	-317.186914298	0.151534279443
98.9847318464	-153.612171369	-0.358867773327
-81.8524660161	212.77880525	-2.04966925204
-280.879002165	-131.825994616	3.01197853192
-204.478828408	-168.177682604	-5.66906990077
-111.246107025	-201.839697097	4.79588919521
-149.665311286	-271.563718445	2.19608369891
312.277784549	164.080916226	-5.9264295254
-168.230058049	259.151520923	0.279370504788
196.703330287	357.113769258	-0.860195244314
-85.63865757	-85.5576404523	1.62513372239
264.204521144	214.496823532	1.70331968447
-338.137325706	-302.331539211	0.941379763718
-33.2370426018	206.650759903	3.52699046498
176.837987904	-229.609915136	1.35245947219
-167.285214384	-121.015080913	5.15191360189
99.0689248942	-153.298944232	5.30476555913
182.732321901	308.375843934	-1.96629627345
-374.484063308	-310.579800712	1.16621407399
-269.49973681	-342.930427305	1.58880973199
-379.332006664	266.852599841	-6.30650268589
196.568361417	-160.821889847	2.42635344647
-44.7271005026	286.58107156	-6.30521787236
-86.4176437226	-55.3605384969	5.54934535334
-255.248040267	-276.17869224	-4.54773269649
-98.9060909356	61.7794909617	-2.68173939945
217.492877321	-131.704124432	-0.355758703655
47.6577408438	-341.624655187	6.41580756727
176.29712481	-235.226946676	-2.5826913713
-140.420230311	-192.703667659	2.01094159227
-153.00181916	-145.898023173	-6.46457666774
-329.558861786	379.239534632	-21.8205783112
-257.822157415	141.285670508	-2.55414336239
-139.336688363	-351.868861905	-8.90493507244
217.805582424	-229.818318947	-1.31981708154
58.0999936594	-276.76803561	4.56580728621
156.070085549	1.73478252525	-7.77713769807
131.287765672	-233.925687265	-1.82917929552
-296.158455107	147.061940177	2.01472318237
-96.4219730647	-73.3091005812	0.181955617896
-37.984926743	257.408789673	-7.48792838611
223.952943198	-349.477236621	-6.45602055719
-310.442931741	221.090659075	1.67953676214
359.995811756	-369.529102455	3.31308501304
349.484259813	-219.996971001	-2.42190180572
370.882581064	321.083398257	-3.08852018569
-196.055658836	-115.109148786	0.387724923328
-185.660042747	111.378781186	-1.77980319054
-360.447053832	339.788258438	-15.8965796016
323.665960125	-148.134570874	0.655562296856
-181.200908762	146.888165055	-0.220301179778
119.522397671	378.582981823	3.56114510904
193.829135066	-257.906953908	-1.16683047629
-266.053592765	32.3899236061	3.86978130111
-85.3003812424	-3.94459113412	-4.25420902372
213.380619926	-272.204622266	-6.80520454665
-16.6767388977	-351.151500762	1.18272578335
-135.063711309	-0.205011604275	-0.0583581984673
-3.67216671477	-88.6409635534	2.81116537476
-133.663513314	-257.344949923	2.46035667734
-237.606203266	-280.103882696	0.239063059451
229.078759877	-2.13984091855	-4.72975831875
-185.592390886	347.551082179	-10.9563664986
25.1263674465	209.520803859	2.36513723444
-195.781364054	-37.0258023521	-6.26112401183
167.350247652	-26.7065061008	-1.47473480322
116.496223642	109.585622895	-1.96576666357
-345.706681429	338.11874238	-14.3121774341
-185.719478874	-246.159762893	2.76322942843
-28.5489518407	-87.690560156	5.00884402657
-292.950857013	98.9858040664	-2.5340815581
367.367261095	106.048089951	-0.696396169313
153.719426074	185.644631494	3.6835806059
98.076392571	-377.429094003	1.3399807971
82.2324761317	-147.937639933	4.21739884688
-334.86663449	-354.576010293	-4.47561243767
-296.454052402	-316.478122875	2.14143811281
-196.082924056	150.57748949	-3.12800416275
-164.622004876	29.1676541461	-2.87386184101
-148.217065221	89.1038859702	-4.28801028393
151.479976975	7.32890580594	-9.57562148684
-135.283884186	210.186177558	3.04967902346
-379.119100664	248.535870238	-7.33576375586
-334.818532097	-359.274779895	0.0751267104491
-252.4903625	4.4423560771	3.41247605723
114.931455334	-172.475215759	-0.663217689797
-72.5536972169	-321.831049585	-11.0276811286
-117.57953027	373.251247236	-9.22974044428
-235.443253208	-355.786630715	-5.05135525563
-202.047541892	-345.375720033	-7.78725857336
73.5575683285	-330.346511674	4.32571641553
276.900599235	208.305462178	-8.5390689779
119.046053663	59.9853974965	-3.47758028029
78.8954824915	-313.564315185	0.0163299468689
181.287631107	200.871118131	-0.160952177699
361.024197325	353.135780679	4.2256001814
176.942754478	181.825103066	4.47319496843
333.019161204	-78.4290851695	-1.87728517279
-274.125517423	298.554140116	-4.73188636653
-90.7142798598	-332.908372699	-8.02070522237
104.737048668	369.464638134	3.39746878316
-83.1340296824	-63.4883002661	4.62699767248
-104.512235779	9.89003965692	5.27857971847
98.3195000057	-312.252242265	2.02969542309
-212.32157403	-7.24919400686	-1.42088608252
-258.147770211	-285.223464605	-4.49979242877
-130.645225183	157.187029463	0.287701196494
151.422984677	52.7557518211	-4.73948910835
-212.658657858	344.711404315	-13.7496981916
55.1648654688	-348.401547694	3.13759339111
-29.9690421581	-16.7855226804	4.04204162133
237.705443892	19.3696030898	-9.07680560185
304.480381609	357.977876059	5.78572971038
-248.083686923	-198.078332376	0.554320349413
-45.3526715239	226.8612681	-4.18181352157
-65.0528903782	-140.999013848	-2.91223173031
-318.347234341	223.007535406	2.94773576722
7.91896265616	-375.940951006	-1.31679481834
79.1383986865	306.991533547	4.51285879772
20.7236416675	47.2214233101	2.50437197424
-204.632984164	296.544791128	0.0271326741331
0.785913811324	274.224973865	3.73740438596
-21.4369385929	97.9977748494	1.02325035662
-372.276216406	282.547178756	-8.86477584954
-81.6367299562	-298.06976523	-7.41326934237
-202.144488161	-273.791682633	-2.99232071195
-132.543480321	-199.364777187	-2.31043249374
300.033820344	-350.371609954	1.3112642544
-341.375090658	-157.154191567	1.46532010746
190.54587622	-39.4302089222	0.563206859638
171.204862195	138.847488691	6.51420576409
-155.146099566	311.424310292	-4.54784721076
-88.5073487001	-349.309788776	-9.86295524228
207.32102372	-136.125689075	-1.50589404669
-308.852255201	-234.965435247	3.28884736986
-293.704745425	150.591817743	1.0814442445
326.838777753	232.145565447	0.199370019945
130.409154422	363.447922948	0.592328200278
-152.409018457	228.568085136	0.605395280706
30.2457575694	138.855511743	0.698477976074
371.925784334	269.975987137	0.0185287473525
-43.6957961205	354.611499044	3.00713578193
-131.972853748	-163.999824957	-5.27931492728
