206.691436784	-70.5894391807	2.30101283844
-434.557059722	-189.890639315	9.49665575138
301.447342592	36.1475782993	-3.02279675248
296.060422874	-2.23497800379	20.2926917411
-210.411635755	-426.734938379	11.0286870818
401.242525798	-116.482719965	9.44018183617
28.8232348386	89.8961445859	7.15956278161
236.239424549	265.725709356	19.5362158362
212.964023742	159.483304762	9.9338829174
-10.1146918917	194.335818666	7.21107341478
262.577359017	398.229362724	2.21773017046
-259.181623419	492.800990723	3.77274555941
-490.892090429	-428.591598156	14.3854125376
253.609335141	281.595638818	12.2107431567
-77.644691811	256.954497459	5.00044347879
200.240925288	-60.7114122655	16.9017982326
-270.117531036	204.971480963	13.0627483966
-404.255191712	-23.3486494113	4.95309194633
-296.252481966	-391.024987712	-0.499492009437
189.659681007	62.3465242434	8.8738350089
-393.129186136	372.579451337	-10.3649950135
-190.806267109	-320.419206151	11.9935261223
-224.018248011	-106.706542069	9.59819993965
439.714624408	418.30886426	68.5828544066
183.727143879	481.051824953	23.8995615225
375.392775066	-91.8265205902	17.3604899149
-31.3110125913	-500.333665752	18.8767937294
-284.713056303	-366.208851667	3.79000774114
-195.935367235	-465.678106029	-1.6015122731
23.903218308	-198.83198397	8.01443300757
189.180167029	242.13424216	17.3033565165
-459.041229082	373.623752413	0.71238048782
383.76079444	-92.6331730547	22.2600882053
-220.246290424	-232.917504558	3.9213757743
-121.436055472	350.005611466	6.32392126721
-56.5775852808	-316.229694771	2.16099292341
143.430155114	438.757379001	11.738838662
-389.703117696	330.340369866	-5.92737654484
224.528772866	230.668692163	5.96567738544
-97.8159656757	328.238452614	8.41260252697
500.105949612	432.062841972	94.0587546781
-294.44215842	131.463104674	21.8276832151
294.204221966	-43.4220820632	20.0228903792
231.7929845	484.843740859	28.3601540172
-229.95380144	-111.818420833	4.01891326058
-245.718377117	-477.390491669	12.6588590191
-382.217139445	-416.717616042	3.57735086493
402.573370003	-195.880443538	11.2864695077
441.550241651	-245.807038106	7.15735537046
407.574113981	424.871847363	57.7943623289
119.185750711	-403.887284412	11.8047529937
41.8337462756	-193.858683113	21.3539986227
-176.150410877	-242.979839801	15.2298044185
-425.741457058	222.139023881	9.51552244921
-204.65284835	-423.780591968	14.1210547615
498.999713202	-444.422583861	13.6473785724
491.029606002	-81.6572442573	19.5949698984
-292.834907077	188.027428273	7.87564930974
-401.496613221	412.101706682	6.44655645519
-417.387857814	46.7914478814	12.8636008551
42.188103953	-388.64179518	10.2601674673
-398.394927814	-199.852988813	2.69839608573
125.280577969	-349.927290089	20.7356203615
-177.144942388	-111.932149139	8.01042731736
-167.116280914	28.0874407718	3.48591218618
284.256979989	-481.069355891	3.0118872035
-441.960371655	291.324828596	1.41033016843
-215.005737912	-250.836284566	12.9466324126
504.104210469	-325.003250482	2.51154765579
173.428098266	83.2121245749	1.47929068132
441.64353564	176.343356049	48.8179652111
-107.389702125	-302.382921047	11.1628437667
13.6089043539	483.217456006	1.07557710901
275.7983901	-209.636207522	22.4593663569
-39.9166424289	185.696893274	-0.396716810134
-55.7864547423	460.878541273	1.25526891901
-110.925821707	-130.458008606	-2.24496975129
243.056496209	-128.749026984	6.08791747805
459.195457404	-470.621836287	6.28166472371
153.614074973	-189.523058418	-6.17049754586
-281.469243802	-469.350251447	6.0429595553
239.466720462	68.5373358549	3.96675501157
-427.82215848	-190.80017337	9.76824095189
345.668628609	-201.682541407	5.84911133948
-115.513007623	-440.800254811	3.97853839791
286.286646592	-99.1347697148	-5.50791789633
90.3312124912	-166.312049541	13.4223106316
-352.248719869	-183.241422288	12.8367227644
-479.205519023	4.66656076321	11.4027984751
408.58859896	-307.350308735	-0.292343430365
352.977786203	11.9742041997	6.89980281665
50.3072623386	171.176671456	-3.06008188783
348.275946477	428.098602013	46.2525828219
-446.193559981	499.865548539	-4.78486093231
-232.410259175	310.460784837	15.8366043346
76.0865074953	61.8944038867	4.08389253157
137.168281082	-153.868845	0.505440077746
141.742487306	7.95959203038	3.78394501898
417.114088562	343.483649446	44.9689231117
-339.86339234	-25.9596015857	12.7678361722
-199.092533112	502.519408792	9.53067024559
-358.980347918	-99.5469003069	3.72637959505
-254.308714274	207.897248715	13.8728010696
-392.194569796	-117.127489099	15.1834719251
-486.882467004	185.125063251	16.6618541461
-421.483676905	134.510031731	4.07559751546
-492.441407339	-444.186332196	12.9137830192
-26.7166952132	83.596249691	-11.2842225656
315.623027546	-93.74841567	23.8720003108
297.49674538	-282.334725147	10.3992842376
-415.653312833	205.109100846	6.87536886738
345.478805993	374.454592894	26.9897095643
-386.211366731	-463.930314458	6.00976406807
-50.1273123489	-227.050862888	15.009424318
-333.136168168	-170.919483008	-1.69147847784
322.638833559	-205.112143835	6.46823774818
9.59059074008	75.9426100976	2.41077573216
-316.684399843	386.902484	12.0840317095
346.784767149	-355.424106011	3.01268319221
-377.639851347	222.856425606	13.0427008159
99.0765706756	455.008797734	18.4095180207
304.119073176	-10.2930834277	15.6666303182
-193.142125791	483.172587958	7.82641665412
-253.527761389	37.5100851009	13.6601147806
-118.817177576	-124.579158712	-6.93694421599
376.391546251	380.36030558	39.0411173652
83.4145746782	-252.409933529	27.3883381875
-287.370266152	262.844194423	1.95887231543
-325.040451918	364.002748327	6.21569453654
-110.27046685	-24.8822064957	14.3393289258
-490.754500428	-144.969454554	3.91894939323
282.1712933	-233.481447643	14.2485257107
-38.6003483636	-268.031291197	5.83429231521
-185.903656744	-231.361642801	3.97378010074
-405.188401996	-490.019609775	22.3902829686
-466.40178052	-323.589476602	3.16390709188
402.878120856	-502.810916737	9.3015496482
17.828307961	125.94634968	0.187687494994
-199.51068269	-133.92604345	6.60718573335
-463.961324067	23.6450612089	9.25080747905
435.026918796	339.623632968	55.2568338237
-485.705168125	-122.647898748	5.12435246618
-143.120748314	194.532872923	3.48905787943
-456.088389608	279.557995506	1.06893873487
305.813489839	-330.151076102	13.6008445758
-86.1708830143	162.888890327	-8.81693057859
21.6953120974	-201.097585568	14.5334169034
-341.966013091	181.167504286	19.4704208859
91.7237175945	-223.800515233	-2.57351072798
421.299108546	-384.632104988	2.99595342395
188.329054981	370.566128018	13.9350407371
497.988077149	-499.242617011	12.9597843136
279.672902947	-91.5812211146	6.55322298856
-418.447925594	376.095739102	14.3276991696
-12.1009192309	-287.917629952	12.6188653067
430.184850714	234.536595778	42.414569123
438.05273446	-463.041124603	1.50391791408
-159.66532495	259.553558668	3.25489482303
90.3889990506	185.400311667	11.1745449507
-368.67763865	-56.8748191226	11.3132772333
-92.0135273376	422.546100902	11.9506256866
-373.912937046	363.882039109	-6.89026911015
271.164462529	296.664881396	-2.26657315345
247.652746573	379.335168461	13.7056533051
376.935426911	-140.832919769	1.43794413363
184.739661706	-159.281187796	3.36817263457
449.488342727	312.30701121	63.931326052
133.128626151	126.585300784	-2.90841912247
392.418488496	54.1785576114	21.5806554596
-369.757283773	483.760554665	6.90263452735
132.103588436	39.1030189403	2.16038895289
-50.2448262303	421.621439748	1.72645964561
-249.608170197	-329.02781702	11.3051492623
468.610172605	464.937588924	88.1399216118
401.930598071	475.099882326	70.9523578761
177.142822483	-9.08991061564	2.46982872501
-265.142358449	322.702014071	10.8430291925
-66.9945254979	-60.6763538852	1.06238787106
370.797003467	16.7089882672	19.8606751863
258.521408398	365.988587401	13.3898377988
-395.82858962	430.493499445	-1.46442439457
12.2591404891	216.79717811	-5.44736602833
95.9506447875	-213.342297639	-2.82620828713
276.490779783	298.660564356	13.7166675116
-467.726730318	303.619391953	2.02561834954
240.682190227	-23.9444486204	-6.4300162643
-269.237660264	-161.710201513	2.85457431526
-149.291284867	482.591318518	8.3307383079
480.485216752	-216.384553752	7.65185913202
121.223321883	103.566528407	5.2283332116
104.686641519	373.40648801	21.5792913786
-123.520028613	391.85498834	1.83980929225
-434.754512679	-264.693427677	7.00572205424
-32.7811059845	-459.519300481	16.7078324321
-177.62280228	-427.22808421	9.5215000077
-486.180581695	470.771850679	-3.32997396233
-454.457126124	437.858166837	-2.53479391432
-258.656011774	-132.495815998	2.51373570642
126.161036539	302.903793297	6.45876025787
418.150423046	-470.251704456	3.88078154995
-221.055472711	-243.539219677	20.5605141553
32.0903232273	60.7343939052	-3.1211915708
166.902866057	166.057125188	8.7205027946
-116.477543625	-418.322494872	-0.861099948903
-303.180129697	-149.818790215	8.04068791845
-422.727499804	303.577166216	0.509336393095
301.631576147	-484.007791625	3.69076789215
-498.169472743	327.214998996	4.30202412681
404.991030864	274.084993784	32.8167076187
-162.504940587	58.5677927866	10.2437134085
215.81730049	224.590941214	12.2811423602
22.403999349	113.754957511	13.5241210441
-27.422148235	-272.7284171	3.60836349217
-196.718331812	-250.276492866	17.7793720636
93.7034515289	-297.965062697	13.9856593772
408.315591834	-420.735274397	2.47431998167
-151.18785926	-85.5556401207	10.8608924049
181.013369193	84.3859305721	4.06929274486
-502.330144859	264.08657627	2.75046329183
-407.406537733	401.936143555	-3.53656143046
292.720637467	-144.946982394	14.0797244354
-450.494471853	-338.761732163	1.00720939387
124.851717989	-126.85272512	4.90307620718
-97.2701439681	273.513194073	13.3310673581
-405.569224682	-343.924640786	17.0648015206
482.342940321	-491.814492407	3.52878097816
218.928201569	-340.080397904	12.4470617143
-161.812793483	-52.5630747964	-0.108141844818
-80.7855977826	496.710972003	-4.08746510767
-305.786292358	-354.890664597	11.7826608123
-75.3039575259	-320.394595356	11.3334794475
442.14039391	7.45691503584	37.2093539899
264.763427259	334.01830642	4.62796126239
-149.193459027	477.300532744	11.5288176787
54.6259159188	306.191159032	1.96790788973
-10.1773213718	434.625470876	12.5195315436
-412.497255345	418.938247853	-4.3211391361
-397.58841738	-322.071092811	10.7801271398
208.948301877	172.667051929	3.91226535646
-39.8721527075	-350.010043565	6.35470826465
-393.211679647	-143.628604817	2.47475822023
-314.588715877	-25.4538319685	7.81891290272
355.9609065	-431.798056976	6.9746548049
54.13137894	419.24588653	17.3486050585
472.207270697	-53.8036107002	33.536772345
416.551813725	-310.297149071	8.11413260752
180.185260271	-345.144243446	0.0425172136036
-357.694946144	478.967756803	-2.69520579027
61.2374237387	240.371859486	3.22022335896
263.509726331	-491.034254861	16.3769670468
78.3680177114	333.227983866	-0.295557598001
-445.896820739	198.66627656	4.67381511618
-38.0747997689	306.984724068	10.486858448
300.736796426	-183.610772503	12.2872951771
-262.70690221	168.824201186	0.682557595138
232.150421554	-220.212639755	-6.00248505262
-218.128049296	-484.985959547	2.95046085783
387.317486163	-371.273641148	3.4449961694
-107.877504012	-29.7113981059	12.2789633909
395.260242764	-349.577495622	10.2251486993
16.8343669468	202.761653988	13.3402614709
-227.817851927	6.99077052262	4.67688089388
-88.4835515675	-218.71223618	14.9192421656
-473.552137932	236.769713582	-1.86469859811
-410.545473209	-235.536774419	1.80749055795
-234.512268884	387.009548535	-2.04639846171
33.2812208443	-16.0708366725	-0.577511541786
165.404536871	-127.253023211	2.6108638985
-237.540765884	-329.678353484	5.99219983687
-352.22863821	464.011520332	4.38248037344
-3.25802979108	481.951557617	1.72685393678
378.733193275	-224.401176778	22.9851447749
-313.730109812	419.886975542	6.27373067914
-384.606079386	325.076929234	6.16266478518
-307.721614553	-253.792307419	2.1284282284
-307.119915703	-165.095547803	12.1485644975
-175.369069003	167.223186748	1.92172583709
-199.283590005	179.643286353	7.2915401722
283.687902121	502.72602249	47.4848105235
-212.043817242	-48.1937266958	13.8960980623
432.832303259	-327.744106835	7.91257827173
-440.084498565	282.256466366	4.91475455983
-241.172847219	-284.731018761	4.03308252192
-215.549470681	-183.103803352	7.87262637725
-98.1173355588	-357.662348089	15.482673203
420.077656349	-306.27386886	-5.29999905017
-253.345714144	-312.423342813	15.2495137319
163.744964471	-383.888606417	-5.21824274981
-215.314955932	-204.642007296	5.97458215577
-206.231281397	452.632195791	3.6173002501
57.0578834503	308.302862879	5.04138885915
-388.175149187	-192.373018403	2.2173572017
77.5751942873	-153.12498102	4.18856533121
81.6475266199	233.887082752	-0.113624876581
429.215947559	-464.155536077	1.57033522178
-96.9940729424	-138.090400169	-2.77702535686
291.226968931	15.8662619555	14.3367510421
-496.986236282	-327.187960925	17.8158836035
-316.144090458	-335.152483974	-0.971652941966
189.604013997	-486.304307174	15.3148913705
199.051913369	-360.636824614	16.3260010414
269.853691871	166.755822041	11.6165099977
-395.713055091	356.783268123	-1.23863538875
197.389085911	-374.184963153	16.227189568
393.333349762	386.081521522	57.7104435219
501.58806663	-117.947385418	-0.348322450778
473.372464246	-232.232612892	9.83545079447
50.8258022485	205.532160265	6.2239270961
12.7249133141	136.146791973	12.2907879104
64.1444421792	-211.548352217	9.48120005605
-457.782349344	12.2372306655	3.1208429342
-293.665752071	-421.56470157	7.74884351883
-302.326615477	163.813717255	19.4065975776
155.867038464	-297.849546483	7.32568534856
448.82363259	263.349655455	47.990486548
135.813094708	216.651823214	4.07207758039
-202.912847553	96.029962295	18.8153335782
-478.067163213	39.2983215322	4.55059019699
-411.91572229	-61.96147822	0.465523306582
-3.12277023544	207.745857016	5.29217648868
-455.825126932	-383.730808751	1.48824900059
-81.0299644284	360.849535501	2.58143921674
464.513520246	409.284382378	75.3913451289
-314.960113636	-174.53973665	15.0447136501
-298.706554418	340.500182718	0.326532189259
-79.8538519304	209.421639649	14.1525380296
-460.322496057	-312.271721072	4.38543053999
-482.094829756	-29.4436684309	10.6596265796
446.03773175	129.486062	49.3998590856
314.171851701	-199.514640537	-5.46197213575
-250.267647781	271.708960012	9.83497190945
-41.2408706623	175.69679468	0.274735513039
-79.7851604478	-498.165037694	16.718491104
59.9369636567	303.306409735	4.89751408087
163.83231477	134.847063419	9.45916046648
-55.234378418	-20.6719089052	-2.68428892506
283.294159961	-320.207419051	4.08817570701
-358.69480867	-388.227321177	8.41936550702
-227.466212961	-350.892360271	13.1287245874
-115.954894009	-149.245987184	7.06832855502
287.727506824	-99.2417874343	14.0528895455
380.846618213	-2.01692027807	40.0240210905
231.964220888	134.289821846	1.92078405884
331.002546498	-382.551125704	8.94352369904
259.701678643	-237.211364025	-1.23328196709
47.2894751906	65.3294751395	14.0735323118
154.310900971	-268.163342245	1.10099420101
-411.285615825	211.935490879	6.09818701553
-428.362951735	295.246087655	-2.35929268687
126.608629662	-256.605198288	-3.86443346805
-375.324602156	89.9265251656	5.40565096123
475.350238622	-123.855304438	12.8946172176
85.9380739617	214.140038492	-1.55365761495
-317.253187671	-439.0759935	4.16069666278
74.1533197095	483.885596732	18.751710591
430.950184849	-152.094192207	28.3569114361
-302.642932967	-390.07535684	3.55360393684
393.204774429	-263.614498081	6.55882888559
-124.123550822	-15.9992104649	5.25338250724
-122.226917938	-213.041630984	9.92775319054
366.319362273	62.4748389838	13.5435519981
-373.971762425	-310.566341434	10.3334746367
-352.067500176	136.008054337	16.4186867035
459.213085676	141.107551141	60.3448548964
183.276780802	458.857339177	13.1032421812
299.661708906	-322.26495026	9.0073405812
81.2058304854	87.6576830226	1.78579867952
82.7998466398	388.754517984	3.50836218364
482.738896552	-243.571229271	16.6326166058
464.935632087	-179.564445634	6.22836871775
-316.07222062	-4.66054444538	3.14332791611
-448.922059714	-285.009699038	18.2548729882
-118.615096346	-374.774581146	16.4202851992
-32.3675768485	-440.475189834	-0.691664681494
-266.250195519	-381.050195422	7.95029510779
59.3223365742	316.130336224	9.32306727743
453.766659067	485.314077363	81.0965809473
-233.211143775	-251.250284784	5.7228922859
107.635901874	-178.992421842	4.80796826996
-192.979417107	-68.7011097616	0.280543588096
-183.667988975	289.766501308	3.97839776977
-315.841490701	-373.473767073	3.3363578228
256.248777902	156.552531877	18.5387764164
-101.868022985	224.737623373	15.1862206926
-451.288670671	171.571743005	5.46286628402
-373.543328225	403.886014625	8.83669097819
-394.129485882	-88.0539596565	6.17283732552
354.497140467	-411.70120653	4.32605171379
253.384712234	-110.813843059	15.087296543
128.48562775	-325.194464058	6.71833584823
64.5424199072	286.30521842	13.1172093304
-197.97159321	440.512440964	6.68879436604
-345.356252348	208.772960254	6.26500979958
-223.435153623	-408.638595876	15.4389133778
399.703849304	-326.360955457	-2.78944116754
-29.2711880024	-210.204530332	18.515765395
-228.167135488	-367.551892981	5.32448022955
-201.271022552	-334.24690611	8.62659494224
-247.675938056	283.667654242	-0.424980391346
-290.869454088	-56.894893267	17.9013557057
-111.457373314	1.30408308927	-6.27579873462
18.8479768271	-187.318082117	10.7956107537
-278.769828528	-130.953276211	3.32487115262
117.812574431	504.569564009	17.4958179563
-476.174470214	-131.21668315	-1.15294925577
407.855382192	-282.479343768	-2.45258318098
-250.873877172	293.966472979	7.87866328402
-386.943388241	136.926470422	17.5467417315
-231.41402595	251.606469541	4.84759609547
404.605175188	403.885567201	53.5054997167
-267.267440682	268.814909952	19.5484084007
12.1640673908	249.819281326	8.24570703166
400.583488524	269.412965612	25.6324609921
-195.826927989	-484.264756814	21.5244205027
434.068476826	-432.623454911	2.36361780966
375.863114377	340.598334679	39.8559970794
172.766704663	201.924634349	0.778385596948
-343.154000927	83.8212384572	1.21063575606
-324.194564455	-207.028070729	-4.63800039127
-335.175466672	-67.1280816946	1.32718487915
-229.728792552	-385.269975012	14.568282848
54.6710120295	340.975370528	-3.46782211071
465.066895581	-208.699902941	21.0297843887
57.1628552388	-358.391767944	7.16129599906
294.588418495	-329.749064705	4.94777893771
-343.078194	395.299858734	1.65992729476
27.4536076012	136.992258773	2.94931369497
-281.082290144	397.037538023	13.8467756773
162.880617776	-106.021447526	4.81472284767
-143.98753059	308.657905417	13.2205588033
113.019277914	-173.527122484	13.0781914844
449.638856226	-1.06371222509	41.3043397785
376.413828869	-3.47955609546	23.7521698797
453.108150386	-238.256907916	-11.8255701922
426.800012726	145.238285971	51.8933705621
-353.275160282	-35.6497848785	17.9629658799
-139.481775909	468.598378094	11.1919995242
-195.531996978	-398.13913926	3.05151256737
0.86570610975	-425.45220526	13.826850133
-492.941372341	493.259765536	5.3978760168
-130.280904991	52.839859756	11.4965755811
454.483932397	379.90754922	60.1285509354
-179.676253678	96.6039877567	-6.74185241614
-297.594494398	148.263531184	18.6616967088
-254.301848984	-174.552812284	6.57203813542
209.738037692	299.649285097	23.2715554935
50.9913235016	310.423520384	11.9467830055
-365.607022619	-481.758755866	3.45279436769
284.774995522	270.516329154	0.348118427088
2.7553638894	-219.402803953	17.7894459778
-273.664553165	-416.585073267	4.08773809464
-347.050703981	-256.412211376	8.49116908599
217.033579136	339.356319925	3.99508895333
-131.931547524	-261.568177492	14.0143486843
93.3714128583	-46.5465526464	4.39902929572
12.1550372177	-251.327644418	0.43025156472
-73.0452639795	-65.7106090051	-0.549577181282
-103.220596988	103.500409509	1.51798399456
182.210074743	345.460392977	12.9427590806
202.454717184	36.7316722676	-4.39165663731
-453.703893144	390.38709638	-7.59006992486
-232.146913426	-314.688213853	10.5373069825
-180.119097457	257.055014237	2.00682849885
-491.392924786	-87.5663144072	-0.391578659891
-11.3241218676	286.471555186	3.7415783584
142.340385359	84.0519723965	6.36564787509
-202.738555235	394.37502411	10.278538314
-18.0852919518	420.580478961	14.0860035643
49.9895693856	-212.645280353	7.70829987197
-367.157127005	125.530739389	7.08021158951
-103.4973786	-304.498407019	8.60316748472
454.293241319	-283.566670073	2.93724247594
-150.997176261	-24.1824397357	2.91004850662
-365.990409077	70.7936855816	4.06354929919
-135.162859139	247.742541751	12.7131061835
-420.236145701	374.571412863	13.379000658
346.439052109	463.047752126	47.6965249632
-290.29578193	-499.799103468	3.47046884937
360.427874556	-80.8668529193	-0.192269379229
-157.679723622	426.686737341	8.19859046022
381.612275357	-270.626958213	13.2751640428
-213.835295592	-485.2854906	8.34822240331
194.531210967	-482.584215309	12.1317280101
109.06271333	0.769902753676	9.42751595225
295.637471481	436.107001914	34.3144140358
-411.619679612	371.404569389	-0.569784931117
478.03158648	70.9702588123	45.4963629437
-126.557998766	-33.0505656061	-8.64436850119
280.104251812	91.6341551051	7.13793338755
-161.404856508	-388.218913596	14.8085174886
111.520567953	-480.017470886	0.371638800079
-102.037669009	-60.8785175723	2.7655286578
336.817020682	103.861140659	0.627371085968
-134.396336231	-224.947698263	5.66342894664
489.052215668	155.811752637	64.5644762575
52.1088183662	475.766570801	-13.3001469716
142.152093914	438.824128166	20.3748496519
134.854614659	-137.876148365	12.9603626476
-258.355946232	77.4284924905	0.817217041883
451.397777061	-407.157935761	2.51517659909
187.454400069	493.992708303	26.0957209431
-47.1225683877	-398.739867733	0.501171168956
-459.363794204	395.84483972	6.17559250297
-375.166879145	-364.188960858	3.80121237162
202.944290902	85.9662156853	16.8390412079
73.0273098946	-234.875380301	15.4966763934
-147.189479279	-350.088232093	9.80262439693
-140.89255705	-292.892463149	9.18001267517
-35.6374881714	105.619062339	-4.20382897438
-318.974700948	241.019730466	8.17018025831
-165.163474186	-33.862134662	14.175708906
-168.118751717	-97.2907883486	2.97435751474
116.914103535	-500.817356354	0.751651460762
-110.026053907	-68.9531626066	-2.00648523019
98.1605139797	-370.660449321	7.07716661709
-43.818031588	64.9552754001	7.70297675377
104.70392549	484.251577278	21.4845850802
395.178427104	-415.54455712	4.86877521131
-317.362228532	-28.2653905363	1.96819806692
-414.968666611	442.310865343	4.54486815955
-140.782483529	-378.84050259	9.71527374399
-433.769255002	207.739814236	-3.87206660645
-242.852170669	-471.051648559	0.0116928833051
-478.697375675	-43.3502338404	22.3186507332
169.786013558	267.926376666	8.67069043172
-249.422816202	-22.0512475494	3.84473580638
23.976046136	330.285929405	19.0981424627
-206.234075429	213.047250957	12.7999312146
-469.819738296	-405.730211212	5.18505207459
-423.827177162	88.1167694224	-1.13610559352
-184.063594286	179.488957101	6.38299999046
-3.13061850147	475.039518391	-7.29268141088
-430.12699318	174.782374724	4.71482249328
174.426822319	486.244060987	10.9960814513
-83.0996870924	386.704542706	2.04288651622
294.992376071	-55.5695217053	17.6957425416
208.016393042	262.323671222	16.3670506508
-306.306365006	-5.00932350951	3.56519379946
-481.776808252	133.223193763	10.405422998
171.159021434	420.401604764	10.0090000055
-99.4109831212	-182.676678551	15.2472199957
-374.867278873	-356.642020813	14.0746570837
372.998406066	-256.565225738	17.8805048118
357.904005914	451.016214675	53.7066024181
-124.052821354	66.4333369078	-6.80947189411
337.370770179	332.326250253	31.5909876618
91.9942161631	478.758746267	-10.3879993992
-23.3917104201	-371.514259861	4.36925170434
65.8452493922	-188.102974979	-1.33375535755
135.756806898	-408.374259314	6.94270923131
230.767458011	-228.611136024	28.2353269971
64.5285436033	269.96902264	9.13311140704
-471.80512233	462.572668949	3.47935884226
422.300664416	-315.008299729	13.8655695129
-463.877516777	340.328612373	-5.99987610071
145.427937554	-181.455202526	5.42255787943
-368.26867451	72.4762785925	8.11141781697
123.779045188	267.205191816	-0.457381678103
434.735640586	-259.992080265	-12.6250163085
-22.8466228417	109.108886927	4.60038445005
-154.017077674	409.908660308	1.5751966704
178.542865868	-472.306197032	3.88675926672
-192.023707517	304.686120808	-0.374904973334
-338.234550102	313.88108289	9.77052016542
-465.770073381	106.999035829	1.02940326976
288.407911729	329.861540273	11.6649953593
451.755895016	-52.8925431552	30.6577539882
-375.180670978	-496.298002658	12.7086684314
334.613254726	35.7442369858	6.02050236819
-340.683603571	-333.318456081	17.047862615
367.905475043	-11.9924454108	17.8751641911
45.1925499109	59.1108154791	12.5554511562
-229.486979227	455.259875113	9.87152546114
361.033420035	51.0687066792	6.20411372661
-232.728335399	321.428686645	11.7708561556
90.9285717388	488.185188647	-9.40613235478
270.393883577	-325.080424756	5.22677522806
432.377640501	343.61879906	56.6324233737
118.869426699	246.209969245	11.5398297324
369.403429744	163.627736299	32.0327104698
-76.0106969978	149.511006485	11.2806435572
375.563288473	-179.982819685	-2.01618436849
-267.80330499	455.264404704	1.48357981824
-232.529017434	472.069702552	-0.90654781567
-293.651233571	-350.081461571	9.27479013556
-59.3568756579	-55.892631393	-5.34889749582
433.079053396	-69.4988858251	24.2413876265
-122.792693159	158.655359727	6.70619667581
268.095412058	-54.7477487058	12.0139654808
-128.217594555	-503.801180939	19.8478026902
233.361996083	-494.403883935	15.7749875444
-304.506897453	-121.636406795	4.74799615392
-86.0423047313	-88.2815121655	18.7043763285
-2.99018933439	-319.339482132	3.60042949497
-114.004872923	-454.469498886	9.2536358014
-449.239478518	-326.962619341	1.763082115
-190.449485538	-231.49587402	11.8571362695
205.486088917	-361.201424337	14.4471282662
104.785823071	87.2542780353	9.73701664378
315.653933161	-501.848371693	0.266508421679
-438.846888396	-414.207190602	1.44653562206
-113.555110026	-35.1086862115	4.43477837271
-134.423451235	-416.108412366	19.0222872905
-14.3335819081	470.167640152	-13.0383601893
-176.072624804	-354.350027553	4.40424743094
403.701274431	196.007060929	35.9644636573
-481.506704951	45.072450596	11.6618369041
342.018346836	-44.6575099008	25.3144283237
-447.475890066	274.112697824	2.5241207214
-436.311856035	-320.895556392	16.0831597524
-324.490644025	436.65367251	-0.512185165168
141.754977796	-395.081794993	21.2097797088
-44.885828264	349.348935146	20.0970822292
-254.576074507	-373.74155987	0.77850268534
274.409304996	63.2745963937	4.53004368564
14.4181638493	-251.069393235	20.1255980807
246.810456577	-364.471250714	10.3104493522
11.7166124731	382.848229593	-7.2307669094
360.47748568	-8.01773132198	18.9348553669
114.888473108	-201.814422257	22.4280037361
444.414992831	-97.657230651	5.01713475126
91.0364985053	-388.530694995	18.2827822942
-223.30458096	-107.578106481	10.6364772253
190.750151202	2.58313950935	7.87134161826
133.243215713	350.291038512	15.1519744447
243.096554903	25.5119212557	-4.71693991858
-331.871817711	-3.13693139335	1.54236964562
-154.536968557	-294.815546028	4.77917528618
259.936890994	-320.846972731	12.4791831105
72.4278622226	473.937726844	24.4595615653
214.874024525	-503.386191458	4.22451068652
55.2403817156	-229.828825675	16.8021747059
-281.434440779	430.654798565	4.78152709037
75.2810109336	-2.70125522145	9.57036813656
-414.982527719	-431.526330201	8.49954205993
-8.03681415686	-478.590545543	13.5885784727
-406.047153855	-192.573575194	6.54875431908
-359.124875809	-1.03571214442	17.9511775709
-413.598579196	12.8701159343	1.80473993858
146.051035062	347.957084272	1.55322866467
-494.578213032	180.749250138	11.7914575727
-328.890993745	-107.671691853	12.3371260374
-380.353125726	-365.384861215	11.469486612
490.771370641	-490.976215715	-4.11480045984
-295.51964289	-45.8496004004	4.62112378008
-330.996264786	-336.374242832	12.4392196051
-197.908623641	-160.247680073	0.619630267965
198.392274377	-418.543876199	11.2190455972
-36.7845362164	-303.137861279	-3.6161670686
415.900926919	92.0371625056	40.816883679
500.094679171	83.456668981	60.8767053632
191.133505032	468.859881817	24.1421077718
-165.098050664	-152.787559696	8.93140748609
-268.476669272	-437.098652659	9.03039396237
298.64872161	-343.112804522	8.55800403069
-232.472837088	126.260566177	18.5531916517
-310.005998581	-341.526070345	11.4349907202
-29.9719086347	-228.290647964	6.22182482341
308.076182396	-471.294551926	6.56424405039
-106.048642195	205.990176929	19.9029271962
-147.498180356	-158.797402068	7.6512942348
-43.0911741871	-409.73372583	7.31368285444
155.768399855	-48.2363191668	4.47326944342
-344.320311921	77.587326535	0.127315326658
343.832913213	480.000846162	49.4874212684
313.227938196	476.861308283	35.3758180284
-310.458786754	-109.084071757	-3.60514200523
-43.399016973	174.227518622	19.1030322489
6.37465997089	361.857739272	2.50926928943
443.512837559	173.765150465	51.7371334969
26.694396418	-117.867224231	3.49936562437
236.674485459	268.976786855	17.5663505433
-144.875643032	476.370463806	-2.58461858762
309.568232278	-220.047699281	17.5167745455
-465.180455078	223.242177516	6.32363023411
-72.5410487462	-319.24139002	7.71803560918
266.112653077	107.556809635	-6.14345675694
-324.985038351	-298.292865357	18.9999981721
-31.4130588282	-403.55958861	20.1234832371
-261.364183465	49.4869961281	-1.79109252956
419.484751621	251.570020575	38.4409129319
-273.706809936	450.801551932	-5.16490061944
214.554301334	-313.242698038	5.74538652185
322.397781856	-326.170080578	6.10946516903
399.762771826	380.206144033	47.3536445992
483.246269522	-455.707363382	-2.46747739744
-95.2010790297	-218.617757969	6.14380226012
-269.597537585	257.29731957	-4.01406762696
471.626632751	51.8371075994	44.777769331
-400.009320441	87.0478639677	4.8264164288
-289.280280686	503.076332283	13.6800166216
458.817784788	306.759909666	61.3774765453
-277.082981468	463.901567823	-2.25897654421
17.6812280892	-384.488843235	16.5771013244
-109.75209504	373.724333995	12.6818756621
-306.874609164	-66.2672942617	1.45886255328
-203.184104479	103.329483173	5.01093816523
342.819301554	-192.975116479	6.0500485498
-419.125167203	-21.8774540625	6.15719304049
256.766972533	-406.986654635	-0.0174797857218
79.8984038119	259.944546347	8.34146265376
-447.486642923	-224.336168935	10.5609718575
390.702261239	-158.951768023	-8.08633751676
463.21425424	-159.72117814	1.89893108228
114.396807595	99.8345825756	9.76777546717
-495.483017219	-88.6188430499	2.86917458113
249.078066378	6.17029107953	-9.8203806998
-331.699882388	443.026309412	-1.12365580056
-71.9278156043	173.839288756	9.97518722448
-411.660565633	129.119175994	14.7106658388
303.327093375	53.9209192343	2.74349003277
278.260719387	89.9464296994	5.11213794689
187.601697308	455.891613695	10.851251029
453.560455551	372.299452811	68.3626870195
127.147422502	262.868734015	5.41725443024
-53.4168243971	23.9479331589	8.27748881756
182.340506175	214.984174881	2.28841784719
482.778444144	390.873021388	80.0593487583
372.382003508	155.715934943	27.1430941745
415.318766104	452.319429919	70.7465837544
81.1443987884	131.742954334	2.54412624095
-264.944506079	-106.594761422	12.4484574758
-34.9721395644	362.499065699	-4.27828047558
-388.837079247	356.998082886	2.96217321039
220.139435617	-431.32052066	3.53002226452
413.70124551	-445.518275856	2.59082797653
-392.972921535	81.5118569914	17.7169359917
-259.80439586	421.210044409	4.65781654437
-449.142653747	287.398474453	0.666397846663
-102.742271166	-473.388640481	8.1392649248
5.4424306782	-486.452699634	11.5023479124
-91.1011532071	414.121569942	0.560145993923
268.833242662	-487.592765731	9.10107112567
206.24024037	167.736887892	10.1264258188
-223.314726244	42.614097445	-5.22586070008
-355.176402114	455.823838428	8.04026663346
-359.536165054	-106.044817247	3.25755356549
-221.858505344	-289.394398416	14.9937046761
-200.257748724	171.999588148	8.3797410112
-228.256863109	321.770622535	7.82721700607
390.938909855	-0.953320169974	38.5921813257
-468.709233832	-412.140644385	22.5129644404
357.583421603	30.4049188419	2.84499764915
202.957877995	-461.607306124	18.0880612267
-206.205489655	-161.151684876	7.14787678127
102.737140444	-265.099183433	13.2193285252
390.426156264	377.722775281	48.4073844214
-493.202025234	110.58332372	4.86235235625
-344.577224859	-416.912250075	2.26045259963
384.265391535	-128.848312749	20.1315742895
6.21789864329	225.065465409	4.38607580327
-388.822832477	-476.695132908	11.0613887691
-277.188132257	-42.3867544499	9.15621883669
-414.01929019	-146.484630405	4.93796106878
-127.850363994	-29.8137783887	11.1859055234
-451.788216426	-274.833012466	7.98822609438
391.508280265	-172.369332391	-5.90928047339
-70.0593103396	471.550121803	-1.96886471204
364.555656714	-42.1722074742	25.4760196016
-156.850630123	127.931761159	2.52599764801
-132.806112109	322.055355462	8.41453428506
-234.285756965	301.083956445	6.26883513725
392.775159722	-91.8469832446	6.9141785015
425.945953734	36.7946013853	43.1840917426
-6.5752896943	-353.247098334	13.1321586532
99.0519881024	-305.669633019	17.5314398026
287.983032083	-379.158179637	8.4153094342
-315.240060157	-480.534455296	4.109141823
-429.547461269	33.8508077674	14.9744360506
-254.539200136	482.259598599	0.0735004040939
-151.687023837	-383.708037649	5.33931050587
-373.251718235	262.874076945	13.1154069226
381.788695304	40.5407170177	28.3635756154
138.437235125	-370.070418262	5.391803722
428.779249872	438.141937026	60.9610161771
-483.906375499	-176.75012606	3.85979233725
254.19397619	-95.9155610999	1.71139079889
410.483795975	-303.272443036	5.88543882843
319.64076131	234.556093925	21.7117076333
-453.991515588	407.37700762	9.93104750691
-131.017840983	241.214745648	4.62483539733
365.168672697	171.881531788	34.7316015895
-421.732431562	-220.317514414	10.2535721179
26.1945528729	200.789999805	17.4986474428
-451.983805007	-157.36431733	10.6137141305
-356.996074663	116.367230181	7.89765294092
387.191948104	6.62858292777	20.6734095019
299.134904941	-397.272344935	9.27746380577
-257.051476397	-410.963214411	4.26330723373
454.087168023	-332.769891397	-3.0022932256
177.030720447	-353.958116722	10.6811056208
103.468025082	-243.052748065	3.61059442529
358.222540882	60.8456870571	19.8732766452
-235.393847643	-207.606748096	3.87122968379
-187.658625647	345.084106945	-3.30110032461
72.3285366447	-168.105807787	-6.32791659216
427.693903131	-359.864337932	5.22598694545
324.145127083	230.329938952	19.0294044661
330.033999881	-134.685527492	6.05466590396
-482.941675483	376.672303815	-5.17993782257
-251.702473387	-324.851511705	4.18213841648
-141.45692496	151.850373554	7.69521948077
460.821472787	428.356653851	77.8169448496
-352.773114992	-102.94674746	19.5142401588
478.320012754	315.416885114	71.6342540016
35.1637758341	-202.755450436	-0.35863131819
404.1049544	326.672208573	44.5858347731
-227.287911715	-428.656524652	15.2935038817
418.538897401	370.231492005	60.1428140309
460.035171951	-412.693137142	9.13638771825
447.993781198	103.811800536	51.0830792003
87.2300322278	216.264374666	0.917995918626
68.6100768778	-302.142486781	7.47233001382
17.575790397	177.737693319	12.7483260223
317.041813025	496.80688542	50.1639436082
-123.056216818	22.0732026839	-7.8395429769
-256.957856508	486.531131078	2.1914632093
-438.712422906	75.5641473712	10.9965975733
-156.429842646	127.061409768	12.6520754438
109.475325841	-259.409619987	3.66547671707
71.0119781539	218.989268512	12.1192933095
-204.86338127	-283.744671331	4.91543415881
494.009145501	-35.6735443078	38.8119381401
201.82686148	52.3231315869	3.28022568323
-59.4004264911	-165.571177687	-10.5603780906
322.432980146	108.239844443	0.489001620547
73.9938330181	28.1707591177	1.05090088648
28.656991361	459.362686826	13.8817974296
-146.479831651	126.959131131	-4.67196486924
263.841784318	-65.0726951179	8.96950489054
275.849466998	11.4244345453	2.39001735517
-188.611895489	346.295725696	4.46423677371
249.764002773	343.405306564	16.4760956576
0.719026152097	-86.067625711	5.47410353878
53.7738973832	-493.324762772	10.5423034951
62.0144358095	302.287536896	13.9967701354
-53.8434359592	468.113825114	-1.88227413383
-40.8583141894	-193.358809768	21.5428185652
-170.689113438	402.374230107	0.944981076824
-466.694656933	-186.402797044	-0.103072207255
313.912928916	-491.935222345	10.2274764798
-299.008206224	254.368749001	6.37101292012
102.505297529	-214.771140552	19.0841635372
-345.086969722	-211.398094534	4.27856161869
-208.25561564	364.204490917	-4.43305755568
296.44981264	221.425225176	13.7503646032
-387.135266456	209.660804213	18.4538784046
-256.653788648	-79.0777054205	9.53262615261
209.059932941	-164.71462833	-3.3684768732
-449.324144814	-173.635745317	4.96691208984
40.7333763759	434.082006381	7.6134159757
399.908331739	357.670202026	55.6393803846
-183.034481919	428.95529854	2.32966052906
-335.778856745	299.91147456	-7.51421372221
415.725106741	-251.122145085	17.492639775
4.21657238793	150.86895477	3.27699001445
-37.8138695314	-195.780751535	-0.976715226376
131.563051369	-357.944748358	18.3192363572
316.979803166	-98.6409635277	9.25002876907
23.8776171115	354.241510953	5.34535379447
-465.022717762	-165.674956776	9.65040094265
426.527186979	300.390100771	55.5244490856
284.34246017	262.63441821	5.64165159232
394.71101404	306.251040539	29.8833830291
-129.747264468	12.296830564	2.11372397948
213.351157925	-32.6196955168	13.0806017424
-340.980783514	-326.153727194	-4.32197780196
-325.674963495	130.705504727	-6.50505010577
207.393824075	-51.3919579408	13.3450105706
373.808406056	118.019534632	15.6118390999
-460.634588696	-330.457486999	11.6851405674
349.26971853	-347.041219179	1.58913112737
-284.926575067	-456.934840428	3.94471774751
78.7993670207	9.34101512251	9.82368374312
219.351713433	93.3481244489	8.80083222108
-432.812328407	-90.1040817814	6.39847061862
-17.7535780294	274.428325176	-0.514819675785
-145.672213184	-223.437603737	-3.11403161909
-113.930898025	6.68887507874	-2.59893728837
-338.381317868	175.097020499	5.20533597725
344.163209078	440.532528367	49.5091249346
-313.697754856	289.492117579	13.4426391285
69.8005655221	-425.410231956	5.62100906361
-87.221162111	-232.255256692	9.02618822818
445.39437924	149.549847194	40.9719153681
391.549662133	-453.452542762	10.52684321
451.967701582	364.140407843	65.8086072202
-470.743135781	219.231469865	4.31974699372
1.40080885488	310.20592062	12.070047605
-335.737962404	109.093235429	7.05480615037
58.2689247329	109.026560199	-6.49555060613
103.699565883	466.112982105	9.77215937749
234.376551597	313.352125993	5.04764073245
-428.586661148	14.3468086513	4.25749079088
315.972815834	-24.8483838274	28.201302609
195.537441965	-248.276915922	0.962734339478
250.20936095	-5.3331338383	-2.87301285708
439.959237159	-431.957311701	10.2162761766
282.729735832	-39.9250059428	19.1874686534
450.73139971	182.947006459	57.4430481699
498.482717688	-388.61820099	-0.690153872782
-216.90598727	467.006013853	8.92899851536
-232.784247676	-74.086256357	-2.10188444991
-201.385600428	127.404255081	12.9686861123
-243.403962153	283.600204435	12.2142130542
-377.426616799	223.011014282	7.06187573519
-249.182208935	328.473984312	5.51923947648
241.541706365	-462.973395881	4.92243152403
-124.417182257	-193.668527915	8.53090485215
6.39577664296	-329.548393978	-3.57447662163
-153.877846139	-380.931142743	8.86101615775
363.51578746	-398.034920877	1.84584090596
-28.5546353447	191.633029491	2.04024710971
68.2392318115	277.94749107	11.212586824
128.153690982	-144.17105259	9.96616067992
-234.958642263	-431.792958818	10.1205734081
-353.065739927	-24.5470754628	7.08251839036
-74.7175081263	412.864348123	1.9272373592
-474.88574304	-50.2230617937	18.6664337484
-49.3920238563	10.1234130896	9.1359185974
157.489623662	-244.677786757	16.1749627333
348.695452353	177.668904548	12.0917493635
-80.8428625868	-445.94895775	5.93633328663
79.9810517577	225.683988151	3.57221469086
416.301745941	-468.642779522	11.2032826019
16.3527561471	472.351139513	-15.3715639734
-460.792936831	-60.444428474	2.79143631238
52.8870868181	-238.845720201	3.4546621422
-305.439381258	73.1896182258	-6.26204274756
373.353685973	-111.12750079	25.352690785
-1.98472155317	488.927331307	8.99746033798
-381.968170273	-270.044654439	5.30763381497
156.576292635	-85.0366611001	9.30464087111
359.444762952	-469.820867807	3.164938918
-376.470477549	308.51492713	16.0609974174
-71.8634238247	179.497770459	1.52490588292
-14.1405497986	462.038287711	-1.54908976272
84.1068365092	-30.8841693404	5.78547830616
-108.059580992	-495.245975022	7.04590431404
103.798610119	-439.786390377	13.0686574137
-108.874854592	413.48687936	1.85881455272
-33.3411649238	73.2265382218	-11.6957991727
-83.4559102199	-272.652619875	8.33288580346
-491.825848933	-351.588772737	4.43478330211
1.85404541535	-199.294671798	15.9483390763
0.425593893774	485.286702956	1.20628996569
-473.009100986	-16.9031458253	5.24074976957
-222.882984192	-202.851241947	7.33866313523
378.521706633	-177.566462082	12.0927045572
-130.827139007	-151.612530175	-1.63684720544
359.368144844	133.139863196	20.6142457907
-469.253648454	62.4177167855	8.82466704361
-363.64798921	251.704063785	14.5062997069
49.1012222452	-275.345053453	5.82575065592
415.938558745	450.332482167	69.7415934981
403.724886008	-337.482681963	-0.234686353338
-125.968794326	368.375594224	8.84519225669
-167.865213592	-254.156767705	-2.32935590836
227.662300304	429.965818759	16.7010314442
-128.220943563	-143.339088915	3.23647302504
-497.097361197	230.534025189	0.235770013561
-36.6175795425	-475.977283226	11.0871811694
215.590442707	-299.635631932	1.05119121434
211.220457281	-88.1879416945	-2.07032305579
134.696552987	222.146623008	5.0469188866
488.399732596	59.6456178377	56.8917899815
-421.979738957	219.585938513	6.16175022969
-438.519780726	120.262381928	8.38351458602
-15.1080789253	19.2077290324	2.29946433549
-486.643925707	206.502761618	-2.09792471321
-327.49274825	-245.712995097	11.714131069
-3.44803245914	-129.838749384	-3.20847764826
319.305885597	95.7717056213	-0.457014859506
-460.406399979	291.579068758	4.69195905314
472.628930642	-328.517149776	3.38480263416
-250.993428624	303.409328184	3.50743816845
175.410908941	-348.119378289	11.7839900676
-250.142328528	59.5174447185	10.1754727939
154.955882382	173.164205284	9.06900065484
-42.0696158293	125.30247349	14.938411802
-311.806031521	78.6217922409	8.80304886027
-26.0013710628	-353.983362528	3.84998574808
-81.2526302674	-63.1724177997	4.40402504188
384.941111912	-11.3005055094	24.8977692939
82.5637956827	-477.926435913	7.44862860324
-297.786795769	-302.386625933	1.49275294392
157.893152609	-270.048427931	20.6335457902
488.713927296	479.356811809	96.0438952071
-141.579991116	382.770224513	3.33544180911
13.689082577	133.151629228	17.6732137956
45.4301477005	166.824029286	-3.15639059741
-193.403511576	487.015187019	12.1497911415
-417.5788904	66.2648930803	4.94112970817
-126.451484609	-73.757366359	4.42592263306
405.83751227	-503.418892825	13.0366770745
158.885384301	-501.6584025	10.8418724853
-56.6506613271	-222.215063036	-1.2762013619
26.413782278	-319.004003352	17.531716114
266.056936466	367.651591204	17.381755154
84.8823591202	325.984650934	-0.0032768009355
