228.689965075	-189.551626713	-7.9777386832
184.463807497	-271.705380609	1.91695260178
180.121629542	-263.807188453	6.45225601444
-421.06349872	-355.136896685	37.620007687
57.2922150501	22.6944847968	-2.80224736998
-196.261551166	65.3213162953	19.4138860342
-247.837253204	-346.374035377	-7.86949563527
-228.08456544	399.737953551	5.81742346458
-434.33879286	266.634357534	2.33681137507
-323.656979926	-79.2406671118	21.6970657958
354.486513704	-171.488103299	-18.8624614035
-139.781102444	176.237812515	18.6058015471
187.231480916	-11.7015339374	15.1317138499
311.37718376	-182.478385777	-11.7625371827
184.893988371	313.847409723	4.72943154083
366.950117317	388.462892104	26.3562313655
362.03809208	149.004545303	6.52262224782
-375.28755043	-43.1665037018	30.8001201554
-371.981879232	259.073628225	9.37836834922
-410.39961309	-417.241607336	-32.6163248633
-392.018819105	-89.2139447684	27.1503975564
126.296490828	-438.857244568	-7.43513878046
-30.9952534676	197.845140713	25.669476052
387.874953448	234.546439736	4.95238099222
-377.723883129	-424.005437275	-27.1659339943
392.772498941	-433.938234374	-0.00763780091115
392.205155103	377.779429275	27.2630091804
-6.50310844649	305.184135056	4.05452234704
347.126354187	343.662324905	14.4207368556
-320.576077317	-416.98137688	-11.5330766449
-298.763015292	273.817563543	16.0485187938
392.971569038	-370.995043855	0.0125634554507
-104.415811179	31.5985549528	13.4787162464
353.577293428	-137.975213936	-23.5664407996
-231.101182786	-375.577849215	-9.76121450651
119.402724759	-147.904635061	-0.155426045469
97.2319410763	-215.18884225	5.08018551981
9.43628820217	365.087258072	16.5870400107
-134.305192861	-293.015393524	1.28190539529
-50.5251276487	295.783438412	18.5018925707
-262.221633356	309.005910131	17.9894821767
-159.343150513	-377.264823797	-1.24515961318
192.015230221	43.2686409274	21.8930968053
-228.596585261	-378.93008201	4.96079385485
376.396088073	382.200232173	25.2649659804
-159.301413988	-197.194553002	11.5994540939
385.423383767	90.67747415	0.0429238057339
-39.9873953315	23.6812491074	2.61384899515
-152.286892843	274.104861837	19.6791530968
167.86297457	-210.94433364	4.01966627126
-319.919471103	415.95910581	8.80434771311
210.153328825	-206.581493791	5.20906760745
64.5559907216	81.490329154	31.2354031827
-365.484375979	-376.051791912	-22.3449524886
-428.33892932	165.418223701	19.2094718809
283.900656131	-237.010205394	-6.47768005734
20.0694358263	-98.5070262061	1.45938343492
-354.188498928	-286.02552613	10.3089509903
384.997390298	-131.29444388	-23.5254574563
-223.125865858	-179.526595889	13.5040221385
155.666437563	19.0069426448	14.5421729268
385.881819363	-54.3444700116	-16.873631268
156.413667172	422.521201764	29.8726142198
-425.108875008	38.0413232259	22.340328092
418.664809017	18.9582482599	9.14165594676
393.971673142	-423.703971145	3.47013093893
-393.30234629	-64.3703846679	23.9231308079
-341.294212644	-34.6228918894	24.0256106574
-38.0313853444	-406.539248646	-1.7243992173
-106.908134139	-176.572789616	4.31684269984
-134.588389092	-310.602786791	0.935016174233
15.3022430624	71.2469132457	22.4413152715
-234.360210336	-310.95517129	7.5402594509
320.244333128	231.716982555	3.61910634569
-369.169512243	290.395844831	8.84840668893
283.435979253	378.489907787	19.1975647204
422.137253229	73.6196872252	5.74243474053
327.042561719	355.199013389	14.1855082181
-119.373007475	207.280910854	18.1067141382
370.811688583	248.724733307	7.60386455803
309.871031796	38.6100013752	3.17235461872
287.234693122	308.596047627	8.14824910457
202.342482537	-140.040770182	3.92438403093
6.74701480881	-308.360695039	-5.18240004528
-289.790376622	353.617836277	7.55965356582
-242.065954832	260.003208202	10.5799943421
77.2649037101	-160.241718436	2.72079111933
-115.427983964	-230.236160538	-1.74463791474
35.0657872274	-13.1251985456	-0.303919718217
283.314424053	364.783693429	4.81975737092
-394.457602107	265.821046937	20.7267521481
136.994022854	84.6254237139	17.4745669341
288.389325243	280.725065673	10.7520437017
84.1504421594	402.462085005	26.2720575025
-317.83041816	-398.03196195	-8.59085345682
311.911817936	-430.866250696	-2.47623496146
-413.702796595	126.765551657	12.7387664582
281.472892305	-16.7622106538	-10.4680003229
-52.4640782713	-106.931220038	0.274256302791
344.483219045	-127.680186338	-34.1065632513
-312.403807848	-76.046027515	18.6138785594
-69.5858799554	223.505779136	17.0983013941
284.9214731	296.74386566	1.28699694389
-248.233037456	228.597825305	5.18934681175
167.035402274	375.528998061	10.6439579717
407.396724751	281.680259486	4.09729692303
253.071843941	285.63420912	5.64776154116
342.103679562	59.8099465786	2.29985358408
119.921924247	427.571486475	35.1893407109
329.645824841	271.95942488	4.12366258905
298.334977477	26.2140024853	12.3560635177
265.585089325	-227.091301769	-6.7900698477
382.27232558	-32.5057161874	24.8308477422
153.211314302	393.559691898	19.392695036
-67.1354484148	-296.471348908	2.19411274052
-59.8733085669	224.189102949	19.144626747
-401.68609307	341.450799057	-2.04861763945
176.237477328	115.066808237	21.0057584628
-250.447652406	264.162593127	15.0634478096
-328.095349687	-209.226066534	1.63827461807
71.3516831697	399.662478183	28.233064539
128.20377534	320.667927198	5.43467274674
-201.403871222	-254.286612241	1.28191763362
4.7884904171	398.534203389	27.7904148894
-225.250468316	256.913464585	12.8952345878
92.4007565894	-179.678312723	-4.45609622148
295.287664189	-328.40395744	-4.19499506019
293.436923268	-250.179973116	-5.56081161501
-100.154034777	-432.880901866	-3.09012454072
31.0671044124	-130.901832583	9.41767450538
316.147203103	356.810619761	9.24807043647
-283.166221675	345.216582771	6.46909360031
35.1573645029	-279.22012442	2.70769165096
376.980977408	117.890578026	8.98224913531
-100.789949915	95.0186098373	26.0085096873
227.560921347	-36.7230491149	-3.32099507488
177.968347013	-193.996965883	3.87249560094
-66.954080562	-111.935907681	-3.1166085703
-33.4169699188	-273.851685949	4.76250361148
-307.128209276	-308.072841267	-7.25868144531
-165.300767554	430.272744643	5.69657160279
-181.111290528	260.155146438	14.4247814788
-127.218332004	-63.8655625909	5.72553095394
-390.865916946	132.861771555	6.20349044752
62.2189990421	-387.737979862	0.993323764086
-125.545589087	234.03085701	20.7982523958
-288.867362045	-168.423836195	5.75657912111
134.321528848	272.703070107	3.00179979734
-286.982911006	-274.974274594	19.6775783379
226.556893539	-54.3365470324	-9.27024427115
-185.60782831	404.484020466	2.88669687137
-92.5093586721	209.8027885	23.5846657012
-62.5596383477	11.6026884854	12.8472883284
248.559504255	294.574444651	6.9110806573
-53.6862049953	417.502600103	29.7297799501
-337.005465191	-267.335182622	8.09705734717
-37.8415369286	-397.529895058	3.98987681037
143.78369035	52.9193153814	11.0830140939
-319.531722906	211.805136728	9.35830103154
-312.492079328	17.463293521	11.1938425758
-165.340665059	-329.220686813	-2.53095997737
-422.593999882	-310.403878406	30.4940302312
-92.3922074696	-238.400264681	2.8823641501
-305.853655404	425.241994114	6.6665538371
-424.314302346	-152.188725135	14.0945705609
238.159371596	-102.858053586	-9.71503503572
-229.488720789	144.366767343	12.6976826441
-242.188286903	256.59620136	16.428500686
191.223675188	371.84308422	5.41975344956
24.3101131698	282.827358086	4.93693475047
282.879481434	362.465526017	7.87592212761
-376.320768111	-58.3114632758	25.34138994
-319.163757094	373.958025336	6.77695358023
-341.676140864	-173.671083531	9.99353152459
82.4746369454	72.549245595	25.2761973104
257.736909281	-124.905474646	-16.4661008201
-370.833469771	-397.779251013	-19.8079848571
-311.719088477	-38.9085207691	20.8044126433
99.1254526859	95.3515745421	20.7816021235
335.479227868	233.752551735	2.41936663242
305.240267388	-273.707582558	-4.97464516403
267.309903102	122.874915332	8.8562134695
121.523810224	361.030757658	8.48177293573
203.303661534	-28.0215437985	-10.328916513
-227.243671436	413.753339654	5.84126243319
-93.8761449408	-309.96922503	1.27688775588
219.95619752	-297.758422183	2.25248752508
366.454815794	-413.592494619	-0.190319585139
52.7299119252	271.402016761	4.60981833796
254.756827237	141.487808306	18.8789124295
-359.55846493	-398.924005279	-15.6980306608
220.633751791	-290.269010881	-8.12059761356
-412.744618165	310.837016568	-1.53335533736
424.169036651	182.625289342	13.7904161819
435.46824118	-266.617165718	2.58598346735
223.351498395	179.003694809	7.89295011082
426.227666881	-313.533030682	4.05176617473
210.039803304	-142.941937412	-7.69594735429
-365.822249587	263.964470197	11.4582102294
431.540396684	-321.10887618	0.791039944385
-198.384411264	-385.526249708	-3.16361433285
8.25108556497	232.201214484	8.51209324654
-85.589988775	-198.467411209	-7.41996014334
-415.269146556	426.430867913	1.31054217889
-110.640792352	-257.901227265	0.216863719541
-439.750898548	316.63540635	1.3892776333
77.0372647974	-150.001294982	0.851453908542
98.7332222556	34.2280111944	20.4329274245
152.362189427	-280.48657171	1.67347981004
177.082937504	55.2426888226	25.099039869
-116.664770804	-420.287005131	6.88740867476
404.899238298	-395.469731309	0.391451477451
-21.0676855914	-46.4233216092	3.70295912099
408.616927913	-337.932449388	0.1681673295
-436.095653412	-291.206004009	25.116223607
-57.6834108532	181.310645163	17.8841258124
191.627142	-239.380528383	4.70766872109
374.508092426	182.854583589	6.41215541685
155.976335651	-357.647476057	7.14858784801
267.776185451	-342.23427615	4.69834429582
-70.5226131153	286.960510152	19.7860257925
-293.161949403	-325.242395586	16.0320391585
-12.1114108701	218.539169741	8.9142538828
219.924342936	149.476921374	17.2652651993
221.768466203	-169.23730267	3.03337395694
222.806515393	-151.370249461	-7.79952584955
394.398843584	-16.2035482991	18.6775125733
-351.886470324	185.485005339	2.2799339379
419.250138319	305.401613374	6.37654996041
-312.025924726	-212.17551719	0.102460059096
128.179291758	-77.7259338447	-4.3616923708
-330.346436509	-94.9468056762	24.5159984388
-222.385101544	-347.616139559	2.4467462518
-10.6762084754	5.32700149998	-7.99272987958
-108.253007489	100.631852436	17.6379061599
-197.041237424	406.757164592	8.15821871786
5.47376665585	238.37024361	14.6755067337
221.097879369	213.148521455	8.28728108443
327.949588189	404.399099213	20.1988002545
-374.384032398	-20.9651577709	25.33164984
123.645546455	-322.846443865	0.23591856721
113.985314001	46.3822250035	10.1313586042
-83.7410570352	-140.792456549	10.7224049856
243.678049232	150.177793528	15.5588037014
-17.1575206525	113.076340999	18.0081536478
-402.336747484	83.1589556231	10.8953716788
-391.235432524	-358.166376417	32.7043140132
78.2775145785	223.315256477	10.2843225456
-319.144034267	-319.939246513	3.22491833854
-150.630536618	3.54927926883	18.642572812
-263.903828113	365.65309377	-1.56644382539
71.8841260693	-391.234107505	-0.650468052482
-403.422884697	-154.946123619	9.34262905979
-248.180038336	-355.824414781	-8.8163347428
237.724736352	301.340759156	1.19143689303
-133.399703671	377.077224216	13.3259177364
3.65359961965	421.509815076	37.495892255
-368.804353867	-357.672936748	22.3970089934
-119.321202802	133.749244333	21.1842986872
20.9696828573	-401.726672096	-6.19880429456
-11.8293580447	-416.60947307	2.37061720286
-56.5620286329	141.228890479	31.5230947981
-62.212331381	346.129298338	21.2567929778
-128.295998403	-435.158116298	3.98015581912
287.29090922	86.2119570446	21.6012072
-424.48230729	280.565566749	8.41759437594
-233.554077046	-219.787107468	6.07553271765
306.126551703	-180.600025851	-14.2860728524
-221.187682029	-47.5686148785	17.9102148637
7.96557247403	277.88452316	11.7687673158
-117.594490866	126.82365081	13.8229586547
287.217303158	-306.578486069	0.804738591805
184.82361282	-430.076758302	-1.83642024159
-188.87394366	108.182443054	5.40994903695
-123.159457797	131.900612305	22.9011895009
268.794898556	-384.134157487	-2.66190928789
-264.281391471	-401.973371739	-6.92913672841
363.976916966	-361.957321412	2.63506999296
180.440676531	-272.697695517	3.06272919137
195.768403183	-277.60164441	-1.5852241896
-367.831071107	-35.0904609552	20.1373841089
20.0333424943	135.628161306	15.2117051776
125.903046513	-356.125211597	2.06363646333
117.340915473	155.9004946	15.9194420838
196.458398587	-29.2790674456	-4.54161494343
389.816307708	186.199551849	15.1985119987
-357.258358044	-296.623565694	11.2912382054
270.37850423	19.540222773	14.0870096673
117.412837743	-311.729084627	1.87261319576
49.7475276457	-124.292131936	-0.521149006359
-34.3843744642	216.600847125	23.6982186417
-386.03895139	422.907279329	2.3088420409
147.197670619	397.468216832	19.1282020156
-114.55057252	92.5379650951	16.9801875296
-219.926545038	-91.2223477965	3.54581489892
-296.561084653	-258.49053029	14.3834307319
-285.354087461	205.877536251	10.9086917085
-105.270702346	210.85941858	26.2562918956
365.737672929	-253.338830265	-3.53120652622
-241.452935305	-71.2788295304	13.1175692209
-300.43758189	425.882431288	9.36857809124
115.915044481	255.277621044	3.15932852278
-8.91685476572	-178.835156328	-6.56959877706
384.162060561	191.324029212	5.85405751462
-80.8165999712	-129.335381075	-2.54532354573
283.66633569	-250.339593605	-8.02151171304
271.606316168	333.607194689	6.78015679221
-160.831832579	-302.257060997	7.19284646656
197.824571505	116.201271454	24.0523628047
-12.976488078	-174.156079255	-4.29339494226
89.6064319653	292.079156576	4.92368955973
173.89431519	255.244347933	5.02702459177
195.425187278	-309.17867288	0.86120701195
3.31132446345	295.060469591	8.62909581929
60.1100258623	-195.371568886	1.86373831163
-216.64244926	177.787588254	16.7660613512
-227.819613512	153.478503202	11.902368022
-235.710113387	-84.9975247957	0.982903486937
-277.352518341	-307.826242624	16.9872418337
-112.357333553	172.572298877	18.5316425047
-119.135548816	412.814170279	14.2377900318
-148.630241059	-158.062521556	3.32866673453
374.030613774	-263.346903112	1.05174223275
5.69757380311	-200.685839165	-3.84246529596
-432.92703956	-366.352108302	42.6433980065
222.275530009	399.575290727	13.8263893626
-289.327015915	-103.140271202	8.0995809281
389.836134572	335.078265396	5.53541138896
105.04183268	-175.289469199	-0.99981406787
139.641814481	188.313808549	7.44631319081
-285.398777075	-73.049052554	17.9007805954
-76.0343131906	-57.580780661	2.7287274648
-160.861776609	343.030388168	12.3201316666
-9.43542621892	163.838662237	16.0199453509
17.0536066048	188.93271172	2.59863084641
180.262390772	-322.72156319	-3.87755995849
235.106503282	-248.069931012	-1.42009690413
135.908084892	-229.693553958	2.02738641462
243.300915904	98.2474237483	14.0085894557
423.142319813	-249.400363722	5.09815511658
-208.584773603	421.901094644	4.71232012988
11.3332897956	-318.027530398	-5.9486828725
54.0931934492	135.620028417	12.3622595905
154.1228851	-146.497914859	-5.78488240751
-370.244867821	111.088614222	10.6195058817
309.414091193	-163.805273398	-18.5401651652
2.67455436812	-364.126203567	-6.47518112996
135.519888388	350.815934819	14.1202872155
362.743354889	45.0726305247	9.00464744663
-92.6839402178	391.118018012	21.735065897
-258.610406553	39.1517672518	18.4636362731
338.355612667	-374.403608071	1.75422807128
160.990672823	-335.023602623	0.477384723478
-240.997321973	417.13551068	4.80033339694
25.3094931297	-327.181059362	1.06425191958
63.0954592531	-283.790367618	-10.6748710627
-174.323543674	215.714044628	15.1447509088
342.351826117	-323.789263703	-5.06086060839
73.3351064392	173.482810377	2.51427198039
-134.068240107	-225.393848134	-1.7486116294
416.36486568	-198.471600333	-12.1524976211
255.625751677	-344.279260704	-3.37457842024
-239.721542205	-131.188402927	8.25380921632
268.663040334	425.292082525	20.4016538465
-32.126021113	115.906127085	25.1661848816
416.649428852	328.251196051	4.70701860752
232.783774572	159.893651718	13.2929965568
-59.4876906864	56.2305891874	15.2884730807
-22.3050634631	-51.4727327242	8.88325338009
201.235318311	-3.87591470231	-5.85174330844
2.92352182861	166.209270695	14.216407219
295.280190305	283.218764086	10.4591405705
100.981894948	-438.965980488	-9.6359390166
237.979991071	73.4936518843	21.2806526203
375.70703975	330.938972953	11.4900617556
-293.642302077	357.833771431	4.97019613861
314.924841274	274.196745817	11.8182950042
390.76281597	328.730694926	4.3066572014
66.8256564377	-357.869069841	1.39306161721
25.7645286411	152.553435817	15.745490872
-71.9887930583	376.968435028	20.7789153745
-162.877388929	162.803941561	9.3846305836
99.9680645334	-426.541435246	-3.43150578652
384.784872062	57.3419225459	18.7480723714
-338.426962719	255.117211367	14.1505447259
117.744683986	266.097794547	2.72206603188
-149.957400116	341.090782406	10.908911244
148.031417309	419.728363536	28.4964605061
-79.0216274783	-73.3619952993	4.434591689
141.869188649	322.104018088	3.41090156727
-326.621946828	359.671165938	-0.101007144828
149.293068631	345.889668561	6.27449399614
209.381693696	-69.4401259131	-15.3044105991
249.520241337	-343.383666267	1.70504451171
-189.290478084	135.713206382	3.07010436091
168.900113044	177.711353595	10.0895785324
-149.015912714	137.677238224	14.3535138124
-319.966683389	286.411350309	10.7312671165
416.365493254	-241.714935211	-7.71803718952
-382.982085327	-70.8859218696	25.6796638374
-335.303191124	-133.563236329	6.73698829213
-252.743521742	320.12961359	10.7575798469
127.108668959	-77.2324736934	-6.69049225628
-4.43229080084	151.23101915	5.94978952969
403.147577889	66.7460066135	5.83527145577
21.944620882	4.29101975218	-4.6245322281
-144.201173181	-30.1467254649	1.799574665
-319.065320952	297.467844256	16.9295127348
336.451160334	258.395008662	7.45255462415
53.5912119858	156.297365685	2.86782636267
-107.275527003	141.552537031	18.0186622857
-292.71397629	-293.058185957	-6.55360973727
24.9573848616	-18.6126259042	-13.9113062852
360.551343864	-110.464798302	-32.6429453248
-169.194708566	328.165608627	23.4351025451
-360.585995852	-124.342346513	7.07874442799
-419.84900425	-394.387184315	41.6070403636
-438.432159732	-412.235601094	-42.9786224584
-262.029839053	-272.028385708	-4.11375217709
-235.763621923	53.0204314063	15.9074265881
-166.450124599	-278.828696244	2.87572853736
209.622355795	309.919075559	4.45717306324
-83.5909010515	283.768658526	16.1770823718
163.873887679	-141.11133611	8.34814686197
347.204455229	-33.0870463367	-17.8368487056
313.700879845	-407.673154165	0.798771892783
3.08540863675	-330.12357448	1.33219840731
-64.6673641601	373.17877913	25.3758688742
-24.4643547509	230.91332835	7.89765133518
16.7769390407	152.228674782	10.1708386273
279.508513494	401.585930002	16.8420438923
-63.089860718	57.7201525139	14.8541983166
268.36973739	-19.3929681908	-21.428071864
185.414107945	256.45948068	11.4152116724
-332.396065813	-199.190831388	2.71897266891
273.393053173	-400.692516531	-2.67953262951
305.159170196	10.8309952647	15.8753376362
397.806682024	146.026018026	4.68147918518
354.732689045	-296.292230514	3.48175488321
-364.130648205	-358.226686587	-5.50020960777
251.374896747	204.674928729	18.2972788258
-382.039613189	319.166935506	0.239812589187
-231.349951099	334.038449757	9.11267933402
5.33648277442	-209.12119488	3.83748996759
331.302852411	340.203951029	10.8620780812
-52.492263239	-194.380120839	-12.9265790444
-225.737243211	-376.817925086	1.15942735825
303.904162595	-415.246960418	-2.95596924081
-66.7479044352	-140.124774386	6.21856896088
-419.268419951	420.58573407	1.13703967662
-206.822451772	-206.230162442	4.4968331197
-1.86693548576	-254.110531371	3.2525736082
-311.835805878	58.1927699171	4.58218714671
127.005024903	-208.850972412	-4.02993712833
302.642426402	-167.177067747	-21.1113988707
-158.078969776	-425.391261752	4.3927249193
-67.3982900011	276.667739469	22.3396471996
424.90249351	2.65194463432	22.1993077747
382.896709579	-377.366803924	0.416659959225
312.890012025	122.871922407	17.036282037
226.830508682	-205.160308256	-9.51695898873
383.170340123	143.565296393	4.88861259823
247.288907402	-2.40869549057	30.6708676836
-258.183321959	396.439775627	-0.77922254291
-205.068114202	188.827620391	13.9815720208
333.186472742	-360.23658195	1.80846239994
-404.76960807	353.759416289	1.93492389923
-45.0844225451	-260.257855939	7.12534651416
14.371521911	-226.111440438	-13.3876671294
159.365127244	-352.217944588	3.10142876592
343.644523964	392.689900771	22.4984572616
272.510452262	-99.9731190872	-19.3258639143
-345.071756901	165.144262333	1.72497788123
382.057405211	-428.973455988	4.93363336651
233.135490913	-432.800819558	-1.09133666153
91.4608979155	-381.796447291	-5.66571763028
363.943551426	102.442708424	11.9147705243
-175.266158796	73.2158940479	8.53391388221
299.933932382	-349.613535994	3.47881120849
-325.016215956	-393.505342577	-10.5852153158
286.618053924	268.305247612	0.630885142349
326.058972282	-62.1418606228	-23.968031478
-270.111961813	247.499653285	6.95076069056
-140.234048222	211.058144984	23.4991193566
208.480374276	179.306665375	12.2387749961
213.692767209	-439.100904253	-0.0816804286154
345.360175635	321.182309277	6.04104937426
-327.877568676	-282.907173743	18.9065623079
53.9427839586	318.402004825	10.2902984361
73.3421602516	277.898971783	3.48904933759
-108.286558977	-400.111906344	2.55330986857
-251.334156867	64.8548783183	6.4548021586
-118.416330876	57.7224662924	3.82899946178
384.121750051	-308.205558821	4.24670001165
2.39274484805	-385.35074347	1.86686381501
417.661841725	-104.153358881	-20.2917492319
191.30311778	129.635760318	18.1222364455
203.755510057	418.41815359	16.4929583106
-248.507947321	-435.831581118	-1.41779619758
247.308461507	-320.246747699	-9.67790067687
-161.853567933	239.339896994	20.3155412648
238.593463844	-328.446112788	-5.35474130028
6.71905336912	-159.675078325	-0.378164718301
319.096971456	-23.0613979143	-10.818492639
298.643558014	-206.303502438	-9.40674163783
58.0206333833	350.395367504	10.1741574455
248.052455119	385.033332439	8.90898465988
-136.105849185	386.964770001	17.0567197697
111.992116805	-70.3905415895	4.76877532469
-402.051240299	-192.31828171	7.23265191835
-250.248137968	147.419797673	13.9322331558
95.6289154591	-232.671755362	1.23771964733
-375.695025673	284.621577651	11.8740256295
-396.639350592	-239.797461371	16.9461476731
59.2527596731	167.271996233	-0.332990061376
283.389307286	413.477932259	18.006655831
197.552041165	378.309587766	8.92312329386
-159.728374054	-18.774093999	13.3743534355
16.7183865309	-319.268441662	2.36647109822
-342.819740557	358.073747946	-3.60415071193
252.42478361	279.762370465	4.87946564862
-61.8442404821	31.3275168362	4.02511070619
-362.601442608	-275.346309052	12.5538119985
425.127011007	-393.774068485	-0.317378258138
91.7728563837	-402.503248198	-5.61951987145
336.673398247	-419.271380352	1.22833716613
407.29081604	-132.831323645	-21.6513375719
-234.219463588	-5.27694713657	11.6864841393
-24.9897059439	70.5949658205	29.0839828739
257.76269435	-55.933313333	-17.3710583648
-327.738258607	-240.246599614	6.07288664032
-394.378074209	-214.045263329	17.3643799018
-364.442989471	91.0189428802	12.088213785
-345.825223635	-425.695495812	-19.2291245986
25.8690926806	-373.666919056	-6.460933944
58.7633848462	158.877893378	7.68227406222
-365.111461341	328.604588753	10.62079977
-400.329361047	30.726131367	25.8009620542
213.847427261	-122.272505571	-7.7596628278
-207.562880821	160.012387967	7.0720853346
318.789921299	-26.1246246574	-13.6801015478
307.168935863	-393.508038095	0.663052144474
195.487819346	-141.118700741	-0.882540973236
-201.874568394	-413.487953568	-3.59370623626
254.063108806	230.03317983	14.4116495323
-91.965895574	192.545803201	20.0580537667
132.931655097	-0.985035640004	-1.31359643268
-370.601103049	-6.62137880879	29.421551359
155.303217486	358.165353485	8.05344938791
-185.249948687	398.255146216	6.02126088612
-349.595630221	6.17769275239	16.9617533752
124.087014903	21.8276475823	10.9360896822
431.703038084	187.932990415	15.7539963509
-355.195627042	263.469529256	12.2317052677
85.6459570313	-332.808254896	5.62435548792
149.332359939	-131.212034819	2.74658658714
343.381711986	315.073430072	4.55857039326
-228.473107492	181.188679805	6.6132415748
361.490743369	-27.7598601773	20.1912842453
13.4544844786	364.732162203	17.7979231264
-296.834532759	-263.995327331	11.7842573406
-168.259156331	66.2714543606	14.5859060502
-348.15023624	-19.7918309969	21.0518285919
-66.689234327	156.41877321	19.7171439281
412.476783602	-311.491853756	0.714660614123
-386.01533802	21.6077262616	13.6725968325
-430.871140102	-277.944499133	20.9504474472
-23.2030291508	-418.986315181	3.533330491
-232.773877081	-138.158305145	13.0261680636
0.918592540914	50.1451503701	9.75731876011
253.269079071	300.204926288	4.74148218973
-368.425477189	-85.6190953548	15.5700771507
162.330242812	-180.554318298	2.91203988847
-428.702859179	22.6229445576	27.9553308308
-236.395066095	-29.7448777804	20.6244163776
411.728341607	234.880995608	7.11455376742
-189.111971166	56.3563512476	5.88577350436
-16.278800136	-431.091203459	6.2949644816
-210.043013352	142.110420892	2.20281345386
75.4015603481	329.546448684	3.30079870904
-301.03804607	345.132676967	4.17834153025
282.403639581	-352.408037393	-0.752679726695
89.3247197071	-192.747503524	2.61237085889
-5.20375005949	370.507955043	16.3749245878
239.703525744	60.6263199105	15.9913518501
361.767952969	-175.490173757	-17.3021433051
260.920655261	-92.78060439	-18.8324622436
-303.874788083	116.018481463	2.46025814978
-280.419710298	-243.023385563	4.57533127517
375.11016277	390.884766318	30.755827925
310.38166305	-92.2091115476	-24.0683751601
-177.36828167	284.347673072	13.5443790851
-406.280421977	352.332402286	-0.190749215433
356.21979124	274.563743185	4.33865932361
213.203512286	197.074029072	17.227320569
161.007027924	-198.507150613	2.97805466734
57.9645430842	211.732112368	5.07477759163
-25.3079836982	361.750774061	15.8711646167
325.741687299	-399.215043435	-3.03051814501
232.10081833	356.173134644	10.250280557
423.433899754	-26.2086795298	16.0665534099
-16.820259784	-44.6875518747	4.29348034949
-41.8022133934	357.490530575	20.6153564884
322.975937678	-391.533824696	-7.31329187816
-151.139422752	158.944417993	13.2952714145
277.622551527	-367.048160969	-3.15509362651
109.919588127	42.820852796	17.7029811479
-75.1410887495	359.347906259	22.4144331182
427.843242829	117.810912834	11.8173698189
431.331121217	-66.9828784145	-18.2970046693
-59.052332859	-144.772976279	13.1843641844
-103.067930856	-190.965561652	4.09098856003
181.163178373	-160.63604906	-6.26408074618
375.852026303	23.1797512332	8.87845875629
430.302292081	163.92335686	12.5950271612
296.669970787	159.624421403	6.49343339332
-103.812894076	-257.768978879	-4.7400169203
-93.0309782664	272.587205784	17.2569126539
14.0782311983	361.44651699	13.9740227817
90.2809118683	28.1648793408	-4.21560231655
365.359236487	-49.7660164793	-23.3593911496
333.152043848	406.412025118	26.4677435445
144.900393385	364.161499929	10.9446749328
-69.0647014279	111.064586147	23.2876933798
262.946785705	225.898381739	3.18561112025
125.98963464	351.762026785	15.7985769371
-145.333410916	-57.5223186143	4.36731827961
246.997779263	-25.8413788838	-14.6478117691
69.1701589934	258.933902157	3.41172300846
-402.077525479	258.284624502	14.4723794299
212.774613159	-97.7840424053	-6.12020614996
-331.524759853	283.901690213	13.7414656237
-221.112020348	412.026158962	1.72558591076
370.284349139	374.184129851	21.7194119831
354.474579833	309.253159952	4.21381520415
-237.612678419	31.7526341579	17.8861669496
275.627865829	-325.040375814	2.61733789777
-102.890485385	368.07870719	16.5855015678
202.315925349	272.123748883	17.5379529555
-20.6871566385	-101.02987924	-6.52699573349
-135.344364005	-58.9471488603	10.7187629881
360.871631235	352.957127682	16.3836826324
252.059314417	-157.959664168	-4.68785680899
170.200694245	-437.049698706	-6.79071525143
277.391508301	-193.734477316	-12.6494172813
-31.0748017583	226.295595053	7.08219778389
-193.562776419	23.3481642484	22.5647553727
224.627198175	-348.335984068	2.64080358842
-373.47903248	401.067507537	4.08774314823
-307.637461547	-26.9003860092	20.4576270998
-76.6210139261	215.558610254	22.1780158061
-233.62750344	-202.077288353	5.83034447179
26.1814770119	229.967549162	3.35397707011
-274.197813509	199.345374044	11.4157439094
413.368807263	186.148432356	10.901394332
222.461285497	353.097469077	10.8222858207
-277.439786078	63.5950446917	15.1514168349
143.579544328	374.726211619	12.7949878648
-78.1100338455	-193.179420494	2.37319989522
238.521657236	24.1756717698	15.0873949949
-184.260175707	-413.723886905	4.37413715641
-432.653201222	185.991080625	12.2314057354
-277.104104919	-371.513908445	-2.5977997753
271.957363847	380.864619864	7.58210990777
210.320697918	-316.154943417	2.68805863579
261.910708456	-413.876092814	-2.26798316738
237.284700927	-29.6784912402	-14.1983316294
430.911880649	-17.9124630006	16.505191613
399.926326079	205.214746878	13.9192059198
-119.46575669	-86.8714160428	4.1348439918
426.719235854	151.923171215	13.3704043245
283.90550015	-293.112535192	-4.87915689945
-322.67996226	-403.965018645	-12.0094129916
-129.603169845	-296.319992603	-6.47419598083
143.163212974	-355.856965561	3.18260258146
-432.129717225	168.899416479	19.8101209492
27.2557658315	208.882698088	5.67629961097
44.5486879167	139.500148553	17.8827057944
53.7022515429	-131.408167827	5.23824226741
132.588828855	337.050656686	7.77833057467
-236.696956463	-10.1378285307	15.8150125474
-289.998987473	-377.859064071	-5.65764704215
99.9959923276	-89.9269997318	1.38750200409
275.142861433	-241.587876187	-11.6684545994
314.739961742	-18.8985472437	19.9686433013
-75.1081402115	-94.2931901034	3.00095656736
-108.985506505	215.222968996	19.8700179655
252.695731911	-21.182115025	-21.0593137656
333.063862423	-82.3576091275	-29.5802270826
-210.058847297	241.817821386	7.97794504338
-4.72590603263	-313.574974447	0.285919600375
389.982955431	176.122782859	8.12184903132
176.757406147	-36.4567400796	-3.13033102862
93.7623459716	291.297007514	3.07787839789
-235.175325472	-183.076968439	10.9089909319
242.999358504	152.084145241	11.9066510863
130.956666014	-393.197159119	4.86475665619
-158.617670879	57.6093346428	13.6659636618
-127.587301397	386.017726441	14.6519812272
-58.0785603885	28.182498633	1.27222653928
79.1913239109	-182.543891105	-2.78301627978
204.47611261	-207.651660736	1.24259727457
-123.254098542	16.493514156	21.6117154034
400.24285519	44.1474327119	5.249082467
27.2588810736	237.034418092	12.5991483022
-382.498872261	337.646972786	6.12277100604
395.409987817	-146.535586127	-18.2808841176
58.7279640925	153.535201528	4.57449840487
332.31730499	-28.9131142468	-11.2277399479
-335.913504476	-8.79718285293	27.6664031169
351.119929875	-142.29304227	-19.8035565368
424.502071469	-162.654127641	-15.2430972252
408.598995201	-406.146099658	2.15683592213
410.214803529	184.446880662	18.0751737815
-305.952838734	275.29141767	15.3695342713
-66.6078591862	22.3443710801	22.8782213896
-339.956824884	-431.015036416	-15.1286164265
-431.523102516	403.75852742	1.45984143041
-38.3761792632	-376.730983514	-0.987417299859
313.692082071	-225.133482485	-4.95619734347
-266.480612908	96.4088274634	0.786848294673
57.0876919917	211.721913595	3.29044593055
52.548012485	-381.594473507	3.93335934573
-107.400079139	-132.095902491	8.41780030617
417.369553837	263.352219875	2.36217250493
130.04839908	32.2101488246	10.2265851807
429.350989127	-339.560547678	2.4591525204
-249.080000251	-265.541401259	8.84840529557
68.8721707322	425.449810536	41.2029276075
416.273558636	294.686298339	3.56553398907
-405.049844507	433.776872222	1.76231806654
242.94214633	-164.621997977	-1.73665558162
275.059475688	83.8373237698	8.76653211157
333.519605521	247.03615044	-0.0898479191491
370.437387834	5.21101187731	7.12042498234
-208.146142583	164.094699701	7.17164198663
35.930550109	-288.028227011	2.99793525738
-263.737049091	401.774551209	4.51541549846
-118.899959623	54.6556286735	7.75780993565
-323.97648555	-332.978423151	15.6801549888
134.549004709	-165.670077782	1.85569728492
-353.247538084	391.404368299	3.70935508061
52.3694979442	-21.1829477385	3.40468151123
144.513214397	-105.513242617	-11.5614949842
-107.282582998	-198.698014148	3.254817666
142.362053656	40.4411979268	11.3481209159
-335.817499038	-291.538364796	18.4302222852
-368.228757508	379.166922924	6.51994562104
434.580599307	-258.887917151	5.20784045487
-6.20114286545	33.351326287	6.07381303934
234.758892634	355.166367629	5.73272912543
181.412566686	-199.379346752	3.2434017149
87.8647160943	344.820319989	7.0334679392
174.644490385	188.685803707	17.8027656801
121.838760755	317.406691036	6.80916904921
-180.669448508	-288.546883207	-2.80276074373
-274.452086339	-330.79451231	5.75586439302
227.62987259	-106.286418618	-2.85873912801
-70.1172066592	-193.623861656	-3.86341134064
-400.596363072	-207.963812179	9.00876322966
-362.932556574	-84.2804533974	16.6929291559
115.708674223	-329.92359847	3.71145910185
-385.734375488	-431.20392544	-28.6263826654
368.187011896	295.098475912	6.71870706751
-262.327249343	252.542098683	3.80746330248
-257.627055709	-194.667015251	6.19740982343
250.612390427	-62.6311189388	-24.2861788467
270.343179846	-425.977276474	-5.14736138483
408.080646175	354.787114843	13.5824804337
-331.195753241	177.199579121	6.7815800621
-299.637648687	37.2001686762	7.83727713482
106.866618666	293.120118388	9.28996937615
119.322315585	-137.727954832	-3.3274246408
412.424110398	-390.309925632	-1.09116352717
280.613911274	-87.5265843202	-23.7230710191
212.959379952	245.437478979	12.371939932
266.766054133	-161.251909274	-6.75039876312
119.306449491	-121.170470557	-1.63551817786
-185.817140663	440.266455455	7.86904524431
55.422199641	112.746580654	19.7870110345
232.456673547	-407.173576702	1.63227447914
-72.3303304806	13.9080923818	12.4947364676
297.27035054	314.636056659	7.80118031853
-395.577221382	-100.514985474	18.5579270779
-352.375597192	242.249615173	9.21122223657
5.91896808665	372.302184569	15.6489326333
413.049040133	-383.291839012	6.41586984126
377.386780639	-357.468429742	0.826380021603
-99.9348006711	-37.100841123	14.4181409063
365.01800401	200.287636187	7.72808615412
355.07932189	-274.596435004	5.52196158916
44.9477106081	-284.538891553	0.51312701886
378.265262764	-399.384907427	1.11652421008
118.94590063	-385.851957479	-4.81816182426
68.815125664	77.9466341452	11.5849008235
260.993049927	-50.6461294232	-17.3678906478
-150.710875781	198.042554348	12.6653191531
149.158300915	204.330078083	9.65900911188
9.18869508795	-0.201888645415	12.8615878945
-282.123221019	69.0835035731	3.66914691165
-331.09400932	35.6277955037	8.64595964645
-87.3454415024	-364.330807528	-1.58033779473
220.419378111	-245.240797865	-0.847997039101
-64.6409345543	-384.723405833	10.0795430278
-231.982543998	198.973458808	7.65312927191
146.606493765	-202.266701047	3.1904984036
317.465832063	-144.628261314	-23.6230591497
436.341966699	91.4910494994	12.6951787937
-39.4298494298	406.826235268	29.0994653698
-66.5859480227	152.649885072	19.3324545325
59.1887407953	-88.5738238433	4.23070016184
-409.42952473	424.502409957	1.41080709095
-104.354457316	219.514689096	28.8148355622
-171.450678031	423.004818676	10.2361761847
-87.3046094132	-79.8962159788	8.70035668912
-186.740366498	172.557402622	15.858999337
421.9253665	-239.678248096	2.31452761306
-200.784466898	221.092591307	10.7179253584
-59.2139097627	-75.7024489665	9.66875333928
234.976684378	-422.565633793	-0.674803176523
-32.0264642799	-404.652791912	6.43422242143
247.414732011	-437.821362763	-9.51010024631
-422.952383761	276.932725905	1.13655968231
1.25337602598	-82.2292335124	8.28553764498
347.826241387	248.52608473	2.21775076773
49.6031049007	-260.216633615	1.47850380632
54.7546571358	-92.2117220066	4.19948988729
344.023629645	-158.526622875	-26.0991201393
-1.31441605423	254.863985052	8.12877870381
12.3762940281	37.8345935783	13.8370806855
438.231548786	19.2260633571	20.8741963976
193.534201102	421.09600701	18.8410835683
43.7992966693	42.9744052794	9.1850834337
-45.3467325871	-321.747794025	1.58705386857
-41.7962930891	18.982208108	12.2179823299
41.9655580224	-176.330041674	-0.122349192154
-114.549306513	75.001835156	16.0985347344
-224.827192762	380.872751144	0.318135148265
272.49761921	64.2160401898	6.9683587005
-13.3225329693	59.8210804773	27.5780288811
31.8570105938	326.851413074	3.13773984029
-300.159009098	-382.380784776	-2.39028469185
347.732641124	59.43954189	16.0408204055
-26.3330413455	-54.9273959406	-1.79780966074
140.085524889	135.379185122	9.93144964815
11.0862260978	-207.987746809	-7.34763331207
-384.826890743	-417.253100545	-22.5904752338
426.957596022	184.19274815	13.2163582731
99.0131446587	-47.5841303497	4.57276998805
-159.507605641	-19.4072761186	14.4483256256
-179.635274124	256.210569788	24.6322761612
-313.318021424	125.62021971	1.72125798829
-416.947048791	311.773808982	1.22811968353
293.321181156	-77.4890971539	-29.8811581899
216.417350716	56.2737834546	18.9795748707
-46.8851695792	-258.656372004	1.57198809718
11.1398270573	-38.181571273	6.90785697554
257.096985839	-164.196861693	-9.0184581639
180.727175208	-63.4336524012	0.804725546126
90.6759340699	15.9262132802	4.94769617614
-46.5226357463	-21.607533612	-9.61242932493
-431.819579671	-365.800347027	44.3213699005
63.3090706031	-26.491448627	12.4189736362
438.084662844	-102.625696033	-19.1451639947
374.043903216	245.666141558	3.74760050608
263.950010148	409.780041814	17.061654599
-37.4467420911	-412.619488817	4.95517790138
-390.455246372	-97.6933314623	26.5825312634
317.730806062	420.048041781	25.1488435763
112.393985136	2.32776652979	-7.72270626306
-214.313775599	92.5761450985	6.62903676627
-219.797992856	17.3011362655	18.1021313005
-133.265502187	-92.6670628228	3.03902879917
-19.8990914134	-9.04905217596	19.8181702091
327.820530973	284.684037002	7.12356353311
265.189226692	-283.054148499	-8.36032211175
118.076030001	136.772670799	29.0861833675
147.793479998	321.3426198	9.93355549122
371.804083897	79.5373672486	10.8115919033
-348.47451654	410.72365023	1.65122392661
-305.546635857	80.0024604403	10.0856583813
309.158100753	225.833020965	2.09127093533
-354.600313107	433.277319643	-3.82463459054
-252.301270556	-62.8047722717	10.6751776729
174.557341318	192.861163862	23.4090688619
276.265703813	312.58534496	2.66606747135
325.988750327	-189.484312146	-17.703500951
-89.1611640201	-98.3272605069	3.07266023254
-76.831052964	186.308054075	18.9441519846
-83.3451477687	387.644537052	19.7434930642
285.237975273	-269.713536447	-14.8946489739
-5.44717132001	187.435377972	9.68948250803
285.823192635	429.362039498	24.5364635869
-31.4111818546	-213.823131747	2.09888769475
-214.310209541	-260.009977708	3.83016894874
-174.141757591	434.238015623	4.59212837899
-331.662792493	-19.3983137284	22.7108010594
-384.000817988	-325.713229921	20.9451049723
-374.096839495	-338.919251277	24.5640806299
-157.835804904	-137.708040049	9.11052873376
173.105424299	201.83448745	13.5315970255
-346.292987587	320.591106925	12.3448086897
398.389840938	-337.134644262	1.41120199579
-47.5957883827	-413.134975861	6.33040225397
336.800633051	249.454346498	1.05403749547
-126.791361269	-10.3095852463	1.49463376776
-239.974097851	227.345101544	11.6281566327
150.705747549	428.076300034	32.4968117241
369.436718551	-277.551845273	5.20427230514
-336.55440267	-400.979761649	-14.7632428773
-214.852750786	151.470142488	3.42015656493
175.197004099	141.898659056	19.5421175519
-348.365797728	271.788720828	8.96442437447
-106.051545936	-423.580307583	6.58800916267
195.048622713	186.834392336	11.6942520651
-389.056076634	416.72494855	-1.49813404943
-181.145402558	221.260132617	8.86513897801
-24.9962045281	300.369938219	7.80677401285
-256.273816952	-387.870347708	-1.13246973618
-138.682356025	-219.721861323	4.27587628209
303.035176819	120.315065554	5.3967818019
-146.170796988	9.24912215316	14.3566671614
110.833706543	-101.915826592	-0.668300163961
242.543484889	-170.500991612	1.41167194424
242.645182391	45.7293738498	28.7638482743
-18.5632779753	160.505540609	16.7447570323
69.7385410869	-237.082355978	-2.40800914616
356.262620042	-379.760914484	-1.62892585524
-406.207254769	-368.23038957	37.6405020893
131.323979915	-246.812126921	-4.93629285076
-281.934152639	-213.862369934	13.9338960596
215.399743978	118.001169599	18.1315297493
327.784486006	291.182556871	1.16787871444
439.835451326	194.50127736	20.9890491799
-378.277070057	257.113206195	8.47917008404
-17.7721191397	8.41019712196	7.17255549497
-175.077020115	238.258363264	11.4477718385
-362.649677839	416.674106291	2.77240049947
-185.434754273	151.413933315	6.37930173925
433.859904294	-89.2354001004	-17.9819961914
-276.370223373	285.842448984	6.64278279392
17.9141255332	212.902894953	9.32399106185
-311.501744898	-248.984392803	14.2996126109
273.496590838	-303.469914809	-1.12339162784
-52.0048860711	-363.740291008	-1.15726798674
-203.124361369	-74.1122612081	5.90142845324
-52.3382937602	-283.211201734	1.86517294473
-170.054563952	-159.862950785	6.85786960952
-247.608420325	-270.384998845	5.21576497251
-141.206594278	98.9280213641	18.6416342459
373.160473265	-59.6415357022	-19.2074003459
-351.877777283	-396.084938887	-11.8788738142
421.418966322	289.507146331	3.17080205576
376.957533365	8.67654011421	11.7454373176
102.040477251	403.641939914	27.2804531366
-389.885037933	6.71320236393	25.044747793
195.755998433	-383.334066659	6.01425304088
1.48767068135	-252.527201145	-4.57322407151
87.0765508357	-340.217293317	4.32694777271
-391.207551714	-138.093913227	15.1418031815
-242.006406701	367.148484431	3.30245373068
125.635875202	54.9836324681	21.9486872081
332.792189213	131.344954991	4.68622043698
398.823096441	259.301463355	5.02219083519
-10.2231133015	-219.41351786	0.756950400431
-330.798399244	-101.053033225	19.6320708048
437.346102649	-165.178757262	-15.8896651798
359.20174271	0.648770344117	15.4272294771
-221.166375535	-367.232374491	2.88809670619
-205.084393544	-380.218840314	1.36707013339
-430.292916123	-172.897949166	14.5339613496
299.391371799	-288.754343352	-11.3917520106
-39.4890221657	251.990328782	13.1195009407
87.9914156261	281.320579257	7.31739265046
-239.617072416	405.001518125	6.12237389823
-158.462989178	-162.928812939	10.9351709166
-179.346032867	-238.021210908	-1.88126317278
-152.125506687	332.108178451	14.7147738652
182.489513804	66.5363555525	26.6200021642
-351.045819676	-240.036655819	13.7713179039
55.0746725851	-167.197444986	-2.51026857961
424.842296915	262.718876425	3.01308442097
151.147088026	357.140035486	8.55376954109
295.638296993	122.270383674	5.13370402321
-265.109733842	131.03783488	-2.7187411143
-302.086480715	-387.537068986	-6.83051385744
301.144594976	4.03068873245	21.632203589
28.4228812037	-433.966930018	1.78987629077
-4.30445471514	-37.002315266	7.28605980178
-351.66895069	-38.1557414243	27.6262796929
0.00341245694803	211.944541529	12.9798450707
227.465246664	-19.7326420355	-19.6879570364
52.9747589987	385.743881426	21.4957037002
112.742689486	211.246461017	11.6172634908
-172.184041322	413.696230943	9.07402872891
-18.3046316187	13.2911937207	-13.6218395662
-224.078026829	164.340635506	12.9360163247
104.760472735	-199.309348785	2.40767401104
-167.318810997	-395.3258147	6.61115734888
-38.6479687978	107.412240673	20.6957039232
