32.9607663799	-349.950017369	-2.26199703827
118.593836739	-76.5111708665	9.76378541983
-431.528252464	58.1977038732	0.602054101262
-86.7634199096	174.181487016	-4.327324092
-119.215716661	-62.0653154253	-5.21335833965
228.839591789	-427.688088057	-1.16932915661
-290.203365258	148.125541809	2.53183784042
233.84685081	351.228594095	-1.29109844736
138.972350598	154.212774261	-3.87482601691
-227.414455189	118.698304434	-1.73576535854
414.457955167	365.024875025	3.8392163888
-293.971042072	-298.503128931	-1.31905398012
12.333337057	417.583159591	0.87262061044
-377.352973185	83.6445136066	0.514297972915
-308.696578822	203.725403795	-1.69996392955
-15.3611841378	-275.571512741	3.85814075096
-121.524714096	-116.473125151	-0.102659466912
-16.4578782069	422.907906519	3.20504556978
-79.5965068751	229.916380594	-3.79111892641
213.808284936	-438.028331247	-1.72447200291
353.837307983	244.107614104	-0.233983143751
306.777632454	312.949334078	5.48329195064
-302.03492242	-344.900428065	-0.737537255483
350.997048696	-56.9288763453	-3.424071736
164.173369717	-315.385872763	-3.25859426331
-76.5897264021	329.260717197	-2.42223466696
137.038211153	-176.927402248	-3.78984484762
-408.481306213	73.9120771215	2.05241967887
-282.170335278	-280.42152352	0.84156704924
413.071476105	97.0571437609	2.32508145436
90.9227830183	82.1993530124	9.38192759551
-142.142493502	-343.699518386	0.566513100662
-303.187885888	-162.570875892	-1.70656089676
52.5514296419	4.70230869111	1.88269447216
-143.228945772	-172.324905576	1.10275579
-133.647801743	214.307509479	-2.48573519823
-368.439948089	-194.903455683	1.36792384448
156.316737844	-441.798449594	-8.12070297269
74.2195705537	48.224589601	8.10617417578
211.289177886	-183.802643614	-3.37763330583
281.203471201	198.019955919	-3.3832634502
-334.679282213	-16.3284414321	0.0615319075979
-282.598005587	-64.4755726945	0.897013811653
-350.172115846	-239.575115558	2.92839861298
-59.2198524388	-227.130286607	-1.33785785448
-427.190305498	249.394671198	5.15368174173
-212.382579135	440.832959199	1.84388524443
347.539122814	-33.8647076085	2.45702884104
-175.549667312	62.7923963177	-5.89380597675
320.211886555	-149.601835424	2.36032371118
88.7970341635	-319.571795338	1.53002653948
81.7074624077	-46.585114679	9.04033205081
392.336327295	-439.011201978	5.2494616414
203.07260266	421.812006042	0.358814192311
-375.025507488	-322.562909465	0.532871540159
-374.361027057	29.7466999524	-2.22410954419
137.45670062	26.5807442387	1.15223561862
328.428849998	-63.4256620683	-1.92311462155
193.086765394	242.061259398	0.657534313352
346.077714494	-406.077548835	0.819896822073
-341.73156167	-274.601826719	2.61509904676
-242.953230603	421.831567126	0.640132544028
30.9066666572	368.200603826	4.69588741631
158.647735118	-203.991210464	0.623164086638
-274.80178947	-49.1004403241	2.11273832124
-396.440612873	-439.954904545	4.02778115523
-239.140288562	-24.3768184668	0.99868688135
-277.34455128	6.88330695306	-2.72946642391
137.13757601	289.678819271	3.19473324071
-288.876326878	-432.148899483	4.29360778581
275.311782042	258.856668638	5.86188826566
443.640555757	148.677112217	4.05417539405
-80.6096120477	288.094817929	0.375122631544
110.019474767	-133.783582905	-0.801097743534
-353.404107735	299.890444589	2.83802675262
-226.354581824	356.880327949	0.593232663336
-311.671439081	69.4808797252	-2.90931161355
278.33084725	-322.152244204	1.99810041376
347.020589033	-290.084850565	4.22923982035
-230.364127272	18.2734993619	2.80049948367
301.69323295	-137.139023624	-5.11700452931
-46.6549639469	-94.4125021993	1.6663846004
-204.386251532	366.335299078	3.1321389574
-223.926142525	171.769192862	3.0467547974
-171.684139331	-411.400680215	-2.81784599248
-283.462755757	-208.420421092	5.21893711795
-416.271773154	-227.54871233	2.35648064688
209.564224184	160.66312759	-1.29980219983
276.695351254	404.595910327	5.81372946718
252.529121086	391.398694465	0.847395572577
-149.649393489	-53.0065343687	3.35492551945
-60.7539448118	363.516807655	-1.79030180877
329.621863291	-81.9478849403	-4.33231740316
-213.154314172	-65.9255273137	6.43162164548
-215.665518665	-201.010479424	-0.581807567421
-43.7131833304	-82.3399169963	3.24095193424
-395.278799437	394.301823235	0.0136720754782
307.226568136	-329.177600057	-9.45714879278
-330.697677042	84.7581810535	-0.289061028694
0.0666914032702	-258.310930558	0.443061619801
-104.070892311	276.833995692	-7.26780827187
246.712767555	290.315828957	2.89688760656
416.203148158	-248.854694815	-0.0013367045249
380.680565099	-327.848820207	2.52259869142
339.077561461	166.330435998	1.1292059796
92.6111395099	-87.204664783	11.0029820578
319.086850836	429.547239208	-3.05242472609
-422.320073713	248.490193777	2.12923961152
-64.9200051252	118.029152055	-2.07239371955
-127.138782651	193.941170044	2.01928626198
-89.2632503268	175.580134959	3.46403375536
-71.4591473125	153.101047996	-1.77149835793
-160.261743281	56.6253046097	-3.084674111
410.718326286	-347.315907581	7.42244850397
-306.794312073	316.241956328	1.74148369271
-355.13995711	39.5088736992	1.25208067829
-267.984938757	234.062988849	0.112168993898
48.3678736262	-415.845129236	-1.30218595333
38.8323506096	-270.488722668	-0.552235119908
-176.919447347	275.807039415	-1.50694179986
-245.972049668	383.808617494	-2.75807086345
141.478605533	211.346710597	4.7957691496
-410.010854673	-116.4819966	-4.90239956086
350.527173902	-131.260532799	-1.12087147692
126.003827108	438.805516677	3.49582029933
429.921590574	100.832361431	3.00810075193
85.1025970123	412.314692611	-2.3813405271
-96.8409674072	385.805945761	3.68809187879
-324.6149951	-431.628320455	-0.168293257958
8.15582734261	-24.6197105652	-3.43588702978
422.546062519	-315.841509731	-0.432099444208
155.445325269	311.530952778	3.49511763292
381.562030532	271.851531239	3.77353697028
44.8998148016	-331.855005338	0.0307293350367
-372.816091278	304.186289786	5.06772217683
-133.110462403	82.0322482634	-1.9142809296
-297.66342964	360.701295254	-0.59142288767
83.3462967709	118.420413074	-5.38447409116
-366.384045722	170.342541528	-1.31353830013
-128.725013268	418.129521097	1.75061062451
133.817139579	-385.521775284	1.38333107211
271.731068183	-114.145648083	-6.59117312203
-377.135310663	229.351808223	5.23608709192
137.394316493	355.934018583	-1.07128345758
206.238889317	-182.626514462	-9.16319724309
-24.4240267943	223.345055642	13.1558603379
6.71508845432	-133.940315512	-4.92016671731
-305.117362118	428.17558073	0.460344258471
349.604211234	-3.33454809797	3.68315298752
-266.544407858	-107.05484001	1.81703249254
-340.999273779	-53.1149820355	-4.25740691408
439.544414332	-19.4921003648	1.87040349134
-128.685139005	151.287610542	0.854154422634
119.921612632	254.733533431	2.93438176193
-356.528059893	-394.253265975	0.356157171726
190.452156771	253.582470836	1.03325983743
279.089133879	306.933601155	2.9349928212
387.085939665	-292.401836451	1.40850174419
-81.9920293412	-250.435802786	3.93398397029
127.632295445	-170.703586123	-1.73704364495
439.384670703	-105.070116696	4.49858941214
87.6958174743	329.114933312	5.15542252764
346.655707811	-243.214559766	3.13198126423
-179.611058451	-261.578867029	0.676555076736
391.680749453	211.314332691	-1.32248728539
-357.239015959	299.568865444	0.0232452883504
-45.4132006476	-96.3817072006	-2.53726286819
96.1830772684	-110.244818882	11.4414578207
-287.228248878	123.28936193	-4.10472522955
129.229579726	-368.319905881	3.29051502254
196.959730037	300.279821856	-1.60579940039
-239.939430897	58.1438870675	-2.01704426459
283.294723274	-324.363356527	2.67969992888
32.4554600288	417.449182812	2.52687597542
-94.9725274757	-56.1352491093	1.913567614
263.917534677	-393.297669848	3.97193592265
-34.2495832942	-143.187526559	10.1974448351
-285.830576429	346.953328691	6.30046059993
183.04274757	159.663669072	-2.80491944871
-241.863477715	438.993484954	-1.70114764403
89.3343256188	-434.596324461	-4.69073429082
0.128471104856	-123.87141409	4.95003092974
-79.3168876736	403.211607379	2.8085402809
-153.863024821	166.760390506	-0.325191038806
179.335435956	-63.2788269126	2.47395455943
-275.481155485	-77.8279506779	-3.1366220221
288.477140247	-183.02502044	3.99420111547
227.250575037	22.7131034811	9.39020055563
-335.169620373	-400.368973615	1.00774380827
-246.906503699	-357.287249586	-1.09490093595
116.729852942	23.7508249744	11.3340307726
167.1796906	430.075040282	-5.71382239501
103.805802755	-175.429305291	0.878235796393
270.98096514	437.109005187	0.520642218969
341.337385456	-271.926387919	1.68462676665
-426.235185803	-45.0099471503	-10.7900748964
388.159014217	-212.926639099	3.19705728825
75.6239492016	55.5866096437	1.42238689746
16.4825006556	-27.700472882	4.49272972088
-78.8526902741	160.417959674	0.981359069013
402.532379923	281.075632046	3.57157512963
110.41157522	-333.820459218	4.0462302634
13.1908175301	-265.290231831	3.26918513582
49.719669846	25.2924978764	-2.39206325056
111.939084886	-199.648657887	2.27196879108
208.655846511	192.094603814	2.43741107711
-255.328154385	-89.2881813025	-1.92537680334
-370.019701811	380.287345803	3.91502817287
-155.894058546	-29.7603071521	-0.487035132527
182.185609922	-380.091160674	-7.14395446482
355.545124334	-154.309228853	5.35630485968
175.375899681	-404.097405077	-3.3515746135
-303.695520693	35.3960705719	1.75725196384
-172.215296149	115.124669905	-6.39236918268
-188.223586492	240.918617533	0.443054395565
394.141790821	356.847075234	4.99733653212
310.743731783	-361.516790516	6.2188523153
-443.706818773	12.4886617218	-5.24030250605
245.506457684	309.514553234	0.528090496695
365.787587308	352.9516123	-0.927183021307
414.662642948	-70.5807006938	-3.41297351291
-122.116527195	262.615944428	-4.62576359589
219.020138958	107.38541315	2.26700592854
136.288673619	74.9248797754	-0.286630084326
-254.347858869	-163.598397057	3.7993781811
175.748454897	424.839340835	-7.11749310038
63.9973804224	11.3217037364	9.91498708317
352.436065806	229.058893395	4.47253733616
72.1523384912	242.283536915	8.08100807316
-75.1638773664	-153.868593706	1.52543309933
-387.667213323	-119.561937109	-1.83736427142
-63.0011219151	-350.069926819	-0.243254332915
-112.461415493	104.515233528	-0.603278469202
-56.3453968178	-411.77221106	1.60899393585
-272.907398342	381.357268129	4.32816161978
269.489531621	-229.355221609	3.07572353477
367.324648868	-96.2050260969	3.22339656749
399.971900403	-372.198694725	5.63403322179
402.35807217	421.240218191	3.77275672014
-35.897526846	306.622833546	6.47931630713
46.9431098724	-36.0989131509	-2.21882046421
-421.619627437	-424.393786526	6.75770858805
69.5395387036	-51.9203991716	1.82390439789
-99.2229142087	-300.220628346	-1.28143957188
65.0223250473	-172.090878371	-4.9617640063
246.54716768	31.4017198098	3.48977161346
-221.033729818	-89.4529193178	0.759509202189
-64.1643384397	-40.5231784616	-3.24888645512
-12.8366690995	-174.598570548	0.159941414475
49.2113745119	97.0839969554	3.95851144524
-344.470243041	-209.760128855	0.0229271040356
192.233167987	-144.089359015	1.7451933846
105.121600867	60.6025395619	0.00347448454947
301.975050139	114.458193067	-0.506224649019
62.5320474377	-92.824092152	9.90340886181
156.730952998	-198.65347311	-2.71036921271
-117.454689485	362.783887605	1.09543311621
253.981747739	25.157408081	3.14522307493
-343.030302352	-414.050808409	-2.87734164927
65.8178157667	254.005020122	-0.607350951066
-431.678376624	-260.607289193	1.307453371
311.112693533	195.221778512	0.818135152955
-101.08905064	352.554312933	1.52974621221
-221.359050614	-168.269213875	2.0689098805
213.174441373	196.4524086	5.86683374989
8.76982944327	-282.538777597	-1.7051568991
373.302381501	-153.800129877	3.39605193524
118.475298561	-244.132429138	1.44896390841
-428.546236974	267.779025789	3.65409500237
151.042117105	-235.110257855	-2.87990709004
-274.914544682	261.544975769	-5.42119355858
-65.8664548088	-130.63001651	2.27598886347
-277.389757057	104.254951768	2.47612060698
7.3213658194	-155.023955265	0.683331128384
242.713366828	197.425122532	-2.61055352604
34.9660966853	-76.0396338791	10.6594072045
-174.161625391	261.576261365	-4.48377577831
-226.972459292	-201.202401842	0.148128721641
34.210817458	-285.691212868	-1.81026691004
401.819337493	366.438977742	3.80800577033
442.7311792	-2.8983251741	0.0946856849124
172.82912122	-125.278702175	-4.76785796476
218.728503682	134.814613545	2.63288025371
-378.458810888	-125.855075817	-2.2954843747
305.454014115	-420.793737053	2.03515476984
-286.254546177	-159.466086901	3.19583656481
-228.468927732	-398.924351769	-0.568010003097
398.886592372	-313.164105006	1.33611484802
421.360608134	-342.44219649	3.48903890146
210.851509129	26.8214157062	0.204419450811
-417.692166511	-199.505997542	-0.223367901702
-298.858524436	128.30539094	-1.65835434376
-144.562554136	-337.920222646	2.65720134398
194.594391074	361.953985116	2.22256399973
195.173224883	-107.190748101	6.28528457241
351.608758694	-165.898398837	2.98609769205
177.5524324	281.062308941	6.43845645211
217.279841798	-127.712552048	-8.48033131506
-37.0286681029	-81.3524672591	6.21038569036
-409.697594545	-149.01336794	-3.79064463259
91.686638486	-408.772772813	-0.321944400021
-198.086788075	379.080529954	-2.72653052872
293.419862008	306.954278529	-3.19175799308
378.077804328	69.3206606596	6.12673772454
-96.4073631154	-347.363356685	-2.35444033047
382.394233114	-335.311057389	0.686528301252
-397.448167386	-391.60481667	2.59450092447
274.058353202	-96.6446006586	-4.55625239818
174.897614873	-56.1247391618	1.57935281594
-359.863399709	46.8886529313	2.90933609982
157.292501922	338.086242302	-1.148997003
-374.842154869	-70.7130133681	-11.7460239467
-391.347767529	168.210928193	3.50636678695
-187.675351508	-220.306650957	1.6800723943
189.634858535	296.795582879	2.60096370565
223.657226156	-280.998141068	-2.86591261318
-145.98331579	408.654686098	1.74682980609
-84.5954902824	246.604916593	-6.75180237497
-51.3670504351	-302.520790208	0.630111364652
-268.871911859	-27.8258524056	2.71229215853
26.9993137794	75.2133590084	5.19034681524
330.182064636	-298.700696582	2.21250439882
391.711595511	166.774365912	4.91965551396
413.997804374	-225.284361284	3.89271502968
-76.309298861	207.640392069	-6.97911334243
-274.002795284	-195.562639961	-2.93518912843
442.630290684	421.943884051	1.98815697923
45.2002943299	99.9594616402	1.81309631776
-91.186507161	-80.1206652401	-0.986976486724
-63.2820706357	-203.185571493	6.6006650787
-316.980685945	-193.502903039	1.63004438195
180.3412394	-153.585123463	-1.49121885004
382.85440712	-229.63878061	-0.472655643078
380.900672105	17.421812392	5.09430090429
57.14759393	-172.55504439	3.38810444549
335.329755061	321.27932848	3.48271903722
-273.445037184	-349.337114724	0.73530842309
-413.922522694	-134.53214255	-6.13818894677
421.316389053	-4.56422452115	-1.1465340711
-31.030641441	-402.377323055	0.235672443971
64.3001968825	340.205896098	-0.198489559328
404.307016615	259.302275696	6.74308575913
164.239651113	-396.65586627	-5.24881878324
-9.16783206799	313.965704324	2.02549120747
282.173714968	152.709964099	2.73911360303
300.853893622	230.927968561	-5.57810156902
-298.988349464	-67.9120455959	-3.1623632902
405.658092691	-337.290371294	0.704637590876
90.900805273	150.006768143	-2.90764387083
98.9214293895	323.392296156	6.90760850792
432.363303243	99.514948744	0.562530645342
-342.360497293	87.8887302263	-0.388547340018
-255.690081032	346.949144755	1.5874266466
-354.995645154	341.942650132	1.33130477045
14.3212287804	311.220382151	-0.4936908693
352.632408579	-15.2652725629	-3.91323972668
-300.31738117	-386.927876726	-3.33977059825
266.162300709	-422.758337708	0.346454821865
41.6988462691	215.685807034	1.63049697979
-305.168089507	-39.8384429969	-0.888685050486
-105.990580615	437.901688702	-0.325521158998
333.415166446	-343.453658883	2.04470237225
-411.995951069	201.3813151	2.04676391094
167.755756167	75.272481965	-1.75628135658
-420.27104695	-427.177684212	4.22876596891
405.276031369	146.657852	0.161126837108
-35.7803779165	20.5608929349	9.66931049803
420.007330992	352.675932066	2.21970705657
-425.218006351	369.519440984	1.10275169751
175.348864904	265.052243942	5.90723005936
-72.9950747088	-391.768377241	-3.00460778056
280.143206311	289.5134116	-1.37888043471
-82.0886362318	-112.722119814	-0.269078373364
34.1348533531	70.2974724031	4.08243942171
369.388078553	229.801854384	-0.00317111742807
84.2445173232	-115.710008549	3.04768798683
203.118020004	-8.86970810306	1.82374817343
104.870690669	145.988989702	-1.96403871267
-148.844909571	364.06782933	-0.451662350816
-81.4700467	314.753703398	4.06813445103
-89.0633265778	236.974527959	-0.16809950107
-15.4936453347	79.0050007437	1.86646782443
-424.77783255	24.3453301238	-3.41879460166
308.277139514	-207.095881499	-3.57677067695
429.344220265	-228.553935885	1.35965576377
269.452632298	-426.042288443	2.68346889468
-39.1158296494	408.389049324	3.80580718161
-351.625042568	-404.825092824	1.72003855368
-68.7920800987	-212.826177911	3.49418158526
137.402988215	133.702985951	-0.966199202779
-288.560787765	-171.566493177	5.32328628069
-7.82672063392	-429.418404043	3.99379010751
-437.885777743	-8.53133287191	-7.29066921871
-320.995018857	405.638359609	2.48444755325
-111.965279279	-257.656568266	-2.12042592332
-365.229958457	13.5890788482	0.407693549202
396.057578208	-265.948661532	1.33194477291
-224.331108711	-270.397255881	-6.22495238928
-88.7525159603	259.318212046	-2.5809138294
293.692062677	-276.992535781	-6.86770735892
254.954592977	333.292538543	5.39710708192
133.589998256	-419.102765708	-4.00744150965
20.5769281597	-361.651695604	4.64415611318
-336.004719928	-258.399750568	-0.635402392176
-23.9250078758	-76.1402532021	-1.13265842559
-305.705470563	163.413738209	-1.88448615114
-261.109295941	285.793380411	-0.154982790016
-147.743529655	-444.874324508	-14.6864150977
-103.643365069	-11.3952673148	-2.65973022865
-360.838856059	-57.8098539853	-5.58080428063
106.578626321	350.29032188	3.09979882858
-176.373153623	-229.944756828	1.15046958796
-325.905677229	-442.660594856	5.93367422464
211.186778783	148.181476616	-2.38491555424
-332.66307711	388.624260301	1.51567385066
406.489851774	-225.181911801	1.64310817307
-282.958611391	245.259128869	1.94658527908
-385.067247298	-349.993141434	-5.76201904073
-96.2695394722	310.663037338	-3.63629326454
-366.060333917	-84.031437767	-7.26131519005
-294.294363195	346.579769174	3.36336723208
22.0904647237	35.5686121486	7.54763565159
102.601720813	-59.3320592561	-2.1740932984
-245.72133732	390.441654689	-0.576653932265
-131.802081706	-281.146133398	-1.58554578333
336.274583695	-431.492572466	3.4266831251
-213.265521727	-64.2608674532	7.4291551153
-384.952262529	-133.560846404	0.266098364112
209.048849989	-424.090428458	-1.52470731431
-155.487673825	-128.750753564	2.90235219326
-33.5278762455	28.5718954873	-2.32289758546
36.7986257216	357.60469756	0.282545277458
172.850066068	375.966256977	2.44770562006
-411.833549912	127.979724888	2.28549901168
-175.588338179	81.6780808802	-3.36234237676
354.636806014	-6.16147882502	3.76689222879
-317.88477586	-29.5841898362	-8.0471342164
-369.394968545	352.201845661	0.178679236228
-162.112740065	390.867800643	-2.80440754941
169.014864509	372.227493076	-4.33052302067
316.992049753	171.707765073	-0.791089217143
-123.014797838	-179.281784925	5.56213800373
367.507890999	-230.149778156	0.00878069075245
-111.788043198	-173.356253723	-1.84020619787
-58.7299506087	-146.710814533	-0.295640773934
326.694315926	-29.6441455802	-3.42742108426
296.138985098	115.062053189	2.50523739073
404.306044459	275.979744583	4.79005068325
352.481932992	299.833581565	3.9477612842
-198.695484757	354.905199616	4.97497123485
34.5738042596	-114.122137999	5.29623233403
-287.791506609	-403.730822669	-0.564005062072
-218.728083776	-346.297197673	3.44996727154
424.301216727	-323.882516549	1.30137144668
153.269526484	-395.012697629	-0.556944173412
63.7736215448	-244.587535342	2.07940980992
-27.8312965247	93.7635784303	5.7518964193
-394.819124041	424.9179648	0.392715591705
-368.089992826	-294.564174447	-3.36665818551
-103.849526093	416.889470126	2.31123195057
-251.183347484	430.768064999	-2.10972850058
171.515753835	-28.3438151124	1.17706870518
365.747149969	294.916455881	3.67027839697
79.1642677125	-249.172118073	3.23752443167
-155.22793552	-388.793974237	-1.17441895129
-98.793077589	-171.308315317	2.61622132013
352.561620146	-108.130346706	3.48653187684
-88.307497562	-389.056716765	-2.45152885482
122.144338235	376.805593617	-1.90827170596
302.622257979	166.444540226	2.16002203077
-337.507864175	-203.569144577	0.238148789815
192.64346245	304.054974719	1.89040966837
385.538521645	-48.3074492103	5.55771688684
310.791495064	274.555521921	1.04410926453
-254.75659145	240.255738547	2.8651527654
169.718507419	376.58150597	-3.31976372795
60.6011523051	432.336014185	0.559786584196
-258.207148105	-353.790135526	1.55370347723
434.291842834	-24.2848230731	3.49142465114
193.10640222	254.976043727	2.71792523774
-334.910736633	26.1910171555	-0.330981146467
-434.535428333	155.625997999	3.91779599775
-375.092590463	-260.238289413	-1.70807053331
250.230424137	-222.703544354	2.72108247237
109.363864899	-55.1091665195	11.1656238844
-148.721377529	-9.09861873258	4.44574987672
-118.587402014	-169.69669539	1.49417608338
-234.897886165	331.60263128	5.09855291387
-127.009039391	-231.119343737	-0.106826684271
-318.446268495	-284.496644005	-1.03712263953
-424.564444505	205.144113333	-0.328376253627
297.680282161	268.874513223	-2.30211124451
-306.388817324	-249.423248537	-0.358537178182
-394.249945122	158.63688068	0.0414964191423
18.4726910784	-167.947757602	3.7797667781
-32.3049127491	-94.8642935578	0.754952646341
33.9573928737	-66.2748277586	4.9559263186
-237.491573932	413.721954208	-0.420382024313
-187.848034351	-84.749587107	0.0875252882616
-441.20462943	-421.08312796	6.15697294945
239.578118073	-212.167595388	1.83821180652
20.8489168267	118.22411219	2.83845687674
-93.5754517755	210.823657405	-6.91300773332
-60.8267118342	-287.509322382	3.90724455001
222.257446558	346.414701963	4.14481809923
-158.294055427	-15.5270855768	-1.74378925598
196.718828859	-329.59482624	-0.912201423737
-7.07688516289	265.527687701	3.49027571076
398.59993237	-219.445164225	3.92059514154
-369.456248942	-408.358580863	3.58486351321
276.176401277	-228.400844023	2.37874599672
-61.3642526623	255.270468268	-0.593703550029
442.990989692	-68.9207591736	-1.80530393077
384.128677486	-405.997260243	2.63339892018
-376.083395856	-356.303569014	-1.18484565528
-64.89296398	97.3014194015	-3.52437466199
390.414794163	-169.341858732	4.83141720942
-194.453519164	208.835106463	2.6308432298
83.4847528623	138.136794127	4.57329594654
440.338012729	26.8178735927	1.40385097044
-413.7284446	335.303324594	3.65193304132
-80.2162351811	136.44268792	-3.06057731465
-251.449382245	40.7234095762	-1.43711326594
-116.25961438	0.279179149566	-6.3160956983
-338.427735313	-81.0872010525	-1.68114528265
-269.59667186	-378.503821224	-0.0393410619381
385.642320594	392.014219207	5.6586652813
-373.382380912	48.6763654235	2.44034399842
23.7296678375	-70.8897416143	-4.71689283167
330.155220446	-115.188928026	-5.12900056994
209.004612885	-108.604120975	-2.38280938625
-330.416657539	278.450401364	0.65631333506
-242.509132338	-29.7231619302	3.37290888942
-414.739842885	-211.645929854	-0.518680469151
383.279798673	-34.8392770639	0.892539392714
176.933695533	-275.677078587	0.363901173737
90.3483498094	-234.733134807	-5.01638575555
-342.055754268	-274.121660255	4.26597057811
294.543962089	201.65048285	2.52522895368
-381.818111097	431.288180024	0.0800574618376
-435.601561583	-101.062390095	-13.7013203656
-175.954821929	265.10832045	-1.57443061076
-269.182523515	-18.5437483104	1.26713384881
-373.313693	71.8152187343	2.70774231101
353.170009735	102.238976565	4.70884575466
309.063229932	191.040748872	0.444992862622
366.099922957	-100.584035988	-5.99612576403
-357.444996193	67.3028177844	1.55176257216
-427.108056869	-106.801971696	-11.8110543373
-112.355347229	57.5053254182	3.45393103916
-391.107070702	427.990398934	-0.354397047169
115.70938203	-42.8042770648	4.6264906966
7.33281691084	-244.826094601	2.25717940405
-15.8345895132	393.077042145	-0.819325194441
-220.793426771	200.903340533	1.43113299284
-117.63232301	-405.112366684	-6.31043661766
-142.598389094	-200.579052839	-6.25885793011
-258.159873271	-303.734329071	-1.70568701997
299.068481361	242.825575837	1.8229021318
129.387978812	-320.181458697	0.341348981405
394.237911622	216.912968609	1.75241300284
68.3276132588	-341.958151528	0.786279755154
272.391652438	29.2522983654	4.25081785081
-11.0664982687	-68.2913916152	1.23415913663
440.61996133	-146.880036538	-3.54254482085
-141.921173553	-38.708429554	1.66557486552
395.630573888	304.826146186	5.58419244459
-217.291892422	164.918539569	-0.193978468896
-7.29232802828	162.949992322	9.88013645216
-237.903906948	-97.2793291654	1.01619659667
334.644974702	-3.49341705434	1.34500611318
350.574274044	182.140538113	3.3049248153
315.840287076	-204.483046119	6.18115979269
-22.8029387838	165.083454648	3.9176049562
-226.263382171	411.586199069	-3.33997227917
-91.2656818257	4.17295647674	-0.921120032369
-351.233795001	111.804423797	2.97754156004
-221.018487011	-423.585484469	-3.53166764798
144.263169466	440.742139568	0.637743817724
-251.377221663	-158.925490172	-0.847498111378
371.181075838	-209.276187758	4.2469482364
-88.5445715424	-356.797046119	-1.78651379326
307.218755029	-245.147903183	6.32588174422
-390.264450077	87.1684107773	2.35592421992
305.831793674	-314.4293564	-8.01911500394
125.269562539	-263.48830149	0.966072655623
-85.8655803624	-252.878907136	5.27880016742
245.341892942	95.5214409456	-0.492125941192
81.4637601563	-104.585796675	10.1234415146
-50.1412771544	98.6579249695	1.90696279542
269.31382277	340.356975196	4.77534954468
102.378891226	-424.24098908	-4.52286729258
271.667641999	427.426479555	0.415070154293
-186.931137593	410.953528524	-2.54785049172
-78.2764973088	68.6836789444	-2.91437236965
-224.395271452	49.7423567224	-1.902145025
-359.415159376	-400.493167261	-0.641331716909
-367.478212879	-62.1561891955	-7.39221407411
391.186550421	-65.7596226885	-2.58303226754
-115.490250591	219.641081141	-3.77873529719
-79.8626899973	-226.52101812	3.73357862666
-157.468144343	-223.534263085	2.94274040347
292.216801763	336.09062077	-0.807803110861
-268.427892128	289.889009219	1.16723477721
-417.078524405	162.098623931	1.00526459165
133.033985935	-434.5720698	-6.25400211515
-140.587317435	-325.825740566	3.70849165237
2.44465022422	125.564153429	-3.76273834566
-280.254486306	-360.162939758	0.668050031729
325.556219282	8.20345206605	-2.18132310364
325.823440891	213.266918341	3.18262276084
229.750242382	-313.945789998	-2.98797278583
183.199945213	-26.6017952682	0.00212035292609
221.634296913	295.797087115	-0.100942824806
-207.734659779	-136.402242078	4.09204956593
-27.0601611603	438.052234341	-1.00824815456
257.089180966	286.324071508	0.580486676622
308.003651322	326.684689149	1.78202854773
-401.271060163	271.724517304	4.05216562832
-216.998572831	-294.712688025	-2.15954191322
57.8056868428	-301.296552795	6.03572822497
207.469741453	-96.9365568367	6.74602472142
-294.529607522	48.5851920066	-3.32534572804
-424.384525336	340.165707917	2.19124838044
218.829704925	-181.865630862	-2.64149138003
-23.8348885559	353.911416613	3.42035236489
-197.531896746	-238.240805058	5.40659335309
258.307137023	111.774467293	1.90260634779
-394.248775541	-250.530613714	-1.31456052695
-125.414989224	401.867867088	-2.6705516941
273.36197851	219.920212678	-4.94818629318
-219.342968801	-412.057105813	-0.657824252595
127.063250133	-250.388785161	5.63577894052
-221.813948105	-426.602477896	-0.356806151733
244.675869984	-156.172018887	-5.42145590042
-134.353126144	-367.003459006	0.989115399579
411.916085216	66.121928727	2.85997340168
110.43877765	349.568676129	-4.36364219723
103.47844925	-201.321712148	1.95302877443
-37.4075019214	-33.7946414612	-1.35190941765
345.418304475	-130.026045426	5.02260834304
224.282607155	92.3743911325	7.64020839705
-342.185506647	-203.215778145	2.65750820377
-301.756007354	390.042810514	1.99459867264
-367.096839484	103.544062285	4.61137159313
-278.362873503	-43.7366285046	-1.91940382022
-391.793911516	436.635901693	1.21164440454
-243.990412649	-237.050883006	1.44879827373
224.12910921	5.28293570267	-1.12475203495
-119.192740875	96.5710085859	2.5056126684
-143.32746002	85.2783043222	-2.09009759981
289.553595333	221.131633915	-1.62076210957
412.123877023	336.428460485	1.07482264318
-413.597917994	165.044132267	1.47584405951
-330.732767927	187.034309775	2.41968201628
430.184685997	-286.710896718	0.0381374180247
331.604718861	-37.6133951204	-4.24127078249
-367.69010679	294.579499217	4.06716270287
-386.46787311	-312.929928324	-4.06870076425
-261.183535654	53.8006508502	5.03851605837
314.235264786	-269.524913043	2.79362099822
338.797073354	343.228346775	4.32487013011
233.355684645	-379.120280504	-3.12704036976
-119.437191018	109.435659203	2.35550425356
-178.939983958	334.866462725	1.38431873922
-372.662759199	-327.823366475	0.415774165366
-242.755795403	-360.734115215	-4.53164181523
68.855786728	291.369963016	-4.71337650572
-61.392089428	-22.8851171539	1.56363062437
-133.632811702	189.880793876	-5.67842085979
-121.049124973	424.254146522	-0.437674091646
-92.0332938569	110.074420664	1.12948994624
-215.210626988	-344.673780565	-2.46004777474
201.612768622	-105.634491084	2.92247343662
-350.253077602	-302.904399348	0.569525858355
-268.286271747	-427.444425494	-0.726118590439
416.349872194	402.943140624	2.75719895621
-171.175704743	280.661146255	-0.0101510075205
-89.739569484	-274.888058801	-4.28497766863
199.981949003	353.579021715	-1.37622750179
-385.468856182	-77.6745627452	-9.34565886038
-368.033238278	353.150344989	1.85366892099
-300.590636108	160.138247055	4.30557361963
126.782898984	11.7020808498	0.634263365692
-28.8531074864	-87.6078752191	2.28833506974
351.630752149	422.105975963	7.75290400229
-166.638452855	-37.195370942	-5.73351250265
58.9456402522	106.950148453	6.67123417097
-154.215146549	-53.1248702719	1.87022908317
-229.920134455	-18.4805125681	2.37444835541
-255.140624661	-235.561860153	3.68308134379
-276.108604109	-202.888127763	1.14341634628
105.590736258	29.8188934298	11.0584996734
-376.005703348	-400.403781861	2.27384311552
378.633209249	-431.342076005	0.638321841613
-229.711054684	-140.450022911	-1.41504118349
305.855301233	-143.847687998	3.79982218091
397.202423527	-375.859187217	3.93131210381
379.838381665	34.7450059823	4.70162057676
87.2143182252	144.640482343	-8.26769944277
267.363450986	-436.116777308	1.61592447052
103.933470703	106.024139134	3.78113264964
-280.273512036	-257.087575143	4.38011584149
35.9092807273	-348.709781144	-0.0190576280987
-159.583685315	413.785851179	1.36064297188
-144.585834435	353.296217587	2.68632495066
92.0039350341	415.444355803	-0.163534486265
91.9212264999	423.276604765	1.79006125983
-376.213285143	-244.794789961	5.0424776342
55.7107261574	351.967870492	-2.38544290588
-374.656607108	260.056187309	3.84699714316
305.133176653	63.8504453678	3.17676775066
-261.862229494	-189.431776355	4.42435238488
432.988807416	-69.1386804148	4.3163366974
-360.601931425	-105.343080966	-0.823778077685
289.068820247	416.960227671	2.46880169045
-335.762324205	-242.307614334	-1.31999225633
-287.762990225	-289.63719421	0.0580218382685
162.80137815	-344.758798442	-1.79321717041
74.9299911507	346.373820449	-3.03330625892
432.920079807	112.067888688	-2.27518160702
-142.406467232	36.8310410509	-5.77161878578
-7.68725054275	-55.0690183695	-1.53247955216
-209.387147243	122.028074959	-0.612688102752
-99.0835658334	-49.80948495	2.10364837535
-45.7882564963	164.028926475	12.34966033
-61.1407719348	-420.515824514	-3.74637894438
329.867232922	69.4235351502	-0.75987481594
-385.381596227	171.672912448	1.62724435428
441.867540544	156.459366121	-3.1224636471
-99.7497837384	-192.813998745	3.36670020876
350.03406092	331.518640284	1.49342291582
167.753502881	-228.580541043	2.89049950211
86.0090000704	31.6982397701	6.37418800363
357.664762603	332.005152895	4.13714871622
317.283970702	-223.65058245	4.36972735924
418.773859383	343.970254204	2.95227950345
396.066748445	192.804481938	0.992342874932
-236.286885355	228.132223549	2.49931044036
123.766508907	222.723878413	1.0174103978
-379.371936417	20.3092957798	0.977858292146
-432.748325753	-194.565102312	1.72300399897
-362.032761978	-332.10489978	-5.27284708576
-432.652511363	205.784263172	-0.0337650830198
98.4869680447	153.887377335	11.3063745258
84.8879837584	14.2443708509	5.34224287675
239.599628312	-425.83817397	-1.50501539163
-378.898293689	165.862564232	2.08029205626
-58.3322122892	224.645861517	1.2804788074
367.134631632	-151.426231452	-5.49696797482
151.494942882	125.162853821	-3.54249709797
387.374780725	-38.835140438	-0.647892600574
236.09539916	331.28769484	5.08110497846
-149.752870866	-47.4025055508	2.0683742506
335.198253735	9.50727738229	3.86622840335
-307.241515906	-84.9222400028	-0.893485718547
440.40098825	348.350366468	-0.86624453796
-53.4290628041	379.859989069	-4.00240488359
-278.37885712	141.356256548	0.924955835579
244.965737974	281.231017586	2.92326576184
7.03702086757	137.827365766	2.15699509329
438.159325049	-191.219967111	2.12143144307
-288.935129392	436.808406358	-0.740287651881
94.6622199249	-116.348974294	-3.35527023797
315.531869223	131.617121897	6.51051533265
-141.540049101	214.292852275	-5.19418342101
-427.175675257	165.544117598	6.57255982858
-12.7906069465	-386.510062072	4.37687784381
342.841797893	279.010587347	0.565590567582
-384.838297854	-363.209343728	1.41916652654
274.783276154	-304.274657207	2.77475648016
-384.078555212	-267.889415679	2.2385341121
353.665899376	282.856900158	-0.348446747885
181.255163624	-176.799283972	-2.43510449952
-45.046404826	-277.203851489	4.61542980904
-353.963253733	-159.556277748	-0.717053736392
45.5427042778	-248.492847615	3.81463434942
78.9849125456	-170.159151452	1.68042789264
309.366986738	90.3090201688	2.1192308642
-215.070427066	-443.531484842	-2.7803770384
365.666952135	-315.603430621	2.18307519142
-340.950156605	-409.4078996	3.30617317207
-220.673694304	268.889764625	2.59340878914
343.239721643	-275.970276842	5.12687210761
19.8656052465	-425.084342763	3.28596792336
-381.115205021	-443.224649742	3.96027606503
407.533927772	-363.887516567	2.21233520958
432.115109444	-314.172956708	-5.10614506049
31.1046787161	58.8507437466	0.393223657912
-364.241623136	422.918318979	0.63800531361
-181.000402351	-105.310395957	5.64520249714
427.168679193	-221.042379463	2.07039203121
-15.5153534552	199.581840387	11.3541607464
-171.102669087	417.316115342	-1.04646155335
-210.0332309	-381.599304471	-0.783901719747
425.209017511	-67.352806148	-0.535440973872
-337.048297725	56.9636661492	-5.993694146
10.4516833408	-418.77926034	4.36025431773
316.009195179	204.357450835	-2.95117140331
301.065977099	231.152656925	6.08738381541
358.213166114	-277.186539416	3.86089699838
405.85888172	331.520283889	3.13782181541
41.5284979707	-442.044493086	-0.754400869203
101.404117081	-79.1462377159	-1.78511111628
-193.401623887	-350.176650128	2.45530568603
-72.1064590017	357.528654614	2.25962170662
317.858720605	-130.734757724	0.794635451409
217.609611691	-50.8656397329	-3.57450796173
-320.651670233	312.776537457	1.48020023702
362.703006291	127.85263903	-0.624743287547
151.827630827	-103.609680732	5.87119237368
424.026788262	289.926845462	2.53296754194
-103.737039333	261.129160591	-2.22088562724
114.639890828	253.31030301	4.46340910775
-377.288933169	-341.96223082	1.09071374827
-386.963107115	-64.9135922388	-10.9725460764
-157.739866605	-113.826115754	-5.36896269428
-168.379466667	-81.7781414894	5.198942134
-20.1577289815	26.0304677002	6.60663190658
20.9186512879	426.286910888	1.96748010224
-94.8879589255	423.939610957	0.255188840866
200.12056178	-343.496012947	1.68262433663
186.020974107	19.8712263389	-1.28346584688
105.762833068	-328.166997722	5.48770791571
123.209174055	117.810345392	-1.28530198292
-180.564643459	363.200861838	1.75637845163
-42.7208516462	-0.189022089786	2.39035475273
-306.508739886	407.760357637	-3.66019702374
-136.701117984	-360.509925343	-6.52982130249
331.990479296	1.72749572586	-5.0282820425
-240.973502284	15.3131541933	1.13483442089
-378.212426899	11.3155135045	-2.9184326042
87.812768445	183.456443366	-2.5855181464
343.137140578	406.723462662	2.03217266414
129.183502122	-393.322254833	0.598230833716
-22.5104955295	121.492994512	0.250996128878
-390.148756598	-133.897937735	0.389840695309
60.7601176257	282.152191913	4.23845108337
-38.8781746583	-174.007040503	4.41479185939
-146.890566229	-326.64608346	2.56525136184
-251.875052848	407.009327836	4.18341991799
354.583166653	435.834427507	1.53035966104
102.549567418	333.482443844	-3.90921463336
-383.736108271	20.4481616905	-1.75963652739
44.0987309999	251.020005402	2.41084370252
-143.717129611	396.129850599	1.63196923918
372.265687185	-337.189562148	3.75562414105
218.649262975	-126.074609707	-2.21689750256
-391.337872408	80.3605151355	2.85807911163
137.771988351	353.140558116	1.64975885436
-393.317814978	-377.381250896	4.27513672639
377.628689002	94.4078123493	0.722138185654
312.636328738	-31.0805690291	-0.0879721179521
-90.6556901827	324.402413441	-2.50344779518
414.660407433	354.075117019	4.60352484622
-371.373792378	-207.435844957	0.376905614392
93.6512364546	-59.3199394726	5.46012957675
393.314111901	68.3668499669	4.63941997383
185.008385908	-389.225656785	-4.4855301803
387.100426678	148.562046369	5.73800594554
141.340990068	-229.941110415	-6.32689840684
-206.172828154	406.78845405	-0.661207806405
62.100473685	-308.785829006	4.85370090692
173.369189934	-164.182438397	-2.21450461306
343.986744154	136.386926115	1.50423843109
273.171739606	326.529512037	1.14279978593
157.043926388	31.4284907486	11.2473862672
-317.424357255	-260.336304721	1.12670684776
343.766169515	-260.532254348	-1.95121144391
162.508359868	-272.092241387	2.82296680301
157.950372535	349.661174609	1.40799720938
-64.0171964639	-53.8922558018	-2.25572788492
-317.92946598	101.598542162	-0.613188143887
42.6673278204	278.897329893	5.9369328144
-35.0646921771	297.454031604	3.73419635695
-402.449958931	17.5486427129	-5.47500508352
61.8757525298	336.381360617	-0.370020100621
280.519456304	-178.161944957	0.446427699926
97.5805121014	-88.3825574161	4.61216650013
-394.588856139	-397.774868632	1.43698321986
-434.939960915	-64.0885017104	-14.7512466168
31.2267263799	-444.327696794	-3.06952699249
390.557494773	441.794657649	5.23660417145
263.29483267	-384.798750875	2.41002322596
-65.5120206802	117.213854682	3.66761367857
-103.080066695	-180.525446926	1.08879199878
-210.883304414	-236.347393849	-0.813804583363
-189.817543352	-280.216827202	5.01474826601
129.838242167	184.006992946	-3.25163184617
-309.305862698	-385.987914706	1.42706638805
441.179990524	220.877102671	-0.623930565351
289.914116866	-341.588858793	-2.23020180088
-415.409546975	425.8706133	-8.94077888552
284.132267703	-264.105815464	-4.58787657876
-221.385641583	269.438889916	2.04812101923
17.3436321187	-272.508990265	2.04612130778
-382.786374283	175.048836393	1.27083114371
-11.691108832	-386.206319314	2.57550577181
1.39157679209	199.398719504	14.0194508513
410.748275957	214.040649066	4.38090417833
33.3417452617	331.786046374	0.900969981229
-49.203381926	-77.60636677	8.43225664057
31.489453074	224.352259936	12.7963954275
350.065626913	-424.252360437	3.97180768002
-30.4781680636	352.440006091	3.20662218851
145.679774428	-100.124107153	8.39455241646
-91.8177370602	78.8053147888	2.61094274665
350.74019077	335.555353313	4.02789552613
-272.690983782	-129.573144952	3.43105073029
97.8363570509	358.471557239	7.54113751066
172.528683263	400.757978167	-0.138386521821
-244.256306294	-88.4483404661	0.719562383074
430.36817252	-81.1770798274	-3.85214003081
-261.841945271	109.313692887	0.714983610558
-120.447382462	217.503037518	-3.13222998639
-56.3440207506	-259.242253666	-0.134303659336
113.72492671	-256.187819603	3.78841318742
-227.272144183	-52.0543828209	8.3000666433
-433.059014008	-314.604244593	-3.96849110573
-66.0683199719	-309.548572143	0.0400951818487
-205.107737268	-167.956006628	-0.26870629493
24.1093640725	-11.321502112	11.9751144924
152.528581514	-426.265580856	-3.03676475126
-75.4509074496	-335.518923472	0.420937239849
401.360361917	-133.017746507	-0.8521950888
-376.511575552	-139.045225662	0.993259875183
-238.417627483	98.1592974945	-5.181336316
-383.659399229	97.6692911121	0.462996286715
235.934809681	-231.964557541	3.68443022481
-316.764641457	-381.15386748	2.33051832523
-331.60445295	410.955101243	-2.131108818
392.074292026	138.150541866	-1.68155341851
404.191664325	-9.10941334609	7.37729058625
-309.650672674	50.3777417434	-1.03458346469
304.829795288	-166.420567352	3.92803497132
-93.0239813572	-161.40711506	0.967843372697
363.150221794	-131.258812105	-4.69898524922
162.072495315	-269.569906989	-1.96848353764
70.9030560431	12.1379333785	7.15920272366
-323.664417963	-166.078963774	5.92290820551
431.354083438	-270.960320017	2.69330782978
321.340961407	416.842224656	5.98037884695
-406.609125906	429.170899355	-5.61567741216
83.478452234	194.363990625	-5.2081815093
190.563266609	-4.34606276238	-4.02404272476
-271.295620272	-98.6285698848	6.50140316375
229.631201223	286.586194066	0.530671633833
67.0709166413	6.79611610045	8.93496296056
-268.421574014	-158.242829765	2.48903164871
84.6904698003	-367.583286478	4.43808722228
68.9806739333	292.569863535	3.99812831692
331.241976274	178.345851313	-1.23594157473
-9.23179125841	362.970033261	1.63981401838
313.418010395	-144.908829042	1.07022559535
240.909358854	-377.639174	1.6762173022
121.200868454	-394.249388948	-1.44774486329
427.055900485	349.054240012	0.547978428602
218.829725304	366.286606881	6.48886497493
-154.000867774	-101.701509428	7.58707230211
-47.9390342719	385.14340511	2.90844745936
-375.29592463	349.651104294	1.67513391597
-35.1122278614	2.81411278796	4.37674985019
290.915997979	-380.155171011	-0.494894750678
-170.162221688	177.202893719	2.89278024208
84.5592270023	-44.745989261	7.36007062247
-233.851050446	342.947822163	1.54881805335
-3.61997217705	41.2400310228	3.22213725619
171.333771354	-356.622236936	-1.73733390827
261.504415986	368.384992633	5.61849828369
-248.668284123	360.124521448	0.0525510117273
-131.049623695	371.906108541	3.672737263
-231.515836285	145.314767696	2.00373574368
-36.1620861814	92.2471078174	7.97942087695
363.007540197	141.634368022	3.40094143578
127.203585215	-155.783990177	-2.40130230722
-273.285577757	354.379731585	1.2128537711
-364.602221264	63.6051930924	2.20048714178
191.098874045	-195.821361995	2.37509143183
103.608822966	-424.047803527	-1.11485413942
279.194150527	340.575703018	6.78951912293
-347.841664358	81.6537663795	-4.69649422206
227.107189254	163.134226521	1.17051670055
-407.050670248	37.4497878797	0.786499246703
-370.414125017	-379.430536181	-0.848649711184
-100.333673404	-205.450719419	3.86071997704
152.708884433	187.419786995	-1.6705269453
351.85401105	-49.8820875791	1.76804016355
-243.471817603	-257.949310272	-3.56611515232
156.479780068	-222.568898781	0.328334524562
353.370008637	-271.553491263	0.1732199049
-347.857797375	-15.2601604803	-6.56096885909
53.6021768666	347.92959285	0.656959278263
-221.181235633	339.967876207	-0.474130287503
228.645501428	-157.658103944	-4.49645869137
-256.115448576	432.044521356	0.821155457254
-121.736677195	-435.769907482	-10.3983734766
-200.072678143	22.9085238437	1.54774664768
-145.48605738	-186.618019083	-3.71435394016
349.694522223	315.110446426	0.354038077756
123.420167665	-430.751757398	-6.55435968508
240.291445566	294.841762648	3.73872410407
287.762993821	-25.5396740152	-6.12077276797
297.818924058	105.497722082	1.30128710435
-188.463969481	285.037470812	-0.976971454623
-191.937948476	-428.038597544	-2.20191751799
-429.662782657	272.626739413	2.64998483774
-144.678965321	381.811324504	-0.00646178999163
252.853950091	124.308142857	0.495644180652
-63.4407679756	-30.9280319589	0.453439617278
365.240459593	-120.297413885	-5.27132430722
-143.154173662	44.3947072174	0.271978809465
34.4819844207	-59.9217262319	10.481046972
119.609128148	208.866367629	0.201425353317
-375.354403179	-240.537685268	3.8962184793
-288.544283189	-37.0482423383	-2.87839323932
-155.750288846	161.215239666	5.89812910884
32.1230685795	381.095807779	-1.13660616398
188.259433868	-270.362240576	-0.301438412993
92.0459285073	112.994167664	3.49840620661
84.0742511787	115.180330273	5.17898076229
-439.333917005	117.827964563	2.22779919003
352.08579433	-279.992061147	4.12066823028
196.330956136	-369.66767797	3.68026153566
-37.4819172906	-158.975056435	1.37545989011
198.98235857	-83.8642642131	7.06344722033
23.0448893673	-21.7681996687	11.6123131196
329.405838922	19.9675504686	-0.974723264573
-193.919537479	-67.6215437448	3.6190164209
334.588330681	-433.326331141	4.44989986703
7.15439527763	-314.236546124	1.11949113031
310.397233754	-275.843145704	-1.35501624419
53.5162535672	83.8613312174	0.208577865474
-121.145202042	433.947364263	-3.71871948728
282.434160442	-362.647932634	1.42034312132
-120.68593743	-282.744737257	0.430236131632
425.695156585	435.864053387	3.4419453798
-371.163945006	-18.589245691	-6.65737910216
266.209044675	43.5062711225	3.85195972665
371.096051369	-155.081194344	3.82735354032
126.291111669	33.6164460173	4.8827107225
221.927017186	49.0725956129	-2.13811133307
-234.899335128	312.268255146	-1.04355033437
-16.3620264046	327.014923892	-0.0740172938582
-2.3687814681	-73.6903373042	-3.59336089528
-297.041300417	-295.453990912	1.83141590558
-251.88544529	-410.169269828	-3.6838968594
430.310382089	65.9850336947	0.504834460595
-408.516947953	290.393252422	-2.76758935478
-388.075275135	198.125293379	-0.602248174426
133.4126367	199.364555489	6.00845899704
219.931453629	-276.701351913	3.52500878048
401.379158907	-343.134803535	2.55110305042
165.973665117	-249.670962258	-2.01735889828
-139.794661797	-200.183561961	-3.19069099563
-85.4976160879	-342.443340947	-8.1343596414
-274.166224818	-64.1705655708	3.82774773489
388.597192188	439.691402925	5.1570675776
-309.460320529	-207.257057292	1.60141769958
245.289378085	-168.925736264	-7.78213672575
389.983141866	-108.185381436	4.5917949382
-175.881300082	-166.919835234	2.21910599227
-75.3189058536	398.579076213	-2.93946568002
-271.073631064	-416.675415984	0.231072746049
14.6423889394	8.20863868872	8.06582964032
-159.525730532	87.1428931937	3.97442623213
278.167850608	218.594844713	2.12693384032
-27.8578543912	-219.140122163	2.6386833273
202.628291863	160.815721718	1.96027775916
433.114891829	-440.267250933	4.36126249983
-54.9405138836	-83.7701020082	-2.33078115998
-252.794626915	-70.6598361792	4.14822526362
-324.405034664	85.7408903262	-4.82911507554
18.2982748355	434.083061531	0.905921054339
-22.4006644895	-141.903256505	-0.0889147286463
-347.504226248	130.934871758	2.42124716848
-373.032017662	301.137296248	4.09569405542
-168.501723586	129.323779397	1.01145136331
-137.108819502	96.510461291	4.6084196455
194.012820304	-88.3856178897	3.52945515355
332.79492326	-175.606342311	-4.19933396862
-76.5499966835	-61.343667568	4.35827341717
-88.1990502715	255.548931038	-3.16978606332
418.684859548	292.632492339	-0.602603143147
-226.198343751	20.0679720781	1.24913805648
-338.476082403	398.816522166	3.42564109874
-6.90638828266	-438.730416516	-2.5630992879
321.274583929	-444.349955365	0.501260964362
-189.670750964	-375.746649817	0.826173611716
431.024669745	100.704021216	2.26716539546
441.561692572	431.771012105	1.99456770673
-181.387421108	185.346689798	-1.97463499898
-379.609083251	384.256449049	3.60950599684
-205.575175444	-405.50132832	-0.462502305289
-125.586466336	254.543169026	-2.15190677007
244.98964382	140.181023501	4.29781848927
-114.913483911	350.284510075	0.278321453281
94.0271658286	180.621144764	1.55082230354
178.853719749	210.931435186	0.0493585198028
-21.1581870746	265.624834963	3.66128876054
142.936442493	317.701061017	4.25473357316
-354.532377825	-112.250178832	-0.434579138824
368.723022596	-2.67793401646	3.6573247805
11.1579341964	279.463794446	3.35307212031
300.754642477	365.17853173	0.537214058816
-182.712338853	-18.2565513627	-0.898446035026
-423.925396356	-277.958945779	3.5459787063
107.370001789	-355.83632163	-1.27456111718
-15.6533857092	368.57609041	3.52731945775
33.5641538835	-122.9423638	-8.008898068
389.121312834	-396.509098059	0.611015581382
383.105878827	-413.543889847	3.56662099961
-6.35661626841	283.733221756	-1.27457661306
-307.175157967	79.9853957337	-1.48127039909
-234.948082663	-104.857625347	-1.44114802348
118.502165309	-3.95346646569	3.36084473566
216.344087987	-334.011856233	-3.71229049648
-114.905434311	19.4428420394	7.85324496843
359.676660646	-308.76982326	-2.56177181683
-329.909877583	-293.163781176	-0.172343216989
219.400496618	186.086600403	3.85552738321
-443.924404828	-185.298571403	-0.933338204808
238.576564108	109.764860363	-0.187908332225
136.902561138	-86.2706905069	4.60467023067
261.42953128	205.820649244	-0.05073175445
429.348208004	-430.6285195	3.1171662137
-341.966060575	233.889626407	-2.01330808342
70.5022013398	63.1514978593	9.45564219568
-169.16277585	-153.974110386	-5.57591043179
-357.348370789	-120.775227264	1.26174195811
234.775378618	-262.000675843	-1.29944269208
290.368887186	-267.524033151	0.697772764786
-130.325496622	155.91402762	-0.633153262886
102.156824457	-343.387910544	-0.0467955403853
409.893830729	-19.5144916942	-1.40157415218
-111.059281875	-300.007408099	4.28864980046
-206.336727257	-128.02589164	6.36481606732
266.905661093	-2.8186028653	5.41067114312
262.690262622	340.328555781	-2.06300270093
59.3392570545	-411.359577642	3.90714743299
-316.520174256	-374.679108864	-1.14579457899
-332.603486797	-203.876207234	2.0584624903
-117.760176906	426.265512189	1.68016464407
235.495873764	261.88842753	1.40519294157
425.128133894	86.0209447018	1.88767089273
-72.4131000603	229.438307883	-4.39995183773
-81.319765856	146.023513873	0.963749469679
227.390171958	286.818210905	0.436432275183
305.712714362	35.7063048951	3.37453402825
-278.232014794	178.202979598	-1.82454736628
2.42717901962	-437.282284524	0.00973914197726
-240.669678335	407.363938589	3.2641503889
138.736171642	-53.4205128685	7.81298813932
-427.160822623	-139.047813921	-5.30701174747
239.075604915	-359.837066771	-1.07015568277
-315.278211757	-277.509304016	-1.99476039033
412.182971002	-53.2610807576	2.97801367231
-297.004984031	21.3767680653	-6.80345123467
121.991970422	-136.303193203	1.23859211629
-391.202895979	243.428905692	-0.287122239804
-151.459492835	-87.4816021975	-1.02938086951
-367.238615387	-214.092503595	-0.279024116876
281.578764186	104.01010905	7.04778474877
-169.670297481	279.178481359	-0.181648930317
334.281859387	18.844164833	5.48811438276
-25.9863553429	150.223503001	9.69335185954
-99.2022536204	-234.660718203	-2.59544115098
327.122062833	34.3902624533	5.46512659648
-430.760701677	66.8960401859	1.04674386725
107.964905739	153.608477651	-2.75262496063
222.372790014	112.266813514	-1.05879678034
288.729880438	355.310167566	4.11459717758
153.485439152	-49.4379307967	3.86417194239
440.142493193	346.681135555	4.74815952372
-383.01666852	325.536642583	3.19163429153
-186.268632663	-391.937526073	-1.48185853809
166.042292656	-131.361394216	-6.47612978703
-163.104538271	337.634794925	2.49669206234
29.6886552606	311.316287367	5.79153555894
256.123164734	359.78308195	-3.48512959348
-347.61931198	31.217214813	-1.69740003979
-355.103457857	-211.704438291	0.892239393528
-19.8330400348	-240.635724952	-1.7104725495
-352.248910476	165.952577317	6.07221010836
-409.740500708	-356.763733316	2.12920107653
47.5700445793	30.412968782	0.978454742148
9.76219113272	292.074634676	-0.648544132076
-84.1567593125	335.715042172	1.50362527845
-118.21907097	-295.206549447	1.7353206049
-279.956917721	334.129604456	1.14411283303
69.6586154769	30.4182122994	-5.26009518014
-47.9131312747	-261.592549406	3.5588970343
253.762831717	369.877886109	2.94054204121
99.4473657045	-16.3117427847	3.97834485747
288.004573056	112.042636268	0.775264533444
-384.921858956	-22.9517192649	-3.63468715352
-424.729455495	426.397547627	-7.95953329418
118.824077023	177.136082059	4.17449177685
-281.887396052	-172.678148725	5.20590424975
208.647381966	344.458859234	-0.724942020686
-220.978997771	36.4348229818	2.52185045011
-379.295239188	34.8455957294	2.8487707055
-155.029103205	38.6817926738	-0.910208010745
-293.89830383	68.4342658209	2.29316927218
74.9611972764	217.958901906	-1.75428392135
-110.511945285	-300.191593027	-4.1525708875
-347.136670184	-37.5202848377	-2.48672430291
70.8488079546	-123.92137534	4.76429574926
109.006178336	-32.5648429177	13.7084955362
-296.777279037	-73.7909084717	-1.17861298899
65.4106323943	395.750922777	3.56552064366
179.09017368	-28.9498143949	-0.215095245686
-409.005111597	-334.014300267	3.05015374667
-388.351310499	386.390344471	0.386176504468
-374.651849867	233.44362392	-1.84719131882
-214.040848416	-225.465478506	4.65181160618
201.659397859	-308.057330165	0.907701168687
-343.153023245	66.2490912555	-0.458256147502
3.89462042881	-129.994674339	-1.34657270255
-148.811475175	338.181807654	3.0387413359
134.462087801	-372.967220941	-0.192280464102
-11.5423925252	-397.060422422	3.41385481287
-344.149092745	330.972859734	0.0367724815768
-295.374620449	-301.936515185	-3.05350933897
129.183321046	322.378884044	-2.16632733596
15.939112884	-141.86483916	-0.507812241197
-156.017161827	-22.9756788899	3.00913295289
357.010990675	107.732704099	2.98225448913
46.4284577454	-312.06211899	3.84607707706
318.831988806	274.108424432	-2.29946354381
439.919775713	233.166057162	2.8855882744
272.530985417	-50.1365142433	-1.05299304809
-305.648840388	-275.071864252	3.67419519833
372.685456314	-291.153269956	4.13083782835
-76.0051160697	-11.8190731047	-0.8156529901
178.021662789	-241.795968944	-0.111572579322
-354.960677015	-308.216115562	-3.11936604989
170.168167378	-141.581956996	4.81420501986
205.434857782	392.528304233	-3.67577332219
110.00780388	274.217005387	4.09970044797
-389.038126069	-330.038295917	-0.464222781899
-49.6169924594	-222.286568088	-1.40514711543
196.499622501	105.604715868	2.33666578364
-214.822429938	-306.245757646	2.55176049023
-392.024239755	218.421160166	-3.05668113687
-319.520940985	329.742557522	0.447282925975
275.292560292	323.871587447	0.322400430583
-218.918127005	100.476612339	-3.72759057906
44.4927765939	-405.268197867	2.75192727068
258.504709476	148.650853048	0.560750607336
285.132024779	-195.381955565	3.61180817678
-105.593638037	-60.7772994984	-1.53447266861
82.5017764656	-123.879276517	-1.07471140131
-386.922382682	311.423816081	0.796866839074
303.631371868	-360.843681629	4.09169488753
411.623467082	-427.25750801	2.65783221036
437.703962188	300.997416039	0.370463879723
-385.421445118	161.031234743	5.45948396332
203.171565124	136.369974677	-1.24413024288
387.487761898	-285.67702906	4.97771101557
-362.611242886	40.1175163747	0.222062446242
-273.974903605	144.713482133	-3.31666645503
-258.616084823	-405.839238109	2.70465374102
29.7082914507	310.993413331	8.60187935912
-162.547519708	-126.210484471	2.98235295702
-361.790116972	-238.620350483	3.38103581272
-402.820636343	407.899813326	-0.973023521525
31.125707854	370.886482577	3.69800846239
-47.0138270885	-156.599141752	3.59871250085
81.320031776	-410.340452589	-1.26133036517
-259.501502688	72.421049192	2.10010351459
22.7947873785	-73.9449046346	-7.37011617786
-337.606036032	-165.045358371	1.98053137668
168.610191089	-425.486383052	-8.25439713735
183.126658986	-365.564287849	3.45667251828
-269.971523986	-243.610235228	2.0141258542
-136.34559248	-3.13532634639	-3.42538158044
-96.8479262351	-267.692856866	4.93127020378
-385.443178795	-331.416804878	2.82767171593
-357.212816476	-16.0113480178	-2.04802271398
233.617463194	362.083530494	2.95881538744
322.897018456	235.497203117	5.13238205441
340.655473225	-107.588776843	-6.48608784742
-0.469464076232	259.469808663	6.57399270986
-181.725465513	386.585141391	3.75116312906
-411.80220059	-129.288116361	-6.10505497695
348.167952399	254.227317378	1.10602342089
141.812115982	78.3363682897	10.2814522137
151.15449659	427.286301809	2.28008425461
-328.690775005	80.9587235817	1.36464589944
-195.704278199	-333.131063692	-0.836253018871
-123.616912136	39.2860793098	-1.73199918576
-319.658314054	40.3413305979	-0.129694503794
406.698181425	-183.243801754	0.0953667307198
150.054035409	108.210623106	0.064959508722
-247.800140097	-171.585015454	2.29665813887
204.991857802	-69.203627322	1.9152414647
-26.6412764681	217.342313717	12.4622419816
-429.097873705	310.621529447	2.44334605526
71.1355566475	117.895775982	0.443425642489
-432.885311852	-179.177537266	-0.789940498136
154.717976473	270.004681859	-4.47306018678
403.346162497	-183.24803024	-2.37341075923
-303.678104621	268.276589008	-2.26903183233
-178.014212213	-88.0756837389	5.23946597286
-251.279016908	-117.529148059	-0.048390343524
-399.467958742	-299.286736922	0.928198894107
-306.596899355	-425.316596699	3.58868346659
-343.941575971	-385.455679407	0.604400485684
74.7032201761	-73.0196087289	13.707404939
193.456255346	354.925298878	2.50923819188
-396.694960778	-159.240903855	2.29709030802
285.693318974	286.419520543	6.24020810435
89.3164361937	80.2742104253	7.38073239758
437.901425348	114.223415557	-0.417446050162
123.046122203	81.6407884096	3.09188736161
-398.045268481	32.7724002657	1.59558328631
288.064031769	-399.632172667	3.13002060824
357.446097655	-1.27687293401	5.35801397603
-348.052547012	-120.383372294	2.63827082644
-382.373574814	149.956991372	-0.472011743691
224.350522262	-215.91956862	1.56966945078
-327.793847672	-163.234186717	-1.96903627899
-333.821711605	-157.128611242	0.170505389841
-429.035110794	214.210278369	0.568845481966
159.428175589	-21.9078372733	4.1738449953
440.644095296	120.45384421	3.37478778073
292.203984307	213.327175198	1.77246606921
-419.150455155	-26.3204754514	-9.52061705752
-50.1355886339	-216.676194794	9.28924408292
-413.763699563	127.441952011	-0.593882142682
-194.198386031	-2.51173113027	-5.07231824255
-68.1491499404	-361.541166687	-2.41092121863
-274.056537083	-310.590747763	1.50519288089
76.4027887225	418.166672623	1.59271634472
-82.6830250253	-274.374230238	4.53762193375
-260.801734365	-90.3058552355	2.55512463961
415.581010988	11.0828729121	1.45108127143
101.419915134	-392.314559715	3.65261195441
-349.047845139	-166.058861749	4.81042628456
-57.0080266258	-148.080842879	3.90954634668
-368.472598783	292.369328599	-0.378401147489
24.4279194169	-15.9185277351	3.19299781285
396.576766098	-403.831285043	1.99027649093
337.524852482	-438.797562959	0.932627272131
0.90288195856	-10.0319104672	4.92035503889
-332.537007935	-362.182380909	1.90876831811
-146.640122455	-374.259973794	-5.51910451228
-4.95134992031	-358.198921198	-0.370795961349
-4.98906962373	123.165390322	3.25988524659
-67.8922795025	437.665167185	-0.1124722022
-312.231761666	146.723916681	-0.342388592909
-267.283325817	-198.821246473	-1.57827087152
-396.794846434	-428.090799257	2.78150279845
-393.174991068	-31.731182063	-4.78292795753
-388.469176414	11.9201956244	-1.17705172484
276.101850892	-124.023132952	2.22991435274
-294.621085859	-370.658516615	-2.95410472318
40.3818777596	171.863980128	0.208352768091
284.579842947	-392.094434135	3.13014137969
87.6600146814	-260.972046217	-1.2153899439
271.594820237	299.753723542	4.7663941662
-240.833289473	36.6379723027	-0.400765956266
194.220025469	65.6439198194	1.77743261087
-289.85817675	-433.593354961	1.09767837158
55.4821166496	156.360896872	2.191527998
214.177811393	252.432465935	-0.261307867939
333.835324063	366.503310154	6.27283041507
433.405776713	-87.6437483327	0.0307630120303
120.89247002	-305.1103731	3.46964982285
-50.4084486105	387.512116315	-2.18551444503
342.497201845	-79.6701509982	-4.35809361572
39.8542880753	54.2712345138	8.52740870197
409.779238649	-341.642220311	0.633560190784
281.418984186	-195.075295166	-1.63663122809
49.3819518402	389.882865181	3.24915712905
173.40080785	215.75758868	4.57146412997
157.627323709	5.11901185649	-0.121444002071
-268.839430102	67.9652578126	3.4234677346
241.689791225	430.483867237	0.872733099861
332.591004323	147.678549712	0.101071269949
354.306951775	-137.965194649	-0.298959323968
-239.6568808	-4.6900502971	-1.89740283784
145.177993104	368.324729957	3.6575170265
-285.446375565	-88.2318162105	3.70361893014
-117.410381419	42.6126812376	0.863323973787
-394.54969649	-132.669756359	-3.28974730824
-21.7884432604	-409.091919715	5.58375206238
429.963659545	-309.280766559	-6.5595182599
-315.136370922	310.537164846	2.03258772895
-180.08362632	22.2313931085	2.78724613561
33.9689298362	238.765486274	10.5805822979
238.620085807	27.1235231743	-1.98237047271
126.416379079	326.996272898	-5.28373059528
366.624793797	-397.085847338	1.95925258238
167.296006507	-284.749362698	3.11836099398
258.881232499	-410.224612211	-2.22063771525
154.742947415	219.098249356	2.65209462241
-192.895008342	26.9411859231	2.89229830108
9.37330431086	-413.043138092	0.613912356948
-125.568901723	-72.7148215336	2.29233832704
