300.697276134	402.303650574	-16.3579410313
-29.6358769378	479.731577967	3.71196750954
-389.389800147	-87.6785422546	-0.532001184549
-117.575636875	-209.254353797	2.71723153711
83.46088491	-107.915268526	6.55680433062
390.779369964	-405.104596307	-2.07223510542
284.810510767	346.818445452	-29.7456328018
-126.010344975	-284.800691951	0.914785511126
-78.2403380636	519.37378147	4.32113215382
398.933713264	-483.342251833	-3.35913073296
369.414483658	-502.551626373	2.99722699483
-541.592274484	-415.912309085	-2.24736618454
-420.1015469	-398.854341785	-5.7354140807
-267.867604034	-349.934529479	-8.82854687438
557.198473821	293.068389199	-24.2396722516
-539.933866159	513.939989743	-32.3675248279
539.95477442	59.2094511285	6.2363221398
539.227386658	236.736841991	-16.0910579141
566.956706348	392.613704335	4.64259662211
-357.446873137	521.74226747	-19.9025577152
-419.51067016	76.3503400782	4.56996610135
77.1830914103	312.070637026	11.4793910184
485.471559987	-414.857172022	4.34658671253
263.12277477	-420.26974989	-1.95177024646
-205.544955373	-421.711612915	-0.127087693092
-498.828747594	419.868301882	-26.293420854
-398.779116175	-296.149525672	-0.741683935829
-454.807528616	25.1115748121	1.26010335408
-372.737167386	-115.880594813	0.597344180324
-104.177486961	559.776739273	-2.11836547758
50.7331895346	-500.803783209	2.18470462072
-368.405538872	-142.811108923	5.29713065806
-316.991413702	-224.057827315	-2.89679709086
266.716461433	-523.550073389	1.82700042906
-249.317912038	-320.843652649	-5.52567862066
42.5159694038	-204.834168149	3.96485075499
-494.852275921	83.1496289659	-7.8405871845
-390.162296466	-452.54198165	-0.860927520733
-46.6194995667	-294.273999486	4.21649728123
-68.1555233766	95.5539429156	-4.57414262819
-404.204988967	-261.118938194	2.98776833029
176.455539414	490.141563545	-8.49163726776
-244.311300881	432.993249834	12.7345822189
-259.352883931	184.579143017	-3.49648331183
-408.744043416	-372.964492039	4.77409392474
-49.802217368	291.846787867	-2.51969401389
117.499402155	-384.536404156	9.55515844565
119.791696302	-43.4177222655	8.59963224697
429.455248355	-235.614852831	3.8013335183
-102.966359795	-88.9767242201	-0.977006983973
-36.048233039	250.987828764	-2.71481953585
-121.096083161	4.38590941029	0.00720641838945
-185.345998294	428.370394582	2.05341461025
430.385144155	-239.536742204	-4.58248596624
6.16539711733	-346.716782634	4.32169183013
-544.05920303	538.782169556	-34.1960627201
-24.8392365312	-142.709225283	0.926020900807
71.7428453312	-363.793380205	-0.62370887209
226.76747474	224.172067163	-11.9067029919
453.510577562	225.872881292	-17.4839326258
-459.894211139	-431.267575805	-3.71159246352
-22.0500941803	-394.75769776	-5.33057202805
-61.1408656217	-237.400228054	-2.50936441738
-323.146733726	-188.036712312	5.53574446599
-150.754671766	-16.2804848117	1.12635419355
162.418510828	203.378395584	-5.64979080617
-365.371101135	-101.351289821	4.44877891458
-320.974561566	457.152526772	-10.2566967886
272.180389967	-260.445668074	0.532038956771
-85.4900734795	352.613094622	-0.262052318993
118.560211966	-405.153567654	-3.05803910887
13.6999981604	-474.351814345	7.32303210466
216.616232046	76.4580249256	2.78416546314
-313.49518422	-159.665046331	0.736129539702
414.710202795	-369.302277772	12.8832550272
-149.796282057	447.17517568	-1.63050581233
354.17696069	252.283247797	-36.6252136114
297.481958969	-222.750027698	-1.79487765871
529.281480212	-113.943486717	3.19220644228
437.637355607	442.233646764	-4.62800507546
262.590986998	167.218383571	-15.4689345961
-394.159066728	371.97172744	-10.1592821475
-266.133648602	-131.234227881	0.79313385036
-473.83454675	136.400938893	-5.37144957027
-526.229242186	412.797736085	-25.4697747584
-357.280927672	-199.032664257	1.06229026166
-357.814126776	-1.89864167613	-4.44050334692
-85.9811822605	447.584793561	2.08825854163
-486.836548582	-175.033727233	2.60907279388
185.223629592	131.509281294	5.63605415166
-124.703439401	561.34562242	-1.84648392397
-161.647478565	120.640029455	-2.90619656682
440.464012104	-465.841626912	-3.433875033
-179.073008485	-353.009768136	-1.00179461823
-302.409283665	-521.739133571	-0.898692969924
-386.779247127	-566.991419193	6.17057309507
330.787044866	-452.691802165	2.2507341428
-49.2485735078	-120.537460416	7.41765399614
-22.1084810417	-197.513744478	0.245177286141
-447.672194555	-174.658455311	4.92731273068
-338.489883292	-146.175697103	9.18885138093
-380.547230126	331.229946026	2.75933054264
-144.115384552	-62.5344242577	5.98378326982
560.38241339	-54.9732748268	0.172198586559
-520.850764305	-272.984092006	2.93198749992
47.4914341085	389.846933444	4.53490970859
178.039373343	510.892737664	-6.99017075974
-119.38786192	436.161906662	-3.97212821804
-392.844956527	-207.508124995	2.99041310983
20.3075935084	161.945789614	-1.72374510026
545.868210631	444.554623746	-6.0074486575
-238.680739199	-140.944513575	-5.84585740897
-280.388069723	195.430674231	3.16611105994
303.637048013	155.571750305	-17.65565487
53.468369744	-157.161728129	-5.17947510552
193.10430339	-17.091345749	-2.19602495629
-164.56394408	-249.292002698	-4.15756833336
-518.526320304	555.561714238	-40.1834278481
-38.9231037507	479.512719832	1.42110602221
338.132842162	-417.079764584	-1.70319460749
169.850715727	154.383540406	-14.8846985659
-423.598865543	270.092716017	-5.90043466885
410.267579571	-489.662074571	0.737956524942
-166.20535147	-36.3524665522	8.6396413658
157.421600315	423.828696302	2.50272751316
525.896854081	338.581196259	-2.05766756787
-441.731248329	-306.716470135	-5.77354750156
-564.873511532	-539.26109712	-0.471898315055
-322.403348752	-46.188115223	-0.0844402641617
-251.940461711	-568.404204724	3.74627057207
-561.175602152	-84.3282947307	1.58861120648
-52.1625272382	340.433024514	0.0370077021553
55.9572459375	295.102654998	-3.42291653563
147.041844443	-397.035614644	8.30051353979
318.761778191	-110.391583791	3.25464275376
424.548932363	509.376708807	3.00897951948
-306.992925093	380.099991094	-10.7335906511
-296.794250451	525.90363344	3.7377656091
-424.350112626	372.023372893	-11.0108081608
-64.5559025075	-5.24543389778	5.85173749535
200.017577749	446.253790572	-7.15038790972
-487.663508853	-421.337084774	1.61704941767
368.616789758	26.4990661385	7.37645005759
-132.340814967	523.040822128	3.25047161674
-11.9640741267	8.27265605059	5.40485037594
-418.816228196	-153.908696199	4.3132102098
-230.351356125	325.428586234	-13.0587832461
-436.233549449	453.586484904	-18.3271898984
-107.87804731	175.009594743	-12.7871218811
409.130898744	-178.97399718	3.08948171366
399.18084227	-265.184542444	7.56904237409
-473.35172955	347.537219661	-12.2216085478
37.972542708	-35.5851451741	2.24402188765
199.710998894	525.500670424	-10.3253083453
497.002245404	91.3538554248	-7.31156522781
-211.659125837	400.568799352	-11.5933161527
-328.243549906	241.010853725	-1.43472905544
98.6714681049	140.111045612	7.25474524598
-174.166407427	400.191000383	-1.16184726716
-397.118561958	192.214511494	2.29584216317
270.554677607	286.39599737	-24.6215945732
23.9662391683	125.056333216	7.86887167563
-304.467551221	357.925142693	9.55756540165
297.821739856	-225.334243562	0.131281086509
-484.261435252	-535.869234062	3.8188761693
158.308460095	-456.297542197	3.23983397245
-175.146320567	257.189995199	1.77650299356
110.849778081	216.832529163	7.87909978934
465.814940221	-414.59724834	8.75040770209
204.587871845	-92.203446196	6.3165656529
-347.377135676	183.227171659	3.37792647074
69.7272599187	315.045796354	6.2457398751
-190.866611357	269.400530744	7.13396731864
103.486217588	-297.48688257	-3.8130371215
-135.216929006	-114.242444574	0.298362234981
-406.967283115	-457.678500112	0.345443950923
302.857111076	-80.7698960846	-5.84629506359
-114.39493829	393.274550047	7.82805252465
-66.5418249631	-84.2141645523	0.839252054639
-329.55581468	-64.0606186799	-7.2253967911
-441.925569385	-296.018620577	-0.445640119007
287.317748926	-397.506354726	-2.98454962784
13.5401430781	-389.15115247	-6.36526516523
-29.3020451164	35.0365888482	12.1269510258
-28.0626067234	-153.90320262	-1.81594271768
-206.927237175	-412.865587887	3.69577364911
-394.916551367	-306.337593356	-1.32035124432
-101.308727112	389.429499532	3.67248072004
493.329868323	152.462413115	-20.0918720113
215.340197472	-535.758138717	-1.88934020505
-32.4804649555	-455.983556962	-4.92948508349
313.941343323	-163.499568593	0.00740097752279
184.42150527	-407.840852631	5.07172003857
-6.61494853985	310.423022125	5.30264112403
-90.8553623156	5.11536107722	8.49846458085
46.3639920063	324.717431903	-0.254577897187
471.657314661	291.068940905	-21.987158947
-497.69442041	356.044745226	-12.99590924
-442.50261828	476.116625181	-26.3489854387
-55.614618068	472.474415365	2.60329924969
-438.30691483	404.551941176	-15.1586024811
298.933614973	-534.338302679	3.51341435869
520.039204494	-379.52693298	2.10176560562
245.883318679	-66.9992831488	0.499961627659
28.205340726	270.853672015	-3.50114080548
110.758923453	-29.8051252844	6.81353071447
116.833965866	-123.591128823	15.4665407468
-36.3334252988	316.011644667	1.84000704159
174.249793021	-104.590862949	-1.09981160822
219.775445187	-161.623736835	-1.33537120026
294.895020712	51.6739653379	3.68723948911
-439.264212287	27.9276664501	-3.91866816414
557.929488061	532.55288227	5.21410163885
50.1305531777	-521.62289992	1.46149283674
0.917910996842	237.377716978	14.7956514268
-62.4720868004	220.757902243	-5.96966853454
112.567740172	-383.704666666	-3.63315016362
-236.903504006	-432.067901147	8.07644944633
63.8964655633	-379.29962589	2.79902845981
-4.56277926218	-198.259644442	10.2560603803
183.690033251	505.30511509	-10.4416556163
-391.419924387	159.521275554	-4.44214656889
287.452860306	17.4440087939	-5.40966925865
-298.701310452	218.74605179	1.93876005402
187.307144335	337.320022926	-21.3021137121
-565.857896784	-542.592992322	-1.71731339566
269.687104199	27.1754870257	8.80494274603
-156.724163565	471.363907343	0.278309670869
-262.962650175	-168.841192273	1.39775958454
22.9537615888	272.807196307	1.1878947728
220.066104504	387.874869578	-17.4242824505
-194.221386385	-495.96890459	1.71178726182
-98.0530398956	-497.332475133	5.67326613154
537.101712943	-215.728880191	-2.97437733523
-168.654117232	-331.870783071	6.14600534964
449.250013888	-533.822686862	1.58963754559
-193.925606205	-328.171969603	4.99141424141
-202.124328593	-564.178008212	-1.63056848531
427.369224335	421.206077493	8.89299116363
289.343165271	-196.845744377	-4.42016112054
113.521001244	-429.047176786	-0.351957939008
109.630823938	-314.601177591	3.17284407095
-41.8168675096	6.66622957121	2.08200907538
-235.816868329	-566.211354144	-5.15807390521
-25.4759957992	22.6520343861	0.702045245246
-313.202350404	-513.601268919	1.76798669837
458.127361341	140.004067605	-11.7885782217
2.17898897615	308.744123231	0.477348689323
-379.807045889	560.452527724	-24.6797114299
279.117598063	348.050668856	-23.9942239588
120.166967574	-282.399687348	3.37052094519
529.555654447	419.414860311	-4.81784784499
-62.5381102459	-90.8866079662	1.17056935937
251.788366219	420.4574231	-14.8622402928
180.760293034	-422.533401924	7.10132476877
85.4705656712	-389.863832666	-4.86757249572
-426.534137465	313.93482123	2.80676394683
-7.08502324894	-372.339338569	-4.04168689114
488.715608883	-280.591568213	2.13236277147
199.712863145	-557.417511519	12.845731397
-160.135470127	-501.69855865	-9.576284178
-285.585991984	-300.520293507	-5.33458165713
-497.854051337	440.833128201	-28.4294823349
-64.9452607496	-547.871672898	-1.822366504
-56.1966620181	129.293603465	-10.0244219749
303.427447917	432.434612825	-19.9805045172
492.925690143	74.8963591865	2.92913069932
59.0909591446	-306.677810725	-0.329743299767
-220.85292687	236.691714114	0.894507401674
-426.621820064	-29.4255771256	0.692704809648
95.8994023892	202.27696287	0.655269047616
459.812435687	241.325948756	-17.6402271147
167.808641841	71.6636509776	14.4781351849
17.6186551555	485.359388323	-0.235801251327
-434.990969179	-386.233578299	9.52337258192
295.164212022	531.193419349	-13.955553345
245.757252446	-304.295361741	3.02720900322
397.277840753	-400.767618137	3.40113861586
-168.388545626	-168.16980729	1.65726771603
-474.470975598	565.917283242	-35.7204809527
-519.086291973	316.68857291	-11.557691765
122.293563404	434.158647403	5.71470666484
564.071108616	-57.2816870341	2.12190603261
-314.993971636	440.379437333	5.61183370374
-55.4923602509	-489.688909652	10.9319923481
497.215101141	-526.348805015	5.77689287531
226.387179282	-0.884340836182	9.0413633457
556.031898077	124.08849406	-9.17910880074
278.740280462	-479.246030801	3.05253000203
-448.360818381	569.700500714	-29.1523531889
-441.852528778	-184.13212284	-1.17584923611
440.436116547	-200.487919583	-3.5330574786
-120.063436475	-339.595133938	3.11587665077
-313.117915413	365.027405117	-2.72844005623
400.337597805	-225.066038177	-1.58638941795
-523.719890686	-389.32744247	5.27109602269
53.4510183855	-283.163679407	-2.80862445275
116.974988048	-258.770535656	7.96605393266
384.297603305	-416.629015778	-8.74444543728
-81.5041644878	248.519398012	6.90566540423
547.830678236	231.952047617	-19.4122688969
-260.916274897	499.168838562	7.79806003468
61.0216089746	-264.971028143	2.59582066315
-499.883465749	-45.8536352253	2.34127182698
-385.987041023	173.489868915	-0.285046586634
-189.273128055	-77.8097606443	1.53145982951
-128.683043343	499.864526198	-0.632493102747
-382.987621726	183.597519689	-2.64795182242
147.726353497	-536.04436522	-1.32582606498
174.356256071	558.191372384	11.7656651775
-487.755788741	-40.6402679499	3.57226889176
558.729604774	-493.232746091	-6.17745830154
-426.977179646	393.702171869	-16.4570214621
278.284611025	-387.901146984	-1.70607986586
81.1835619964	370.123185801	-4.32526075666
-312.753461483	-351.658917485	10.2463435922
145.661621097	118.516657801	-6.04280634936
-81.8607367009	541.471216173	-0.670777864437
208.693126169	443.944246119	-9.03314934208
359.11138111	289.266130024	-18.9643278207
3.21364316165	520.346946589	-0.962968910088
93.435422388	358.156318984	-3.46670380759
-483.418274325	156.04996683	4.03618495375
170.355579184	216.324887077	-14.1796443135
554.428873904	-162.749016827	1.4239930503
-487.954858287	-479.751844655	1.0699693725
462.938634713	236.225915504	-21.6060390162
-56.2808771007	312.718225945	-2.80472225664
-512.453131402	-390.627209813	-7.38074936871
-562.844478433	-287.385683399	-3.07492095393
-122.565144977	498.523239362	4.01939384861
-365.965397179	45.7448730948	-9.77137598488
257.421736681	206.494743951	-27.0269774592
355.580938727	49.4100188117	-12.7990024692
-164.737656362	62.804497478	2.53377782664
-253.519511269	-197.808861472	-0.757399491699
-125.666577479	217.415478289	3.22628751901
-461.688519925	178.446529372	4.81864347391
252.14208008	-307.781469272	2.79385248678
267.289748218	152.501147714	-12.6877748134
279.590083138	-97.7764998967	-6.55864393177
108.481314359	-313.72717281	1.73984448431
382.830452387	167.401316378	-31.4818661324
-291.262381854	-380.210343149	2.71447756589
-95.8491434188	504.689789556	3.17542547013
347.75830678	-445.253524835	-1.91239671945
476.311867271	389.189104731	3.03479709122
465.06686984	-272.719899462	2.94762625762
-230.518257519	-346.267053858	8.72337195517
551.345972947	392.427153112	-4.82507798738
-129.693840973	279.81822521	7.13224074922
-173.566916148	484.135279632	5.51881016287
471.507617452	327.516656012	-11.0060958391
142.865476562	-188.282775095	13.7298232024
-553.157235765	67.2186083627	-3.38800042635
197.140103425	461.623406868	-8.56139124044
-104.703352198	-201.727861822	-3.97008125328
358.939466053	38.5804187403	4.86824610769
192.020725416	508.667125436	-1.2399491524
524.567463162	-462.40590102	-1.40639914602
399.36715497	293.413745999	-24.3452491732
-52.1635036965	221.12221549	0.531569300622
-141.854778705	-168.974602314	-3.83784217002
-350.569398379	450.40175979	-5.60149522602
221.854896007	564.191802047	-17.4324839799
358.679461254	-526.613306603	-2.91926500296
-129.209160294	330.304300238	8.18838960203
74.3098266369	378.426566604	9.1693909837
174.73078692	471.651529028	3.44069553172
339.310106613	-464.559644883	2.86622640618
116.884036405	85.858157416	-8.9200378932
-225.028943688	-343.904687726	-0.335529841404
339.170712372	-134.589028025	2.50956785599
-241.623458063	-200.268401953	1.70688078306
214.348851935	7.95617799775	2.0163269747
424.987132635	-85.40936038	5.24397578034
-63.261825599	-312.892532453	-4.665455197
436.629367715	330.48788756	-14.1481594345
424.315663019	-308.544584292	0.173933247702
-560.863837941	-488.335395039	-2.68252556909
98.7661970088	-228.442307613	-2.05059301384
218.818714955	-398.26570157	1.79986543489
47.6227199823	-434.616662887	-3.47760743512
237.294283714	-410.500285476	1.33264554343
-67.5696094587	-139.445187685	3.64822085068
48.2105527071	178.561459244	9.78584950854
328.001448788	-25.6341773033	-10.8008675155
40.1372081837	-168.552054376	2.94112053115
-73.0695297158	20.3793804441	1.15365795288
-357.461324386	196.744883208	0.207156146748
-403.29965788	-547.769053494	2.66859999979
-167.554740965	-369.973484089	-0.122378498289
104.146252517	-71.9535026169	-10.0464967143
-371.167816732	-564.997544131	0.0936836662288
402.93416122	-202.696157306	-8.24555877425
-13.261664733	222.998002859	6.36610678234
446.609147394	-222.608852469	-2.3017629883
-296.066841533	-444.958589831	3.5066666905
369.550121787	254.882096999	-24.1843711745
-309.741568934	-28.8136966402	6.04101943313
185.596576778	230.098286308	-10.9513244575
-203.80968442	352.294079706	0.726724191034
303.294933729	403.94450874	-23.18639521
71.0179140235	456.279815468	-6.63053287115
406.240493134	460.465883837	4.05048907717
455.095433496	306.344551531	-15.2845414289
345.801583299	-496.688350799	0.463092862161
-208.13616686	-122.247364182	2.52767571607
-521.259122347	528.998523804	-33.7022769698
-12.8479249847	-543.636088453	-6.00915181405
531.07594288	-363.278434037	1.1529214485
-161.764194778	-203.218874488	1.19697987279
-217.358107401	236.447326976	-4.07908043188
427.35501236	49.7294928356	-1.58983159975
31.5464889961	-256.284827892	-1.47903195116
475.721939466	-249.532082066	2.7999063393
198.890484379	-409.164063474	-0.616213098859
487.185728783	-441.423823162	-8.03798632834
158.744104187	-404.894243013	8.5274088679
-245.838220352	189.910405398	2.69728155028
58.42372969	526.12109266	8.70220532855
352.486260859	438.00766379	-9.17636544035
298.172708262	-347.275186887	3.77367474997
497.199533718	-114.180267171	-0.27380869356
-340.065193251	-441.902837172	1.990993805
-245.169791061	-254.334984737	-5.97448735562
-531.543407756	-514.569550127	-0.207390173077
10.7840429781	539.519156083	-3.17281731327
92.8141374803	497.047633281	-3.27185128531
-36.0153684313	-104.401782145	5.96322091176
455.973381155	454.981290267	3.93778239732
-497.766694708	-59.060577735	4.60436668349
189.331646949	60.643656227	6.69589472681
163.031421338	-558.472373733	4.40226055426
-510.393365564	-243.277782516	0.794491089082
70.5222035634	462.439250391	3.91138574358
-549.69435988	-354.863956982	6.43896889761
-464.216488957	-530.663831295	3.83543157536
399.064854279	95.7191519852	1.70530006591
-311.720195586	-21.0319458104	1.13585655894
191.628113488	-30.354434829	-5.02277775577
-120.146101318	99.249977248	-7.45311753048
-27.0778389413	304.988254501	6.16900166037
225.069526235	153.295126497	-11.6729846106
309.645744902	-38.0830536906	-1.0795928981
487.905754501	213.178893987	-26.4080732905
-378.956819547	434.347600942	-9.63344738386
-13.3686678069	313.252415988	-1.78863282595
-221.039878182	507.573926219	11.4216329778
246.19010225	453.112703787	-16.8961407608
-498.284206966	-457.140058785	0.299492720219
354.715940608	-120.615115962	2.33619184721
473.401004153	255.932079436	-30.3454897473
178.92649409	462.215810941	-4.51040630787
-300.859151486	-535.638829563	4.26222907719
-521.175697473	211.129798865	-8.90285362218
188.387741131	-61.036035905	4.74521326406
110.916272813	79.2538116452	-9.47782049935
-10.8911510554	-68.8616701683	-0.126801401231
-243.53756143	-206.610537644	2.38096685999
-471.968915984	-467.041962854	2.457887005
-563.556157181	-555.35724727	-3.80577151687
-103.359333632	-417.795693959	-3.10564836861
-273.626066173	-321.055095547	1.14987017369
365.986627882	-312.928021642	5.27498851698
-195.974071315	209.534437498	-6.15549616391
-257.440431918	405.289308181	2.21506395374
-536.993867852	-315.920774935	-1.87366421576
518.216230841	324.527961845	-11.9930469201
-406.239102886	135.288521632	1.4478600191
28.2291439744	-394.974609616	-1.04757824914
76.1219834123	-141.714806545	6.78897308863
291.90440084	-410.521665009	1.36234932763
320.311349828	-390.095732601	10.0376101768
378.115801685	184.387935973	-0.884528687291
316.831698556	-33.5001747966	1.38229439488
14.1674525314	-367.492676783	3.64583891602
67.9842274285	-246.547465982	-2.84244827632
-522.160502244	-435.256777614	6.84931730009
128.679447387	-268.525036333	-2.65477297653
48.5422538411	244.315044268	-0.982098244534
372.482671233	394.096614566	-11.9373722428
-69.5862311607	374.028530534	5.00512139806
177.395038454	-366.358412175	3.21963856278
-19.2814807888	-300.592766686	3.06042917596
119.883642115	-198.869379605	-11.2071658559
-370.673106821	50.6887967912	-8.64347162357
-566.766795787	412.265382086	-29.3934892757
-20.2809436263	538.641708123	4.63116472985
-245.712069363	444.894634438	7.80939550843
147.891870111	-63.7343263704	-8.03982149843
21.6571969783	-510.049255614	-4.39514172492
468.300793586	537.073124094	5.03499036687
508.426912008	71.2180240899	-0.784588530081
-186.520280058	232.035727333	-12.6917064896
92.3205442991	538.634732093	3.39673865385
-377.859204024	-456.405592395	0.121733179902
239.951337635	-417.905262557	0.942613256976
-528.179288669	-521.489858412	3.67734562916
-281.548461	-439.322421409	-1.09929538413
-449.761106932	50.240258059	-0.890315213905
294.571888779	-125.274370233	-1.37580453456
-31.8702096009	53.638502392	-0.285613639464
-353.537832858	-433.367191709	2.65272427775
387.304588868	26.2385840963	1.57536443965
-507.115264499	-92.0517298587	5.78500935151
154.021250761	148.434643155	-0.971372652986
-343.917146163	242.074753205	-6.14057786384
540.455232615	368.000763264	-12.1351746154
-469.721516539	-210.363611383	-3.0051079393
26.569977208	552.402685333	9.32161050259
-472.37499339	-160.521629115	-2.5545804781
-71.4561130027	569.389626161	14.2960218841
103.847834229	-424.47201308	-3.9388800904
363.376343696	-42.4905626265	1.46329460247
223.834161709	204.712050817	-25.8470362448
-545.591800495	254.870505403	3.9505881507
90.25293238	327.96265647	4.55084531762
508.009889966	502.435934842	4.00415946233
-386.698003084	-76.8050949355	-6.93016969074
-9.0874470388	-297.444145128	2.96409587321
341.886541018	-379.873825194	-1.9581349005
140.552298995	41.2028395602	15.4791728054
-225.208292339	-239.230083536	5.85578820843
360.442635655	65.6522947967	-2.89268543449
44.3957229757	-212.609883538	5.99821830483
-50.98052381	-151.896910645	0.560186019158
-177.092053427	-367.165653572	-1.51531543089
-276.469653873	-485.073365897	2.39570102047
46.1718086509	-323.979130895	4.34812583785
53.4240209398	367.557181692	1.81365354524
233.846256235	287.191539551	-18.568483139
314.597117781	-262.475898079	6.65526275043
-136.659362724	46.0260274088	1.65255443075
416.519827011	487.468661341	1.24874254965
-376.134805869	-347.207779541	2.90919122276
549.806184817	-165.970366943	-2.71393383085
-127.630292417	207.689783131	2.15212385933
-431.481268978	425.329172138	-19.9662017438
-73.1961220546	207.200887308	-9.58950056902
-361.55173494	58.52231733	-5.40461901447
-169.778252023	116.538254924	1.48850611699
493.404942229	-529.939375028	-11.9691691042
-42.8710620292	301.476794707	2.23310138161
-154.534922091	-332.121523978	-0.788949446042
-179.476266496	-232.94916821	2.90203313953
-505.758356497	471.072282508	-29.1018195692
-414.014519414	425.852307294	-12.5620149772
-228.755317427	432.149671736	0.17710357742
-431.305388391	-487.832581424	6.97855611629
-429.839979001	-74.6510867849	1.5053540976
-330.66063807	-542.146539058	-0.962551225767
-241.094402027	-17.4753775676	6.87298647004
101.190746601	58.4330949638	5.33032846917
-348.613789509	120.911815344	0.621933717867
104.236303233	-539.093564171	2.46963497609
471.524329946	285.994938239	-16.5678788726
-137.719802534	-385.875506776	1.1755754356
99.0855768338	-331.830794143	4.35577119993
-204.858994583	-496.219821466	8.24724636848
165.600699983	-157.385081006	-4.67110933392
-515.209079008	-561.483510001	2.8291096302
-325.308350929	-382.947753504	5.37837493822
409.063753291	-50.5479699287	-5.76560369377
86.6431375151	565.736420084	-12.8698581126
85.8136429534	366.632449677	6.42799011547
-317.210187558	25.9106252232	6.78771365774
472.756794007	356.605214529	-8.20788615632
-567.066442894	-354.612351837	-6.0158686489
-471.2751622	-84.9777067028	-0.0707825707138
-105.251973804	421.498551147	8.71927121385
-415.341164819	-518.691860217	-1.50940505296
-260.976109395	-334.017679548	3.50183838436
-114.865437749	430.623578533	-2.47174327662
-496.755719914	268.468472502	-8.85450284214
118.793774803	114.353647208	-4.04926191127
-561.76311516	-289.527125871	-1.89725642549
189.365050897	-5.32528013429	-7.63013308831
243.055500853	544.885345219	-15.7028777085
-330.021306967	367.033110644	7.1478018974
-180.023278086	285.236300387	-7.00267532012
329.627083229	-48.5206465234	7.7327141545
430.38004258	540.547405637	3.00412375399
467.542144956	-307.744186615	0.258386249497
-192.51080446	-519.233272243	3.52331070211
-404.716532399	32.3693317265	-5.96340498254
220.765126017	105.548068665	-8.32248832723
422.660213905	-500.796251943	-2.87525770036
548.366864947	68.0418593473	-10.7992047427
-570.044092318	78.1012004941	2.84745859581
-513.017937169	382.983499417	-24.0525837656
-180.068264981	-532.700444313	8.45153754143
505.20873238	534.578259465	-3.22501896576
-12.496722152	186.926274888	-4.32712186728
381.427224663	-520.051685948	-2.68714893026
309.681277614	-411.122235921	-2.02509682639
-374.242268431	71.2480325214	-10.391838552
363.128528373	548.641724896	0.691554206693
289.870226283	-231.454308796	-8.59738942438
358.435054535	11.5015905846	-1.48859163634
506.624727938	158.833717251	-12.4205582218
220.069135411	353.910585614	-11.8604786605
391.493371289	470.165061817	4.89842762621
91.9741447699	-273.486031787	-1.98547468346
423.818083895	434.597436336	8.31369079437
-163.525635916	-4.51225827998	-0.944481614719
472.163621956	-281.925668094	3.22924726478
-89.7293383877	104.045803674	-5.34873725739
310.378122541	373.56746224	-13.1909654682
-329.857595294	-88.7372317167	11.2677905125
-132.656068652	-319.087312653	3.67548604583
-301.409831398	-566.034388199	1.15270825155
565.978282745	-192.48618753	0.361042417977
-155.885006914	258.758398179	-2.221944781
280.746357985	309.415571116	-20.4900288922
281.15490426	-137.197359534	6.6949025031
314.596320348	-1.25369789738	-6.28575869238
553.041035145	-424.957221536	5.68335672682
-179.520860064	-471.104347354	-1.4196961517
-162.432084732	-336.781529579	-0.0312563026781
-378.288868368	452.821032883	-18.3012027605
124.118688982	196.776025484	8.00137124285
399.008493104	232.253332922	-10.8429351014
-120.541406842	250.009664466	4.26717300947
-112.945895986	-35.5018265387	4.21766179736
-270.730074596	312.180779774	-2.2899304999
-347.769481227	521.700529581	-6.68749648034
275.414659731	203.505139494	-21.6278188696
519.672377305	-164.569775229	3.1305479831
-27.0417151935	-343.955489867	-3.28017722794
-236.961910889	-171.819353888	-4.12614704497
325.955991616	-563.994655446	-4.5502698263
176.845733582	-369.660136609	3.9364095963
-73.7536600609	-137.130480801	-2.61565462653
-9.91410522358	346.843819232	-1.9801850388
526.460631553	437.602784529	-0.788468737074
292.113451233	-552.135048947	6.96261884096
327.355382217	547.80069266	5.3662100691
-208.07015529	-472.783578386	-2.62707045248
-97.2189788563	-15.0336087313	-5.40733408046
84.3124776682	503.97066687	4.7750852432
-41.8239046069	431.185287437	-3.34337229252
50.6775257821	251.11422239	-0.38064493241
270.264029572	484.126353755	-13.924175594
-318.658361221	168.366966039	3.08716419724
-560.716709073	-30.4778383275	5.93474199937
458.809114076	-29.4498676869	3.4318933956
-2.49294712939	315.589549043	1.39882257868
-283.513962057	-155.215499341	1.51321628426
-446.119108509	-526.252023448	0.417365849852
-38.2940734939	-169.081062399	-1.93619686071
-454.250327925	244.27927359	-9.2910334043
-469.406722863	-527.836956597	-6.39676938677
338.98520933	-562.061108163	-1.47121969407
-449.088610831	190.613840807	-9.28381831022
450.815983725	-125.955695339	7.27088293407
363.00981554	276.081387569	-29.0560470331
484.041070102	-497.089162035	9.79330303171
-467.673670353	-257.477800261	-2.87301841564
-412.357395513	-153.95015801	2.62860396986
-121.211030061	-523.608149588	11.4390530577
244.432830154	-440.141860598	-1.51815796297
-131.353226281	-363.744507303	-0.709826370849
-441.813970709	210.820240922	-2.92395252803
-48.4662228176	-50.993625886	4.71869485667
273.977557863	551.735843092	-17.7985017254
-301.731976297	229.558108274	7.84817982403
392.156341252	-563.150678213	2.46891789188
-122.046875383	-459.797794792	3.40502841245
392.615933394	138.676609582	0.713833102134
34.7796562802	307.835078889	-0.977709599645
331.227355702	-313.346080948	-4.69276986685
405.811758654	-181.95568924	1.92579139832
-293.566843452	483.092774016	-7.21181906511
-31.321843499	258.174104563	-0.779613154229
-496.427030385	-464.601948236	1.12791581923
-43.5770292939	-16.5480545848	4.14658185215
104.609868639	-412.552434781	-3.75810649954
83.2289588009	-201.803362568	6.69757894963
310.155760878	112.738491743	-6.61533495821
-36.0230537266	358.565809384	1.38346915717
-466.724506292	-29.5327140314	1.42565048418
-525.143282741	-84.865348284	1.72806991075
16.956461462	145.988824969	-2.95744290797
1.52102465558	251.64125708	3.15522636943
165.238538072	517.539912953	-1.33698053046
-130.609642563	-173.411463476	5.20604771781
-440.561805526	191.192910516	-5.49339591785
-213.970772131	-468.237311616	3.66196381285
-58.1848667456	-465.579265937	3.38831494982
377.781884799	141.413732086	-13.2188167901
-28.4999658218	209.849280445	11.3636005598
115.348310971	-225.002306552	-2.34056332544
314.672378417	-284.6351249	3.66001252493
-111.358989934	-74.5019152756	-0.931211432432
-325.560067371	425.109259289	-18.0974213755
87.9437020405	433.480213256	-8.40269237534
101.945429692	560.773097773	-11.6057187198
-56.1877122773	-449.599724304	-6.36039769727
-555.634586514	-320.20030394	-1.00237064976
-270.126636074	-233.834875335	3.80113585643
-192.495498275	-436.957334495	7.3780136907
-22.4181768775	-373.179360086	-4.18461049134
503.326605637	521.467525058	4.61972869116
342.328993247	39.8066919297	4.24748283211
-540.983465465	-20.6018179862	-2.60294889654
405.012674264	-132.367026824	1.23788061892
-496.340339621	-486.288556668	3.40189279005
-521.525859314	-219.449196898	9.83117382034
283.296899759	277.703722907	-27.4974960212
382.881203254	-419.489883469	6.43185475414
-227.516814364	449.14903044	0.708131810353
454.59726554	-208.206128609	2.86861966173
-168.267439602	-291.59071159	-0.813997857427
-94.7051241666	66.0529236048	3.49725130487
402.575291575	-387.13709404	-5.8636677722
-245.136224769	126.684871992	6.17878269982
308.917314932	-187.098044567	-3.31311902273
246.905069887	-273.726536251	-7.37290424227
-146.010380465	-1.05092517255	1.4273582879
541.533950634	-355.755840976	-3.17718163359
-487.299477599	-151.950700537	1.42145811584
130.607626493	-554.83441479	-0.213092319655
193.486744813	153.828357306	-7.13498462285
376.000941588	-95.5799098592	1.61628873334
-233.769588521	145.324322006	0.325008051117
-94.0747729255	217.868097385	5.32777055705
-209.795233707	-215.261648673	-2.08340427712
-439.559416778	7.02766522761	-2.65000436262
345.067824588	359.288378368	-17.5485241059
-33.46512496	-505.086518828	-3.02255309781
112.141423446	-195.209976036	8.17331060169
436.713794499	-136.884531249	5.3096429529
-348.953351826	-336.666010584	-4.62034891906
-298.749946352	-547.111733552	3.34811856901
344.203746056	10.8529816877	10.2849180941
-415.789065135	-377.600323578	4.51519455404
-534.360445262	199.255233641	-7.57735089338
-213.471509699	33.0779265299	-2.95957144824
-458.771343658	530.133337134	-33.4258193557
484.599988457	-563.258054477	-1.12301711511
468.719022831	-163.659112451	0.835688993891
-397.406291899	316.105024505	2.59489020531
381.66283409	-9.48061386677	-4.1368036573
-17.466544267	-63.0804559583	1.43896446678
-113.957401936	-65.9603636162	0.53387553873
-394.452190321	281.594174633	-0.207984760148
146.148035767	-491.056326182	1.86062738772
-539.356908172	-375.983162679	-8.19561602998
-480.241905687	127.987920803	-12.536732461
503.815443347	364.776491619	-4.52020270758
188.731036559	-314.371583515	3.09168279717
-126.189072314	516.459654329	2.77285506178
202.09289242	-121.272383117	-1.9132303992
275.28368113	-196.917934513	-0.855425038215
312.260593875	304.066402776	-38.3379420631
226.952775947	-44.780537345	-4.13638670332
111.030111598	412.498137246	-7.22306269818
-369.987220946	380.034461081	-14.4189352859
-505.383864023	125.133016725	1.58078896554
-329.605441624	494.733881559	-3.5524553336
-268.264437317	211.772006511	1.99670840953
-420.774266445	220.57404517	1.82804040989
-483.325821271	309.925710861	-3.23169735183
-507.034419889	-435.352235112	1.02760031619
-326.868942467	33.2731483111	-2.6487173057
-498.830636872	-297.52221777	5.1724525798
-126.571740755	87.8762771671	5.1323270217
247.51331752	-92.9170320967	-5.60263262674
-60.615013905	-222.239640982	2.56103337538
494.041499448	262.17474319	-22.9032411186
-260.837055116	-142.909030816	0.442719618684
-124.216559635	43.1471508716	4.47889581619
-172.657089554	-454.905868875	-1.68666318159
-378.939882549	446.114033376	-22.180446619
402.490311093	495.481705342	4.33965151721
275.28701787	489.042528199	-8.36477620444
-153.781473125	-305.164116744	-2.89467847895
464.610338508	-487.857906694	6.64434485685
340.763974609	351.839745041	-20.1964080948
527.855158254	-190.642240312	5.79219251554
99.40409385	-11.2916382196	1.74326661618
68.9653272062	242.967057525	4.14915676387
-452.372276412	462.20590525	-15.9345849254
98.4157545565	95.575373419	0.37958604299
99.7863667156	-427.918354403	11.3379938975
-557.341203999	-393.428561823	2.48967840593
481.791265934	-402.489989043	6.21272064528
232.33396602	315.29335176	-25.0031587786
-506.727927805	-219.887885902	-3.82774468263
346.80474918	565.090927451	-9.28983376304
-44.4601814018	-116.234371087	2.88292498242
-147.941711411	173.520576396	-9.21124311727
-333.700063403	513.202391871	-12.8378226074
-510.915425695	417.927967662	-16.6051694955
-472.235883373	-244.74582136	1.62873698283
-245.95759041	-35.0881090662	-8.26849685703
-195.612016986	64.1398567522	-0.393494783425
385.284615879	-268.491368753	-6.90255149179
-224.386114115	92.4091841845	1.62921979064
536.223993684	-401.186596142	5.28725292398
208.208049106	389.712530292	-7.09442545549
-469.982209328	402.483875517	-18.083903798
360.835947748	508.191621458	-12.5624024736
-34.0069729311	-356.499945785	-2.32829643873
-191.439905845	-430.656171295	2.60869335733
553.00299826	54.9698697267	-10.5175999062
310.059430818	224.903446104	-23.5684644099
177.098898525	-168.109004704	4.63528002339
482.435581082	-350.574744535	9.20013760103
-22.0022312203	313.881054188	0.863664473675
-66.8228777717	-371.529722791	13.5587341819
283.203536723	-242.636277366	7.50541617174
-417.851700749	392.132686093	-10.4041320927
-236.860765116	4.86041217134	7.08875371354
-396.091884903	-193.362516223	3.20918545423
-295.355062876	59.9504702703	-2.26723705599
484.095576823	-383.614220377	12.1119890956
235.032422635	-171.816477818	-6.789647819
473.76940267	522.649351261	1.32452870467
443.488914339	-164.005630549	5.34415675105
35.7579735369	-352.145715926	-4.57294223371
560.246852347	272.348897353	-14.6730892339
138.861185218	-377.81162964	7.17000281997
-16.1060113967	201.234246625	-9.82549743469
474.013479852	-445.249450683	3.86289241706
490.765826746	-382.407558084	-2.98991022362
-372.070370988	-78.8468551526	0.459001647718
332.471158134	195.267921673	-21.8854209152
460.910575563	205.48140595	-24.0078250136
-460.884762458	-400.041368282	-1.90558727646
-328.8578672	566.746708313	7.9351537226
107.924354261	19.1704606956	-3.78081403536
197.586113298	69.8244028561	6.05879239996
-72.4073113912	-472.695333775	-3.6081148134
-494.585990111	17.1404482025	5.25950758488
-8.23435700989	-224.869845068	9.92784362288
479.000440951	288.020488151	-16.6598226496
-270.593603372	-433.13986906	3.09795121177
380.909257472	2.14876368888	3.8617212182
-506.829035241	-391.89368487	-0.803573516548
-64.9467099304	125.845873705	1.11786032602
424.93012277	471.450612689	2.29276064899
-397.899917717	542.141334759	-4.46823169917
-362.304151524	-282.368438539	2.86563397431
-205.157651086	-388.477169285	4.4820377302
281.365152506	-39.6586710634	9.62003208156
-449.295750062	356.612102659	4.38560669317
-527.757261331	533.704220902	-30.7695283644
134.45103192	-224.179896146	2.22708916909
-209.194331561	420.003909885	5.69954457458
-344.830716932	-116.34822286	1.13059104955
26.6479630257	-338.764222167	-2.82009146433
31.8836472382	150.68241864	5.52087790334
-500.892600083	-225.931297726	-6.41300354695
163.093917676	23.9019511184	-1.38467848627
460.234308321	354.775360962	-15.7412200025
-522.136607253	515.531391775	-32.523770649
-314.317303794	-199.61161689	2.74367012943
-19.5710516386	370.673707975	4.83003532625
520.780062542	403.454078887	1.92239925448
-327.169807446	-78.9075938141	-8.44625437268
-92.3551901132	-74.3422860225	1.99159240115
247.068129314	485.282027086	-6.98422526639
199.249855145	-474.916011527	-0.156808995688
-142.951790272	-119.889789738	-3.31761777002
268.743270445	-66.0793245277	-5.5575432173
-536.204509529	17.4177825923	-5.02907392367
510.222462771	-108.736493677	2.90661367977
188.464946074	261.712522271	-13.5288245956
213.169619941	553.746128489	-11.3356212078
233.116666298	372.52020292	-20.9651896423
-476.192623129	-382.321781841	-7.95295456012
-372.756679594	395.258651911	-7.16042227541
222.401596955	179.296841762	-5.57386499783
-516.974150795	514.999845672	-34.9165298913
214.31658352	-520.238955399	4.18493464727
-554.047143437	284.232959665	-22.1427577268
297.150304399	-345.90221313	-5.66713546329
44.9825893506	47.9822374297	-1.86898783811
-229.76345166	-488.096069862	-0.67047735602
566.372028815	-474.555471785	8.88146435387
512.310479599	9.74396050881	-3.80196672401
391.606142492	536.986404919	-0.770853731299
388.604951942	494.589119854	0.770807178704
-487.572154949	3.09680357961	3.15820917904
-403.297339176	333.006123852	-3.34799347807
-135.902803338	-292.127828017	-3.82893207572
405.624208803	-399.077935213	0.633810961108
-231.555664818	195.604891799	-4.87899598103
-508.085897313	-376.438908417	-2.78544061373
303.702582066	99.077882856	-10.7830235345
-31.8609291932	-108.302610082	7.04832723382
548.263767119	-562.24616286	11.9729028794
-339.278957736	509.647756991	-10.244508129
-546.888912093	145.269209807	-12.0014711699
-255.096464612	-241.478921431	-3.53953599063
-191.017496096	-366.683156507	-3.50939698253
-568.574458681	-165.285487895	8.89368121415
-113.215486307	231.001741546	3.24931013348
-328.112809058	-1.215990893	-8.42594999563
122.118479164	68.4494408471	10.7114997944
64.1383581557	271.389308827	-3.48528742835
-357.378100713	-392.94124435	4.55519948547
-570.595036408	-538.48174453	6.09382181492
-40.3624827007	6.66805703781	7.35765889767
-267.693840099	-387.565425566	1.8563018067
-182.07769255	43.0436966375	2.5201346633
199.537481057	-191.500353693	7.96613430527
-472.029601804	373.037496784	-12.0984720047
-131.264730155	-176.984706455	3.68268966752
219.795898059	-532.417484447	-2.08286038428
-253.613610653	68.6483085881	-2.33432151265
207.944603726	-469.331182242	5.5303059423
-533.374838869	-94.9017132945	2.98989206881
106.993533685	-110.373195443	-2.5046002347
244.594254222	429.271292851	-22.6023585186
-488.999379908	494.339075457	-38.4688145699
80.1390904847	-214.128184962	7.52532215495
340.286004706	-109.358454232	2.13383933516
159.712317224	-321.496544968	-0.639648874775
-74.2513158691	291.381680856	-1.22164907867
-289.168415028	-141.057073767	-2.93699981938
-300.3284041	-254.305530955	11.5874368457
-492.127996121	-301.966594526	4.89201088697
178.962243606	-77.4763556524	8.90077171749
-396.680217883	-545.244693949	7.06589759188
-557.001298495	231.089461875	-8.7825744346
329.238157454	25.5093494883	-0.20772026313
-275.267465656	5.21482427342	-3.0906852098
-417.760431213	319.63034385	-13.5647405609
229.968150731	460.709255744	-9.91042219205
-240.38607613	-243.721854502	-3.79227064748
366.182792247	245.794312836	-19.7926625135
-284.924261974	492.963982343	-7.42818603258
-470.597933233	-541.441848705	4.09813317917
341.582546068	184.428195842	-33.8467594178
67.885479142	-528.295088164	-0.277340013891
79.4041335684	34.8176319839	1.7545729809
-125.247862557	392.131880172	4.1621477155
-377.830075077	324.564458486	-4.03772320116
-326.938757463	261.916802163	-0.0433235572421
520.981237402	265.169898321	-22.4616329406
7.99637287459	175.607076026	8.67686555524
-226.574776066	547.332698023	-8.32500597601
6.75323256214	-58.7857581411	2.68172082502
-162.036465548	-402.513705304	2.46899958887
-190.688294565	159.379249591	7.26077282584
-74.9696919818	-70.5990069072	-0.546873838799
349.791420423	-381.390362691	4.88311647844
69.2733690431	-265.376308838	-0.778110222914
431.597041438	524.888717849	4.98622289012
96.8592881054	-254.879939989	8.33138317278
536.082355355	122.102341375	-12.4875496249
401.633108362	-424.194330385	-6.58946297891
-394.992585344	454.433074016	-15.3676262219
392.596131655	384.771012855	-7.04771109954
460.857343198	185.29942785	-20.244448954
-142.507791839	-549.319383466	-13.9234099775
113.569627317	482.477746389	5.00885604409
187.707702436	-313.807991161	1.21584054875
401.009951782	564.574343222	-1.96115835128
-402.454164645	381.044751659	-10.5932010536
-551.139939578	169.752445432	-10.8344012499
158.434751036	431.916782643	-0.164554912185
10.0176908568	333.842405663	-3.43666656222
12.5810910337	-567.008666731	-3.61855584952
170.914953136	-387.025791501	-0.996555414147
-271.439801419	301.046165226	-7.07596814163
-359.725471838	-392.139672564	-6.57704206383
384.554226787	-358.084639765	-9.9144115813
534.014712993	17.9177418643	-6.914097407
538.424038311	405.140011866	3.91910297627
-237.419132839	326.828783504	-1.8101815205
309.174300064	-568.205710606	4.85379125322
-479.119035727	-178.483904974	1.08187953569
62.2262398339	-472.781287829	-0.126494208702
315.13153096	121.724576746	-18.0788945392
-547.718395652	-141.041665577	3.41193921159
-280.666174771	475.643186022	-1.60037098344
268.910662408	-43.8689617248	-3.72319062669
245.560871473	-277.401032724	-4.90534715098
145.98637868	-373.256425036	8.14875097361
-122.494892906	-478.435521985	-3.29768762293
-92.6350133206	-178.462173007	12.3674768643
260.543891702	-345.667031845	-1.82840267919
-453.084691923	379.873381222	-5.17726872764
-144.466210465	-226.591197057	2.37243705177
275.26588104	385.73935899	-22.5959210128
101.193573907	548.224714047	-0.341388944916
519.916454842	102.260710627	-4.11149077232
326.193007771	-150.488195572	-1.47612507468
93.6221309609	265.144717366	-1.15243441496
167.478286258	369.647312666	-10.085819625
-177.496135679	21.277419893	2.41113790057
41.5337532703	-550.931226693	5.97051708275
142.740896234	329.108705022	6.9007939923
85.7202345259	21.9900402573	-1.67238808196
545.059321399	-216.41473637	0.536728891828
-82.908783656	-67.4793394946	4.17397639064
388.045858068	201.480648983	-31.5465328972
-468.3409203	79.784340295	-2.46269572311
-544.939147356	-8.67477325734	-0.180271697108
463.858930025	354.16175176	-12.4768840101
-150.386647454	73.1542258216	-1.21803360702
-412.639947905	-335.252667152	3.32873587049
-471.868304126	-447.122782804	10.4138490712
420.400232952	233.958771748	-27.4118233361
-396.231002239	450.891634563	-20.2109656067
-343.71172494	-81.7125104125	6.40328452483
513.791634408	-10.1176299968	7.98679470622
550.873148915	-177.428587849	-3.20537118366
558.811251957	96.9754443279	-1.56693696848
298.281296155	316.013733804	-25.4678409213
53.3830571058	109.351678511	-0.115584175771
-353.862867184	340.164165262	2.74715562032
-368.158980003	-33.2847092522	2.00679359898
-305.808054541	35.6347827156	-0.258125195223
36.3504825929	-54.1277484105	4.65070357665
-335.879298329	180.034107818	0.313611561991
-20.0699225339	447.286770298	5.90782894915
-72.3528765463	-207.103309466	-0.65017745771
-520.383017314	508.761914046	-32.4980850714
8.87640599094	543.015271223	8.26433446187
-136.675882256	-537.949719601	-4.96984748733
395.708446699	-512.294313671	-1.41548280365
19.2276255956	269.338742495	1.27852078745
386.996305698	-562.721128817	8.17271380605
-354.134845624	120.525078786	-4.85044093347
380.678078963	-250.774865183	-7.91968373662
-510.015222207	148.580157571	-0.969461852621
-444.365142841	-359.186937958	-1.49972478187
496.614694414	532.914982282	4.22051945643
-518.892911872	219.520924451	-1.76963577885
282.870155583	-338.308690975	-3.10930238393
-248.813630075	66.5003058006	-1.58981759789
248.292710908	-282.934277977	-0.180799604245
396.535295863	390.955206534	3.07878325054
-520.849507989	-283.933347808	-5.86757441572
91.8917321182	-79.3469880737	3.76548861931
-74.4497360184	534.028178128	-3.12484281524
523.471347042	-386.570249048	8.46496177595
-120.706512721	318.004473466	0.0062462343365
96.2032817248	376.393529973	-5.36223779407
66.631890416	-19.937012321	4.07281333781
444.428075262	-85.9957762926	2.84816643012
-180.332082292	205.959605928	-6.01281252868
-517.325086538	110.642333109	2.96514508897
-257.39648646	-76.8176350777	-9.34699111676
341.304120472	-105.701229538	2.81489730712
-295.392181693	55.4806410228	-5.19495227406
559.633698019	-74.6602333453	8.96030678988
-1.80865480291	166.709724976	0.630343856631
505.47885116	483.393442631	6.99810361148
-302.8374246	-164.030623173	5.50527987035
-181.87179218	129.957310255	-0.802055059494
22.8939843337	368.2557948	4.09390007693
-564.096953655	-234.178903505	3.79482079678
495.918530109	-528.287695266	-7.79305867134
-390.907554753	-53.2092073005	1.17197138822
-110.057133265	529.83125454	-4.09624829629
-546.475905713	403.344696488	-23.8293550982
-52.7784870036	469.72138938	1.25204898466
417.094463399	232.827708225	-32.6207277521
-419.648012079	242.40598605	3.85169818989
494.605501812	240.031567953	-19.2689381404
109.901217569	134.589895538	7.3519044686
-485.715582877	-46.0949022479	2.61037620931
-213.528440468	54.6066428062	2.58292704965
567.932623623	-27.7977343013	-0.316454522003
62.6442720785	394.806213862	-6.03031251045
330.737616032	437.697799298	-4.2510715512
362.067777619	-471.721447715	2.43873579186
543.664961756	-343.300202756	9.34564091002
351.573694133	-43.5735011198	-1.94472156561
395.794399625	-533.120845276	-5.10259205399
425.173005989	-157.577851505	-3.79382557007
-373.853109512	-38.9700678056	-3.13896286745
-198.05078363	-515.163547778	-9.80984047836
19.5688852635	-229.540087933	0.971849097373
-449.09881194	496.046126106	-23.2279001018
-252.710834601	326.723286973	-2.02443637418
78.2093830639	-170.058915848	13.5590045451
504.203870998	550.405463603	4.33326550543
-55.5046578268	-199.183565127	-7.77423609949
290.091490116	266.716252997	-30.9284317263
449.427678919	-84.0786219433	3.88495561076
-329.447627019	-430.022593923	3.57416543533
-518.532907605	89.8807987035	0.827055831029
-495.560471567	-134.855218657	-0.576238102464
-294.303239947	27.3951851443	-2.00702905183
19.164545268	478.578819344	-3.97133808498
-384.416026329	-71.2273795168	-5.0761912249
108.770451687	-218.834966521	3.99800789606
-14.3928469839	239.652397276	3.11281519683
350.34784708	80.2387448718	-5.47988664402
-180.17444483	234.186637841	6.5348374577
-61.6664546146	-514.86351951	7.47891719903
117.882287648	283.035316951	0.257238789707
-522.640993698	-554.770788741	-0.815206192074
