-272.669220229	232.538886015	2.9121651553
-20.7083291676	232.931162688	10.3057397767
-265.358788326	74.0685489192	7.9875898844
12.424910845	-40.3423823407	3.5465615354
-153.431560663	-131.6664714	2.12916458422
-121.615973935	-180.87538513	4.77913931042
237.415402809	253.19600556	0.615383563119
122.312741144	61.4935882835	-5.34549584489
193.578904624	-202.526569273	2.60578519986
-26.0783801273	121.224192178	-15.660930165
-152.893151845	260.089639658	5.54591916081
-218.241053321	-156.257371529	9.45077357496
274.643675287	-177.706731665	1.08341182049
190.699500802	96.4667088063	7.34141088643
-38.2412765346	-162.589130562	12.5442118532
-291.528121325	19.6700291708	1.59443882002
-114.234870356	-148.216370713	-0.637954382076
-76.735729769	148.337747102	0.198912938823
119.931295503	272.392209731	11.5337427136
-278.449495089	222.010054327	-0.75490444891
-76.1963878059	26.0297740066	15.0177172408
131.30460686	-279.360618655	1.76451179493
225.880535257	-228.299783436	-1.92887540602
-258.37831398	-220.702673307	1.32150132178
265.402744431	-62.9165567717	8.10704613732
-124.946742399	-247.041853823	2.11962478453
161.67302292	-37.6194879942	8.66044157396
-211.794600691	-161.863727142	5.96077289957
-224.955286232	237.653260567	7.16851101302
163.668027292	18.8821528175	6.50091576087
-203.067825796	-38.2778250481	2.34913794274
190.668679525	-71.6545111254	-2.64580384891
-254.523274011	2.67030843999	13.0525046214
63.0518018051	241.358439402	12.5352775561
150.116369053	151.681336075	1.16503509805
-79.7832655133	293.2990688	-1.47475946045
-104.604314372	-5.84577552086	4.35531465532
89.6628403915	-207.639830473	17.0360276123
-291.109069685	-58.9494946475	13.6477097295
290.637908446	-254.155294362	-5.26596083105
-82.9914529982	16.8298776211	1.02128722893
-95.5049052742	264.092656217	-6.67555049627
205.177578121	213.257722492	8.8557831218
12.8718135243	50.3892279936	15.903566964
274.41180481	135.694192826	8.01362177874
191.831090232	59.2579872499	12.9052541164
70.1576632703	52.0951680149	7.56714590665
182.656153636	-34.8236324132	2.12336671872
-262.129412962	-216.326305458	1.80879713473
-121.707668773	-205.256938667	1.3762246539
298.893398189	263.54097107	-5.36626560645
-17.2354144912	-13.725024307	3.81594387201
5.24072335089	148.657167334	0.780372203605
166.957988532	15.8800430856	13.5887904961
-18.4079229625	-16.3269814434	2.87267538519
109.029704696	-23.0915665111	-2.69231714367
-16.8156654759	-163.076048961	-9.52098428615
278.429629242	-29.6732318729	-0.547569862645
-162.937837709	288.395132785	6.47265735586
174.867718943	117.480982011	4.50961292644
235.012225563	-51.7693687953	4.08086094461
-88.4137711461	30.5745882421	13.0685714196
-208.114902976	-29.0585261165	-1.42380522403
-236.085400862	-230.13131322	-0.739035621086
-218.996903749	113.869718717	8.56721669674
245.762081389	-92.1071847828	9.86922032591
228.963031874	218.308848371	-4.89772042848
-230.369311665	-213.978285926	5.44862034381
263.109922576	279.427213278	4.51814533549
-1.09921648452	-141.179932874	1.99995470681
-157.797008039	-44.5091719399	9.89710813727
20.6694906225	276.676645072	20.2520886965
-35.2485947266	205.845988847	9.8071033939
-288.671027026	-3.94119808652	4.18241777788
-189.087468856	-102.235956671	-2.67853466519
-134.411486638	163.202651708	2.74761220703
150.140339789	-168.437948408	8.72998251145
-71.1013641262	-5.42027020229	-0.82874305528
-1.43760328888	-208.865966114	11.8581216209
205.41869963	143.081716052	2.60874861554
153.784314752	-238.701222744	3.48076544299
-107.688076764	-15.4495131179	3.7246682564
147.434290416	53.5082484837	5.49876538131
-143.534071132	-286.983474973	12.4525187804
-30.4464254197	180.474412304	15.7257925351
-81.0015615957	-1.37882066916	-4.12424608377
248.871124994	-105.457665495	3.73511770538
-119.869975811	233.915752002	-8.38268947121
138.154880561	-11.5726060166	6.38674483728
233.500264029	-8.74005398061	22.2528091742
275.664333062	138.849198152	9.78539517525
-41.4804443285	258.879278697	-2.83875351967
-295.279210291	43.8729695974	-0.176020467624
90.0891348973	116.83517307	8.24530856528
34.49550533	158.891778239	5.08389420565
17.708660452	-147.139175814	-2.26869183715
135.130811969	10.214318367	14.2705820003
201.359968604	208.291712593	5.8288654133
164.999424126	-44.4184194633	-3.38125585509
83.5891653538	143.720899525	3.11909093338
-213.285738939	24.2285763586	-4.05104099
261.300982595	-25.4082307241	8.68100540204
257.477490009	104.699698108	6.63357350343
-191.098509605	-286.794489994	17.8372063703
-202.176442042	109.252424601	2.90981310592
-148.547316167	-146.617247827	12.8224869582
-156.204481697	88.2816103605	6.61237055819
-22.3948404054	-139.28751913	-6.47091772494
-169.645908806	-264.463073371	5.31387830731
72.478988742	-204.300453113	-4.60155904952
53.2080713468	-130.524809713	4.50118030554
-287.548333796	-103.685614231	5.77301511195
-151.434210686	29.0630371704	1.30540824632
-97.7365649558	-105.537331481	7.57504493862
234.453921576	129.506312292	6.4179647258
167.998915748	-91.9621390664	4.017684603
81.9097631619	203.317602238	4.98330329385
-68.3409113618	-33.2854130352	2.08088201536
63.556488397	280.513309214	18.3518554876
177.711390929	283.784884725	13.959362265
35.821782369	-197.615633589	4.06755226935
-98.2858894826	-19.7416176218	3.7234410929
117.255026699	255.908274408	15.705784158
-68.5283224006	-95.2680395131	-4.43388264265
-252.101063321	12.5174816421	11.1038280734
-73.5483060434	125.085803169	-10.8649715122
-49.9932338351	-110.796132916	1.48266745002
224.129692058	-235.065610106	1.37194850394
-120.01709483	12.0696268385	16.4266200884
-235.102221369	-27.239747452	9.81778419112
114.116275144	-51.0766778075	3.44887299217
3.67568883386	11.608644594	-8.28092388876
-284.875502274	199.839884184	9.7545265579
-167.020576891	-227.353051942	3.68736866152
19.8420310167	-53.7580931997	7.75688782006
254.980467495	35.6434982133	2.71712080109
189.761073312	46.3386019224	4.47199226444
104.003131831	217.382876094	11.1846839314
142.832909838	75.9687904004	9.11702519385
209.866500488	-5.11193515239	8.7003850403
-210.462962472	-246.418809926	3.28083442523
69.4163520051	157.632037219	2.69944286722
181.0996888	66.6350548848	8.88239826235
224.188400866	-5.59258035793	3.04994730904
290.131296493	256.453101827	-4.84376056044
211.188910061	216.856424485	-0.0065097748695
25.8676263425	-209.511652036	9.16165073287
-121.262874702	-65.6103031722	3.81500491914
-262.836514682	-67.9717609377	-1.8039434775
-266.04482133	27.2798636577	-1.01538204339
83.1258483455	54.652318798	8.185863503
-168.117071107	-90.4626422252	1.92883925601
40.2655619458	54.8083093638	8.67076196683
-159.127263026	25.1798562138	23.1881957446
108.407513904	196.937332088	0.573905263135
222.329163823	45.1140611123	4.155191124
99.1249437333	261.817449753	-4.36273718881
-193.657766371	39.8048395558	8.55586107304
66.0135343214	-178.571870656	5.63421551886
-255.051033177	-5.69899488837	3.87553204847
-232.817906621	73.4429515027	8.39591112826
-7.30355928166	-127.092865915	17.7382694531
122.957229118	167.733485496	5.70546745411
-172.179676512	-48.0394638402	-1.72582845111
-45.9692575536	160.265887739	-15.6661400855
199.000244117	-94.9948419009	-2.79152434101
51.6245804467	-53.1775790357	2.42014858896
-80.1103743396	21.6294432488	9.51042907386
-274.408941194	261.320522309	11.2791002316
-197.354980534	-269.024174597	4.21409166304
260.656425978	214.435884083	11.8269066951
172.40495434	94.3301558455	5.31170060426
92.164326739	-252.404306565	10.9032123379
29.5699224945	-67.2521815184	3.09903484138
142.411330227	-19.8611136058	13.8947468807
273.500840423	284.885933314	-4.18842328703
-176.684000923	-18.847225244	-0.713268726479
260.463038286	-122.521171062	6.62053286941
-233.327790062	-209.940372594	-4.32423148075
163.267979525	147.675101505	10.9735461343
182.039183829	-269.023964125	7.20200907308
-78.182625618	39.2036199415	7.66275954449
-104.520726647	298.986618008	5.72688596195
115.09470849	-124.093669266	7.71865504819
24.3105764778	96.6678796571	-0.656974476987
-276.662208968	-7.48589253823	4.42015951456
-169.42573932	38.6423768759	8.31704412693
177.57815363	98.8154168935	2.43511901752
-253.595690948	-11.0809453779	0.159833557682
-161.35661581	-141.297338431	11.2142691453
-73.8678019217	-104.68567872	10.4941692487
22.6596747774	-109.720834704	9.75881768359
-178.733284281	161.696740715	2.70586870572
164.189705213	82.2930991791	1.6645045103
180.745088018	181.433374578	7.59472543695
-49.9504128789	-292.140485272	11.018179809
184.57501821	-142.241045371	2.94284439018
174.598179753	278.981574547	0.0183631860623
-67.7378876685	85.9876357411	17.1939993816
260.97220779	-18.2027144491	15.4756880014
133.520878677	-281.413849801	2.76121234751
-278.727732196	-10.0814070644	-0.326264356852
117.918156302	-267.651119944	-4.463642824
152.804518421	-211.685992431	12.6307561906
-13.6275118921	-82.6886319608	-2.01554134057
-29.9960736254	-15.7607500924	-2.17898558423
15.4459276604	262.162701017	16.3842961357
-287.65343123	-246.591348482	7.47830770068
268.900020185	120.944794575	3.24215045008
9.55176303982	-66.6494514182	-5.99762181415
183.762232355	-208.258583765	4.63637440717
229.637308388	242.656560094	-3.34235355291
52.7961081062	220.280993374	-1.3947389548
-31.2844740881	-147.527912385	-6.12716546491
109.712081632	-228.586431791	22.4292019012
-162.37045851	-252.595344876	-3.70235197001
79.6470030304	-287.571479717	12.1550965152
-241.734920237	-82.0519775803	4.83349843489
-39.3974324425	-79.8715566274	3.58958393566
66.7137877343	133.226786185	1.9292019539
-280.075238364	-160.64827932	5.87704718912
-29.5112196182	-145.372927959	-0.094845506474
230.498680779	147.154640164	3.44839192004
-137.053057523	88.914705388	4.1050473162
293.559288654	271.921109942	3.64473909746
227.898977076	297.000296292	4.32443805528
-250.782086766	-218.355738229	7.13327429525
30.8065750269	129.209763261	-3.73172901861
-230.604543262	-10.866507142	14.605374766
217.17370759	17.3566432221	4.89287661595
18.977211692	115.897319825	0.361806647032
87.7270443429	170.437862889	-0.140096931864
274.966186018	287.972794887	3.48875513876
-162.569904875	-237.298514031	13.4080475964
-178.605098831	-10.7702950869	6.42145351572
-299.218318238	-123.829372367	9.41256703602
107.963611801	-109.855347816	1.51227893908
221.189305743	-3.56356484713	14.781868504
-35.3383239894	210.243397222	12.7447725275
-149.977041083	-145.790046361	11.1739927783
-79.55052577	127.811797731	-2.4499737074
72.8889765974	-12.0744891438	5.76553260976
-40.5945073773	277.545743979	18.4725837861
-131.874893228	211.125990785	3.72395239314
-53.9223478707	53.8791305184	4.12394238887
207.799587217	110.509550379	8.87097372808
-275.106249661	152.582642854	2.58623122189
32.0740017469	163.179045563	7.00529213125
65.3356206649	120.12711454	4.25164129519
-206.287660273	85.4116050798	16.1639542954
-129.515614446	101.741330065	12.8851198176
167.878423042	111.035054817	4.87278834452
-267.008332574	259.321398327	5.5839795062
243.421459675	-1.4824208246	3.814646332
-255.89914487	-209.928019046	0.222598752854
78.0213482267	-94.0296406461	14.323426831
-278.556321938	-61.7469264298	2.3872364213
184.187309031	135.841903045	6.63735440724
-52.8093856171	-8.28918233279	3.38862333631
-186.28649952	31.8498727341	-8.14580449424
-121.93836453	286.538180609	3.49932528319
53.8683785807	59.5282699174	-4.43896276628
147.590543614	166.617080625	0.0909221836445
232.411072573	-234.644247512	9.9735008141
-252.690735312	101.204013763	5.26379855889
249.625202103	-199.789842977	9.94602911999
192.633190419	-262.074446002	6.18429690071
-219.92827647	-215.801985122	1.80540663404
-264.925586042	-68.8944407679	-4.02283317211
204.192432886	286.837392657	6.75352040546
28.4344080345	25.7308539891	-4.45549934232
-107.75149058	-177.621093131	4.66156754372
130.240424175	22.6949815946	2.24289453384
272.665360812	253.880751349	-1.96910571493
91.2253797263	202.682454746	10.7645313531
-110.074458481	226.73409866	-5.46482913031
-42.1161795873	145.239025685	-1.68377526093
-193.673389399	299.349839506	3.44367777305
-122.196630069	45.1661081118	3.24563980996
-129.188502215	253.069317447	-2.62489410862
-79.440112317	-237.012754114	7.25152143785
-244.54170332	136.432652115	2.40628887595
264.74127519	90.8982944235	8.83850158809
-37.5996414624	202.870691701	18.9832131774
13.708773821	129.779365875	6.02400502045
-83.8269239988	-88.3011809983	12.2514026171
57.8127130369	-78.8795960349	3.33792590795
-4.34563925257	184.120244561	-4.14057998722
-178.231523976	-221.372644807	12.4029894162
-188.751473153	3.58317276864	8.2945609419
196.418571225	-224.496305571	6.70147002457
42.191826564	-250.871971935	-6.07707447585
240.37770203	-192.895304486	7.16029585763
-89.7198936578	-42.0552565437	3.90303569315
8.83698213319	-263.839876864	6.58417260944
-210.350631933	-66.8404813146	4.92312358291
272.332249479	75.2150820591	9.45800949832
38.9530385499	26.8672517736	2.47126082795
-29.0152615479	0.105165453871	-1.79921694169
279.918597195	238.339499485	-4.44436749388
-298.979143941	-150.538028479	-4.95172622525
81.0261749346	-143.388288102	-5.99152144472
119.00259156	210.108893869	0.564194900053
274.236709169	290.342547777	-0.119714343804
-211.913347898	236.167949079	-3.31753500608
-219.730221218	259.625314461	2.75409275045
65.5460564523	-78.3567936177	2.09600886941
53.6061062784	-78.4215160586	2.93515476448
-167.311218434	81.6526811507	-1.16424426364
-244.29797017	10.9805853138	2.9404706822
-123.667900474	-136.361852183	3.33773743489
-194.331482351	-0.498590914692	9.16823617738
249.420710007	-20.4882460303	9.31346418361
75.6208992842	147.015020183	4.55346152118
-263.316728765	-224.162476717	0.175986961945
35.756082522	-28.4362494871	8.70056337997
-154.18125807	275.148586944	16.8285161716
78.4050149306	-21.2778103932	2.65404994687
105.307477145	-170.860783464	9.41831259598
-69.3339330884	-275.959751932	9.14522579108
84.7124360384	-172.250357852	0.394246798709
57.5810065351	294.448676492	15.8242993525
-96.4803684536	14.1718751067	1.96170237923
-73.0935219807	-84.6968885618	10.0429813363
-37.10509708	191.463184553	-0.674152859339
94.8395891422	-103.464346977	3.23050760804
214.759450838	189.964792715	3.65254987736
211.289140095	-116.597828062	5.44323387372
269.025590583	-279.203724389	19.0046191158
37.3838023064	175.021717034	2.48504601257
-71.7109353504	-223.825949788	3.41393708496
-35.4476490547	-206.185215317	1.6558402227
243.355770522	161.692963964	-0.568290366648
105.714595632	-96.8657777634	16.2798137056
-139.895772832	-242.14014313	2.26569567818
284.572973741	280.204153292	6.06688792055
-190.170636348	272.250155013	-4.17011891479
218.521621571	71.016212598	2.32036441756
119.749525071	-7.98377401709	2.38181754885
84.3691474061	27.750695899	2.98678331035
-226.404026528	-31.1854732621	-7.49470886533
-253.695410689	272.931792359	8.88360850193
90.9623711842	145.598754961	2.20876467219
-168.950327917	93.3562242134	3.86694603199
106.699190751	121.705245422	2.85957403303
50.9121111556	50.5180237362	5.87878412886
-256.459183026	-81.5487066171	9.28358541446
63.2219914481	52.6487914497	1.74701369717
284.002924174	58.5984965768	-1.15161430287
-227.168685189	-259.712130697	14.1490771008
222.805563606	6.80837439263	0.221422457706
-299.06246504	188.713135485	3.9006015524
106.196430111	-124.61567756	5.82668650389
-296.102146849	55.0341741618	-2.2468100842
245.299043896	297.291874299	-0.687169742843
108.243518593	-2.99176675653	9.54683891572
67.150765376	85.8133086709	3.36086063976
-272.179968263	254.383048138	3.66016832815
-148.617681599	-300.185612973	5.31699967057
-234.678853993	105.722557108	-1.42090893548
-2.04722730101	-264.428617717	4.51319799973
-258.154380785	148.422845242	2.89629361651
177.763726485	118.924277384	6.53031608825
241.111877443	211.777334299	4.65496130106
212.004133732	-111.063591888	3.05489550965
21.855947084	16.6448671636	3.43805808506
113.907373958	208.67724676	11.4036595447
-98.821799273	-46.0294503049	4.90747247091
-184.296507218	-276.955711309	0.876285477071
-41.753520678	-205.281355376	12.1405044489
120.339105739	78.4111468446	12.1837022311
51.9359223674	235.217130555	4.35429465832
-34.5215729362	4.34085013406	2.83050404706
-280.321922426	-74.609008554	4.06443991618
147.786845258	-233.838035629	13.3546439464
26.4244290154	-112.135321258	1.44612763193
-294.27754442	-252.701671971	9.20820406161
263.377920978	-24.5429230931	2.7481083624
214.322255331	-287.532970531	10.2903859199
-154.82731024	109.859421592	2.35781853583
-119.708245794	175.788633568	1.3133631883
77.6964649949	-115.84066483	-0.691688190436
164.965988108	28.3903317495	5.43259247998
-94.0215984242	58.9854071939	-2.67030666102
235.967427393	133.807799136	5.65777974211
-287.211311349	32.901614145	-1.05987829079
27.0792533129	52.0673033591	-5.43366121168
158.151925398	-77.484091073	4.42466581136
-259.153515768	5.31135099826	12.8166823818
90.7996937862	-24.6875930453	2.89603227168
-276.902801746	-118.312654792	5.64885075388
-131.515973845	86.9435709772	2.90704626923
104.101160537	110.159440039	8.8945345684
-119.484687204	213.85769271	1.7588425277
93.6492719153	41.8813828701	-0.445975268214
166.4955512	74.754802329	-0.475101109659
-196.285501018	-89.8429481386	6.84752242915
29.3411259858	275.550249157	-4.04219788027
86.7506902896	18.6821632148	4.86265044359
50.3121741377	30.7998624471	8.28462791943
44.7835778228	12.8075942296	9.75398165307
-263.586695866	-65.72956496	11.583670555
-28.5549846994	-233.966073476	-5.21876472686
-42.8326080029	5.29858514363	-3.64262646993
269.759769247	173.127991466	1.48174149313
17.7640912824	105.623898761	5.36662821634
-254.944293269	143.801924381	4.47665496137
-205.302556623	239.165761737	7.34410257141
132.142307173	-226.591797859	-9.75333337658
-127.090440569	142.014634403	20.477104388
277.805771137	251.464543466	-0.276415118419
9.57620476855	64.6130133825	13.9064622265
193.858649301	171.873710715	4.27637849437
263.95581532	-110.31310878	3.32382236575
-272.684893565	-279.030209826	-1.11406456708
-189.512266982	257.520397923	16.8268479495
-182.581200426	-286.31699367	-2.54339715934
198.265024185	-20.0912922225	1.23616035158
262.487568563	-1.80054350545	20.8208299447
6.37928772043	-230.874667402	9.49804940159
135.578183306	151.635330915	3.55437419457
37.8853718449	89.0090344223	1.53736105344
-251.337919496	-4.29599792334	10.7233686284
-192.894458644	-201.922249825	1.05106956486
-292.289433156	-110.864563274	0.192087083805
-29.0922118794	287.636015996	9.06765259779
-184.062301365	-47.8991799402	4.82439115997
-65.6980653002	147.22065688	-9.01458402018
-91.6236037044	-182.659423629	5.31859442348
14.7177422534	-44.9291064537	-5.63939537694
-276.628192525	143.352964484	-0.78313057756
204.044845275	-153.304643374	2.98835672733
247.296536914	268.075541019	3.18444340798
26.4179590145	240.766116367	14.64096783
-28.1667434948	63.48708516	21.5768841593
-213.088981685	43.6246409805	5.56179524801
83.8081026098	-77.7682141555	-1.35245460795
-11.0821484873	-269.746085492	3.9255552462
141.967165999	200.341338086	4.16404807415
7.31446865773	2.62515810438	-5.85608271986
-77.8255941805	71.3023925681	-10.304201389
-94.6896380407	72.9880829656	-3.2810289128
-203.501214396	200.290343066	3.06790052544
-245.498915252	260.542789998	7.41493635598
126.770960385	224.163546523	11.7904931967
86.3686083339	259.723510779	1.37667127535
275.883800659	136.638089621	-0.91496182408
-211.274350123	-178.582030823	2.85795752095
-111.694520469	-244.607718089	9.48359805116
219.954652967	-42.0471037881	4.55273454084
35.8394209321	-28.7008282926	1.38299417913
276.900848343	-139.215303731	5.94696579887
-294.052344085	74.5971932228	1.67381500762
171.55298749	-227.627896994	12.4981431834
223.532835741	13.9879256295	7.50945296121
-76.9863173089	-180.855178504	3.62665264306
-50.6301094399	-26.4965285226	2.94248880733
97.273291868	-194.393771997	-4.23240773512
-265.968040952	274.668671799	11.3277388813
59.4017745766	0.670523198331	1.32538734205
-179.299819022	-65.7734748963	-4.26232897535
-120.911180839	22.3131868393	13.0052974561
-271.094926543	-119.256546878	5.15310188409
-113.378882235	-269.708357734	0.541895325187
63.3701157597	-200.370864084	15.0907287162
-129.051449936	261.754131935	-2.19965041882
-240.323361557	244.372562494	1.90640143717
170.681188807	120.598626734	3.30416273957
-91.2050856924	-46.2232496682	2.27401367768
-292.418246272	-63.1343850883	1.7033846624
144.721420135	-229.535373708	15.7041768303
-38.7807446281	169.336224417	15.1877387532
-136.019879539	-273.639938805	7.06373117453
-32.5186824017	-255.720416362	12.6151468136
-51.9691532187	47.7221220467	6.51660047412
46.0080819544	25.6193271932	4.13578261733
-68.2730055066	166.636945343	-9.27432597962
160.883872242	104.715408973	9.05225980487
-272.739316314	168.919803838	5.73346201255
195.297487657	104.510988209	5.68955860946
-203.702121535	116.569249323	8.58620586512
-102.017041171	147.947320823	-4.7695025491
124.254297713	-246.875635691	12.8770622432
-92.487362759	247.315080569	25.9885355258
-206.695011262	206.487320917	11.8514174212
257.468170893	-140.250197231	3.66220133649
-270.216992558	127.636540188	7.05052677765
93.815115945	258.93881741	17.1673948302
-137.852237119	-162.64406461	1.36274996962
186.04206053	-59.8433083866	8.07140055056
-8.87353747627	140.623105818	-7.33929884827
-184.479538961	-147.449958602	1.53557311054
132.774587469	-108.596922861	2.06557218783
201.303110302	-239.484645312	8.61153670329
70.2030986025	260.187248521	6.6832856065
160.327823335	120.06728854	5.00418012301
-15.3613713183	-102.514966792	9.99106793715
-15.2655866841	-240.300767501	-5.94723941655
218.013576708	44.5985787319	6.32520033251
-266.65350745	-271.252167192	-2.37292948271
118.137981161	-227.373770571	3.32103776051
-99.2298513699	-257.844962157	9.79375105104
32.0303821936	-234.85215875	0.7859867967
-36.8822676143	124.263084585	9.6587949799
289.93059047	-71.360716829	3.76355766314
56.3346160199	76.063308157	-1.05969271075
96.7884868652	210.028208704	9.2742979135
-296.067453344	243.90647845	11.0208428112
27.6476791441	-284.823589298	19.5593933356
-280.457313029	-247.862276129	3.34027902791
261.538408019	21.6901904082	9.07976752795
112.298998638	-13.222205849	11.6892310502
261.866822151	272.786753755	-4.73341698782
10.0623007898	161.111286958	6.4049648059
170.040885657	-98.9809836557	6.90749039758
-74.4698329346	39.7390483725	0.416829471848
214.159499994	-260.968539168	9.6230581998
-153.622655919	-36.8487979239	14.5377408584
-149.358764744	-67.2991914482	-0.268910129125
-178.171561534	-198.038841752	1.57147607999
-237.491916066	73.2375529499	15.0837056033
224.772831258	-87.2470170375	7.35081804943
-198.070907219	-291.427293298	9.94028189796
278.245456458	-103.824364943	2.75724173945
28.507064834	222.139327567	0.225419661049
-205.225526921	143.048133637	4.24030253322
43.290425244	164.378017691	-1.32768931212
250.491683161	-190.95119949	2.85793501738
-70.4065261098	-140.597416614	2.72456373819
266.115356426	32.9367120251	4.02222559791
40.4634725358	-64.3255689019	5.93151151497
-274.518158172	-136.350671462	3.05386230256
249.425038788	110.551489083	0.941322356376
261.660347395	67.9029362175	6.47556981855
-277.008128433	-254.555217975	16.7694723142
-42.3680539674	35.2916587514	3.57807363995
-33.0175725709	96.5428317536	-6.69698458873
-95.3604777469	-18.7900434561	3.92886133623
-101.798496582	-122.798370001	-0.778354436635
-139.255626726	175.724689671	0.0251043875228
-24.9043309159	-186.539700877	10.4605189889
94.7711613673	212.113786011	8.97724993334
-261.625010886	-75.3449270212	10.1813401732
-268.196023137	-45.6729550798	-2.27948118845
-268.757296522	-167.088829478	0.792684563397
-9.09207749093	-245.504172213	4.938217885
-282.797366627	137.344663197	-0.930794237039
52.2657458455	-231.582076792	5.86930595452
-290.141582578	-55.8377685246	12.153256685
-238.017067418	43.5057233426	2.08836372014
-183.68697919	-296.728255072	8.01269447288
-8.17876531862	-158.420410908	1.5533221154
-84.2010952954	-199.314565277	2.08661133222
97.9014851314	-189.057997729	19.8503852936
-154.406591682	266.474583818	-3.10688875964
198.382401372	243.833555167	5.6823553522
26.7788711641	224.384319559	12.2062963352
-98.199378111	-30.4600712604	4.10559429952
-188.567286863	220.429693022	11.1846243141
-98.5005988418	-155.382968996	12.5288423785
21.8943807696	21.4585167693	1.55291843032
-44.4328494731	-156.769067477	0.496692722016
-212.738275265	61.9331916956	-0.445309165087
-52.4913927643	263.080466455	0.842164744472
-200.704807477	-13.7790586247	9.29161862926
268.908251186	-93.5992518981	3.49098585392
-214.472432684	173.546264548	3.9953296994
11.5775596334	43.1812632412	-5.9218654564
-163.362579604	-150.65948192	9.08071175796
-90.2703069069	139.699139929	-13.0147990213
-208.177787729	265.491877397	19.4045359986
-204.052876988	-192.641028893	12.5075345973
237.705878669	-104.662088785	-1.7134622631
-154.695893083	-159.690720889	5.71878105283
165.856009849	-111.232358149	17.4377038063
-256.762702648	253.655110473	7.98865997933
-139.668097438	214.159887639	9.6042909239
49.535966466	178.910287212	-0.628761237863
11.9697260865	-256.563731592	5.80310801018
92.8382127832	6.69440683041	3.26863186884
24.7054729924	-213.463319872	-7.97559374824
170.496577142	129.311323259	7.87345947479
163.223562076	-140.793436077	2.95827050062
-89.2712352911	-148.405144896	6.91491182184
105.257165053	214.768865834	3.00941782301
-172.999742777	290.812719694	-0.903065993707
-197.967399722	-299.244335736	6.85012956242
-136.697720163	137.805350968	-1.87809659638
173.632261223	-283.335192818	6.36970640778
187.851439798	170.482614266	-0.595568692096
-53.6230130039	19.8569670548	-3.7452063342
161.364073621	205.912647361	2.88010590168
221.427990915	-240.824366127	1.38581094477
131.957012107	118.91485526	7.18966044696
-229.253910386	150.429817517	3.60666466959
-238.451612297	-100.999769027	2.25158213826
-60.1948802986	-204.140357036	10.1850701136
100.694721815	177.729965677	2.72291473188
220.194973045	-235.841018635	-1.44318841919
116.375200019	129.40724332	7.09627787642
213.159675289	211.200340773	10.3893073359
-64.1609014524	-168.140517495	0.714544482225
-246.166248491	78.0676420223	15.888193512
-205.474226826	-78.7694142828	-4.9667186139
239.316432788	-209.507040916	3.63154797557
-283.170977547	-134.459053253	-1.43737009634
207.993261454	-190.496639692	9.73281998146
-285.708067071	102.449499945	10.1228598585
57.4483909377	-296.633872612	24.8308528092
152.62423408	-207.813446447	13.5766490904
127.417241769	-240.347977911	8.22708861579
251.079215443	129.228162213	8.22617969295
173.992063673	287.833465879	13.0741062246
162.273226233	198.103229114	7.30071283981
8.44134113092	72.1921093015	-3.6352625014
-74.4704561834	10.3808240647	3.48156989898
-250.20346893	133.473297311	3.21446657406
-43.6064876886	-92.4806790089	2.88412146566
239.278059595	1.73578600803	17.7064597281
-73.8637105567	146.292242101	10.7896251248
-57.9352443627	-130.215739937	7.06638355258
-86.1552913187	-51.6848861934	6.72195730178
-269.313981122	-150.45376986	6.43815547494
247.515559826	286.478350898	0.23139402408
108.685783853	-211.072178554	-1.798830271
-170.271902356	269.678714852	9.82295668612
-158.05993642	294.031942278	3.38033976201
-112.399049676	-111.032726069	10.0794400662
43.5471062419	146.270107926	0.176189314838
106.246958976	-175.053084758	9.37559726071
-52.6360207068	-269.740322904	6.55513309379
129.381294964	-285.059770218	-0.197973982535
-70.3797016938	-195.219385318	4.90843206167
85.5729176788	148.499817004	1.24030147461
254.780988713	-160.685044448	3.60636709225
-124.48195845	117.472469026	7.08794537383
268.509647182	-252.540593128	3.1545762451
50.4596007991	2.49941676453	-1.83899193738
228.230503005	-179.145911645	13.0355329483
73.0743958201	193.391117449	0.460916477272
-69.1460819929	80.0890571125	4.74711226082
-229.65586796	-294.182951757	-5.96156849294
215.802831389	165.890719328	3.49069881143
285.994964003	267.479927843	4.40833513724
-110.196631827	251.437675058	7.08661599401
7.39073853825	-5.30516608436	2.61346144432
-287.274698013	-11.3879348399	4.00969173083
-91.9900208547	80.1303260273	15.5668552534
-14.7901918529	23.4266685029	-9.9720275755
-163.026248903	-14.4452489069	8.6819136165
219.366349125	4.83269582895	19.1485652841
-87.8573511038	-24.8668468085	-1.11277117986
-115.684175818	-275.324240468	11.1027787475
90.0478442049	44.2123368808	3.57453973874
166.318475896	142.777640234	4.3773476944
194.454436419	-139.962656055	3.0552632529
90.5776764809	-252.630668246	3.40384565133
-264.512015224	-264.382048123	-2.5372153205
187.089964975	282.735491806	1.57843862446
-50.9265508019	55.0553819116	2.33699535346
244.588702574	64.7933441374	3.30933064095
-226.606249334	-206.460153344	-2.49370351661
32.1945510708	-291.395750159	3.59497232991
180.658133778	-15.5398147838	6.59731496014
137.781558897	-39.8153643246	-7.85243862975
-256.911734502	-141.660559752	5.47901080017
296.557962681	29.802843855	4.63605839943
-200.479515361	-184.301622242	1.59967933702
-137.535800668	-121.768814331	14.2643358448
273.090535048	-249.228586492	3.68912713452
-187.895738753	-217.124526324	-2.48591169423
-80.6254885479	126.958776012	9.04419023439
-59.821774302	243.073968599	8.27551452762
70.0401702646	52.6269073662	-0.01319673612
266.502753385	195.252309295	1.86493978638
-235.596406281	-287.679217145	2.38419040432
130.174150012	-219.573213433	1.9863410112
-39.7341749274	290.716698892	-1.37801855454
285.752563854	248.962884289	2.92120139674
-173.078827766	-62.1252984295	-0.577190535484
173.352879023	-61.6062653662	-4.12052357697
-243.98746231	210.076263845	3.13047726154
200.904062683	-190.399582826	17.6458745375
100.402313156	-5.28853246043	2.14626193385
-260.619666758	-192.840188855	1.8627479062
151.423637257	-298.582564591	3.97721136956
-63.2559510559	-197.566113188	7.45094693219
-246.337450496	92.1183139263	15.4576548032
-81.6370729756	146.451188823	10.948485005
-117.761294077	264.811522208	11.1143408326
-273.437192336	211.779762266	10.4083663896
194.215923999	-147.869388715	2.88894576659
-141.855996992	32.2455459692	9.49941768961
243.944210407	-175.54065919	11.1333993835
-26.7306504868	-26.7999883785	-0.0313222764669
225.056688857	231.448849833	1.89633614235
267.492413485	48.9376606745	-7.60141777882
-215.670920386	-117.911217262	6.31531763902
15.0190504708	178.288729214	9.47236116568
170.331581669	0.299589924663	6.68329218939
42.1327798172	-234.545594759	7.5577974279
-29.9542609179	-185.332282409	4.98696227284
79.0271078473	-57.2688276021	9.1143528819
248.300929377	57.3946539103	2.18141867736
269.803449394	-259.764041089	3.65612237143
-125.752701384	-283.668073798	6.48098937664
36.7284930487	-218.246740601	-8.74109009438
-92.7987528357	-23.6281176158	3.41008223665
-234.369052056	194.133642412	3.50663408198
-226.802368793	145.128665824	3.06234569754
298.630948501	-43.0995607508	19.8944684521
224.049482976	-293.616458317	5.1694925375
164.837852483	269.228729007	1.60963381659
-170.00671187	122.28303329	2.65260371363
-3.68920765043	-90.0871921028	14.1140851022
-181.679369915	11.2463971295	-10.0572074621
-104.50424703	-136.847393106	7.24743110868
-191.264142934	-80.4149811161	2.19956644847
163.727339348	-12.5011147574	-1.49110462885
-271.466295801	294.853048988	18.7207971836
-144.897175633	66.3089181706	6.64670887863
-203.835790278	181.7106014	2.03390239007
246.791729965	-254.459290405	5.62758223236
246.041108668	-115.448634854	3.62060346746
238.91076353	154.760166105	9.05833270818
82.4413040184	55.7900035324	6.20696584271
-247.98389818	-17.1394560736	9.68615641289
17.3149461948	188.997640393	0.126611194409
-136.905977531	112.833282488	12.7675342425
200.845550598	291.283948977	11.5144871596
262.009759711	-91.9134011434	14.0748960277
157.481171969	-224.504527156	14.2150511728
84.4978494217	-292.861678404	6.66726477956
122.589995098	121.288025902	1.45069864917
60.6405538928	75.4718472525	10.0757574489
165.043521567	-210.549313472	2.9171034185
-16.4079895219	-133.444032999	1.34566889541
-190.520213872	222.532805232	9.51880289713
145.668347804	-141.931847129	-6.52692766387
-221.955789425	-277.707544167	5.16281986998
119.392834532	37.5017987891	11.5999157556
220.866365041	30.8855458013	0.397185231902
206.006461956	124.346395194	8.27718223352
-27.7896561005	-231.23347587	-2.76043263954
278.180474648	-67.9255917062	8.26884554479
-88.8234353654	-263.003281436	4.09920179544
-36.996697438	-286.527472208	-0.167151410469
-159.645253566	114.949755006	10.7234226363
-204.865395503	25.5443293944	17.8560876183
-113.731671828	-233.751475831	2.64470614025
173.436426377	81.070406633	8.48725212761
84.7471059987	19.7401539903	4.55001262701
148.330323431	-242.429679293	0.753287461191
199.094272091	-75.6289637519	10.1442567831
-263.329856933	-43.0272747173	-1.90977504544
27.7153482736	123.69850288	-0.594735432614
-47.9985095195	130.172932746	2.53442078598
56.0678354326	188.328780832	-0.800695766381
-53.0752944328	159.690614773	11.0153077797
299.788036784	177.92785364	1.13250371053
-267.354813177	218.342980095	9.6770221171
-65.3140886756	235.24055657	15.0212177082
200.932961614	-202.30421534	2.92467248653
142.725211333	-166.499773725	-1.91142235655
120.909191443	-71.9093522624	3.20725882992
-272.964021666	-57.0500748542	2.85761136307
-53.1676993824	105.854215347	15.0888777493
174.361686769	184.659395576	6.36571952566
-80.047226755	67.3507778439	3.94440672935
-47.4819450008	1.46126292772	5.92612466307
-87.5486306184	-31.7937423612	7.36162390777
68.4795720328	-147.499095108	9.2672808996
58.2391527159	-145.78926308	10.4245425031
-219.948665118	42.631050467	8.42512459209
-20.9822480656	-154.374823684	-2.72151231968
136.756183543	51.3894863578	13.8408105287
-24.2192606242	-43.645074996	3.03554097868
-16.7074288661	-155.362372016	16.0159064463
-95.0592945558	-120.48148109	-3.31968250734
96.6128241572	-97.4567167289	3.39942557792
118.287606346	111.868362529	5.34468631167
12.2979784786	-163.74477192	1.23617351692
93.2859391801	82.9638940338	-3.72020835138
39.8200568581	-204.902276774	-0.710756962738
-56.0044768783	-249.784193942	14.3713295647
-284.007468096	-102.22205435	9.15285100753
62.7841105083	-242.085436696	-5.95916168318
46.4657447747	-187.974213574	3.17809259455
-89.0052221811	249.375759785	19.6837903955
129.516591502	-115.621431834	16.4123294391
-212.683579428	-97.2757010596	-0.509260790628
-210.064579876	24.5605865507	-4.69215405678
276.676855198	-271.608160355	3.53536704904
85.1127690524	51.9611868461	10.4607441729
-47.7538047171	110.553187419	-13.1315512177
184.795135383	14.2350860799	1.21733738245
-81.9438933154	-137.369859506	9.53136841275
269.338147176	64.6062014967	-4.68633867767
-237.350731377	77.1359239903	3.60069419677
294.745313009	8.21322956181	15.1195113528
172.261140817	-295.505126883	3.04931478606
276.678965214	149.115128563	0.947435934854
107.791815124	-17.6542369574	2.35242905853
-279.92118122	157.183596221	0.208476399631
162.418481077	-238.200192072	9.67708336099
-4.41521191759	235.876027758	9.89929844316
214.578514069	-116.615045548	4.10855507661
72.6162205953	-59.7054294751	5.62636162412
110.910178805	-130.656180796	-11.4547238441
258.739192795	294.811744292	8.76276343493
-157.994429932	62.0775696599	14.5020693163
185.394399399	-213.251938237	10.5883730258
196.393086224	226.264075234	9.28937858493
121.571381647	75.6043617471	11.0148151246
265.388382981	146.948682966	-2.43360720179
-32.3577019193	-264.02754747	3.42393661982
-82.594606851	264.901639149	22.9697362763
-241.087122792	116.843357467	10.3581199324
69.5627057519	-235.679946199	4.08478604717
-0.963083176423	-276.338905413	6.08879907077
9.48089104593	-9.07999580817	7.1096381722
-197.927679828	-42.243960958	-8.63823352904
35.8224333664	-156.16839356	9.87611518075
-217.847482989	272.148396021	0.587914435558
172.68251737	-249.933811244	1.34306973705
-103.483056275	163.223033021	-6.66815621235
143.102499731	104.23239623	5.43485339558
279.461762158	-165.727872533	11.3510709174
253.668735641	-189.766007255	7.47031006134
-256.476003988	-172.16826915	-1.69915162332
205.914900448	45.8731436499	14.8009304659
70.2620704037	-86.8650689517	3.84627197731
213.065651499	-24.9414112474	0.350549815779
-190.702617523	-70.1132957654	3.79994050058
55.5461622885	-17.174141635	1.84994821384
212.335341247	-119.407520306	9.58861869072
-196.641324722	-1.65624905697	-5.03322263533
16.9666756586	-168.462103227	23.1870221638
-102.464875724	-148.545188047	10.0980647628
299.632336157	-294.802729775	11.7029317992
120.471218619	-92.4121272928	8.06751902277
-195.850558771	-243.388011587	15.1169683751
-80.3521892507	86.4234071173	8.67153042236
30.9915381798	181.198248845	0.301673345858
170.24320005	173.064075744	9.43407956272
223.820265718	142.648266486	11.5385538984
118.953243585	294.592427305	-0.291073760778
-177.622402949	203.98278178	2.51867488287
226.892260789	42.1059705272	7.98822570784
-279.983444888	-43.3788195549	-0.923770863521
-241.637624221	-103.395230295	2.15802683488
94.7829107866	201.510055555	0.520891166703
40.5412909901	132.191871417	4.10927472027
-182.135704996	161.635060835	-0.0942382039835
53.9967953299	118.879116113	1.78787020601
230.481996498	-120.099968741	6.69097215651
-108.439347764	134.438095144	12.0738370273
276.773654031	60.4412820217	11.1818135869
-64.398028701	106.8407372	-2.25202574349
45.495522756	-162.85928621	1.15145499152
43.9818080505	67.9477407425	12.4029530142
-182.867153339	136.91444706	3.88990343607
-70.5559351033	-86.758078326	1.82293873391
204.62862873	-122.406729687	5.08897373658
236.438565485	-129.858956228	1.58166893227
237.359536489	3.68047188874	-2.19231241147
199.921371445	281.087896522	3.64091002856
-292.979483586	41.9477732869	-0.983508976391
136.784413804	40.6461147199	3.41292467587
183.180996883	-65.7117864575	13.6941888821
210.450278883	-192.165214773	0.0347662144654
-62.5462353185	101.743889054	6.67417070247
218.341230056	-82.6069325397	-4.27364490507
-0.708982044819	-76.3216074699	-2.5703649622
-138.132694985	273.015708891	13.010080447
153.305671425	-178.95736898	10.1948011121
-245.409325009	101.144058146	8.83698597284
-296.053478512	280.487758174	2.94872997304
-5.75094768401	253.118768732	-2.76184609777
-139.880457069	-98.02917062	3.56652205251
-155.184000014	190.052985679	1.36724240247
-138.048436191	-232.333348306	2.76381615342
80.8484493593	-221.573017509	-4.21261508452
1.93764567154	293.851768909	14.3259328885
-74.8809641195	40.0541628801	-6.48406567042
91.7054583602	-83.4947813743	13.0622051664
262.653491724	252.649005631	-2.24802097956
177.273387671	66.5800143877	-0.641818720977
255.805842366	252.574353315	7.78305262908
49.9741801271	-255.412452273	4.73026325664
-96.1844403574	-284.533868075	3.32067559475
-103.142138011	-117.008138294	3.80527245263
19.582176916	-37.6004152285	0.477620328493
296.258678552	193.297762653	-2.21638184866
64.2642307698	-105.915052462	11.4861529132
-12.6702353737	-173.573480539	10.7558160313
-149.908729944	121.393938506	-2.77871371135
65.0552780358	-129.996619665	-4.6368645698
122.625470593	41.7413668439	0.906324493488
-86.8688772305	-144.011158132	8.99475193745
293.813656243	137.582093401	4.73433664012
-17.6677821858	-173.931518829	-4.33640531937
-143.892707354	136.811194807	10.7254549667
-233.478034653	-279.579334349	18.7055711713
175.480983608	270.515251033	-0.97439145989
-262.217043881	223.876725382	0.34682721242
-215.016412906	-174.615350079	10.7324806947
-177.211831457	287.976751814	10.7341318453
-239.086039685	-75.9956547381	1.93305181535
-14.9286220955	-119.714833148	-6.542706835
166.179812398	19.6768979202	5.96379682584
6.07621878331	-281.654483176	10.6625880362
-188.788738039	-187.512925429	2.11450243395
-118.130929948	-3.41112810576	3.36031913282
-122.494246002	-201.108325771	5.53275809831
-191.63191901	-9.11909289584	11.778837989
162.023820672	-259.992491565	3.85986799291
-96.973602512	103.823593237	-0.881595659633
-224.997883829	236.007124072	14.6738035623
142.103879611	-122.928395213	8.87454138312
140.348419239	197.270770693	9.94750844007
-218.2686692	206.796081085	4.53526490804
-136.775278873	-23.0115393635	9.32853234257
-38.9063646492	156.001815587	1.39176302529
-124.138522969	97.5844258208	4.5034505295
-61.7404829171	-148.573970214	-4.25307487943
-56.8388990573	-274.14645306	0.74332776991
-53.1784869407	-19.0532583226	3.11505990375
152.14188867	-195.218837263	2.00805540902
-146.87654595	143.71387915	-0.731260062421
-186.388003186	75.6542755539	-0.286032821468
-217.792596309	-30.1410455763	14.4742262746
258.034234974	-102.564455623	3.63205349483
-190.011619847	-64.8432334067	-0.629646572771
23.8781264632	-128.584220346	3.14992852066
75.8998986776	101.080176498	9.004997958
82.6973763488	47.2575514099	9.05636429549
99.8835356701	-78.3334648399	6.65172478369
-43.4760607875	185.960973914	-6.76332803016
-95.4408175555	-191.025887626	4.76409478069
53.3391000669	-32.7190981325	5.38091445918
250.254073846	-184.965926151	3.96876419706
-299.618600737	-123.871464064	1.15427441082
131.686202596	-232.028621911	4.57481991579
-173.563883907	27.6535604428	21.1402881293
271.878292675	132.393853181	0.292475242138
-121.409108603	119.866546238	-0.219625489746
-105.371844224	-267.826784047	9.05318184937
-131.559483659	107.296438855	11.1652447615
84.1268879569	38.1441752251	7.87151064787
-162.205064497	-138.338277224	0.0633205435103
-265.751543376	48.6312223139	2.45244533478
-26.1934318507	-230.036483395	4.08083302005
-19.411111083	-109.367131943	10.9342644979
-252.632930728	228.609651647	2.94364773736
161.858123695	-147.26844345	18.0720388876
71.5167435764	249.010606089	-12.2105592772
-103.406558827	121.702770616	16.1877317067
139.767829109	-128.687541828	4.82947201873
36.142392399	-271.410148111	24.6284830694
-232.445523005	110.159348189	1.09667549564
213.297004533	206.966809514	7.13897121425
-98.6151345106	82.5598932775	5.88567725944
-138.533827442	-239.904604918	2.35808277444
-36.2217790683	-227.224552018	11.1746055155
216.972059693	-101.557611599	4.41941405141
-178.674306287	-262.94346823	11.2032151342
71.9432028623	-296.237411958	10.1759404807
-48.6351159163	-28.6294103365	0.769969466197
198.419910363	-172.339636624	-3.10852129943
-271.496322435	179.240493228	4.8591522312
-74.0884354939	37.4932370221	6.16760729283
130.779184711	287.858797834	2.10595350926
71.9251649886	254.292125875	1.39906676965
7.59135556137	-295.243656423	20.6768515545
32.6823287684	-177.649698617	15.0355477514
35.6268539189	212.531642	-3.65699226925
199.344125801	-188.401171404	-1.41754630278
292.924911742	-271.86090479	6.39972174767
-235.633569828	-250.006586542	3.18654565763
47.4620538931	-198.994275606	3.54743596697
-254.857017518	205.630129013	11.1266033982
-73.2490669974	221.987733677	-3.59485095626
-253.474746953	-50.6367864375	6.43088801407
-59.8040586869	122.285601923	6.90955588257
262.353314487	161.441473026	-0.13414003186
53.2188255734	69.7149380558	-2.83176647621
-83.9461498196	15.9021170971	2.27651588685
-89.6317520291	244.68774201	4.06552239589
-169.611639368	122.406217056	6.04348797213
-235.892107147	34.5935118527	3.22214270737
-282.410881418	153.889387588	5.28147820117
85.1892917057	-263.848915002	4.3439146676
219.091033437	167.50411363	9.83563856962
-83.079392489	299.920716869	24.0216726215
24.3675677259	-59.6088708112	-6.99727174318
25.313449664	125.04085837	1.321344715
-271.418349096	297.089766613	-5.24840570808
271.263538855	-177.893522151	9.1956746406
10.023600578	-25.6978797389	10.5288617255
