-248.419665474	-230.287962818	7.3136593875
-267.707828093	-75.9521362711	5.77705569253
-373.594807102	-382.56080655	0.568334717131
-15.0948487234	223.983662061	-0.208703212013
-64.5148247008	20.6536495007	-0.505231735252
295.28746184	367.33495451	10.8923825381
-90.0522545892	-406.82535368	3.88880348886
224.766343849	340.794866561	-0.335141913906
290.005097494	-34.994803833	5.51708662685
-237.219748684	-308.100849668	1.50582180026
-363.244463239	-210.942738629	10.9762437837
-73.2971564787	53.1125109199	0.582891465318
69.9234739832	-356.112891787	2.94270336148
-211.854163402	254.568006941	2.86678597069
-316.353034344	329.552865018	6.30534107291
273.070661829	214.117562653	8.02682279562
-49.9860735729	137.937139528	-0.0925368665222
-258.957854865	232.679874138	0.185321581249
204.962794554	-70.7638781938	0.488506953722
254.464383678	-224.28420512	8.08806976468
-216.435611154	-329.387423459	3.41094273999
-137.607450479	280.868193732	6.57619661713
-198.270041482	395.87745172	-0.554790999742
-146.195191656	-411.665876415	5.50882450498
378.796162996	319.298616711	-1.91356428267
-159.301193122	282.95308525	0.144401649122
-174.434515777	273.933323771	4.7072572583
10.6127264377	74.8578216051	2.48387105929
104.765209002	154.440855726	6.78699936299
-173.227913907	19.8690993795	11.7297179426
4.28792930794	78.8647754349	1.54901425414
-121.392286119	224.753687824	-0.153382552958
7.04199392213	234.594202879	-0.924844489529
-64.6631974227	151.605662586	0.76941654042
197.100194933	298.653999598	8.42205516474
188.7034226	185.822873518	-3.00671004723
12.3490122453	243.334706423	-1.59578236495
-2.61560173375	193.475898748	12.6054926591
317.640621248	-164.509655434	-0.731219329542
-362.838672888	-313.993386056	7.34102352911
225.038624359	18.7912848995	6.29020069705
-70.5814451606	-386.494425357	1.08273492098
293.299821566	-401.489716324	2.88352533079
-184.687062918	281.845757273	8.05338637385
-254.320459388	97.2978151741	12.4410294487
-242.234315975	305.08864436	6.95287755488
159.194158168	-143.273721878	-1.60979001711
-232.514707061	230.202334197	9.88658723407
-220.205375637	80.7807454727	1.8413638332
14.3819861133	-126.258284399	5.1411973292
-91.1162335771	401.99117035	-3.71000919444
-69.9099093839	-226.573788759	7.69431577508
57.461297877	-229.418175296	-1.63203226393
194.883653912	-24.6166656133	2.29266750895
-386.408358283	-404.398432546	-6.06764149894
-405.164999383	191.833280648	-7.08493613167
353.473220931	157.576817317	-3.24737776597
-75.661448365	-192.808389797	1.35047333822
-245.636905123	-392.443012224	1.3207904449
-148.22357409	2.40856902583	9.46873069457
-5.63250255903	182.830165733	3.94951103925
-150.685599635	376.2918607	12.3958661364
224.255732004	190.04225945	0.371462289998
124.959822024	-43.8174880312	6.12252210338
306.470688104	336.957274747	0.724309981359
-361.062586795	-53.4261202161	3.01059569525
70.9933844808	184.863474385	3.19350351241
304.168032956	247.689782276	9.13568038123
-338.264755757	-128.243500191	-0.388897517671
78.9353394665	16.1076599744	-5.0617363201
-240.045021131	334.090449716	9.74306936549
-23.0712412609	41.1288362416	4.09302502899
339.723575193	6.05868192613	2.30393315519
-23.2031371043	-185.162964397	7.77480691636
-145.264381127	117.161358576	1.51912767365
-388.567534304	-122.092078273	-3.53060870043
77.015041718	-150.976782284	6.90412349216
-176.963840211	48.3722146981	1.18918651101
-256.020183359	293.935957838	8.4434060363
83.801306051	-50.2565024787	3.27223302557
-126.183448955	-339.617673219	0.631746814056
-74.3753209228	37.0890302107	-1.91505155404
260.782127067	-151.840144364	1.32376625895
-118.878875244	-386.518808852	6.52950356792
-48.3926889919	-243.58976607	8.3612286631
287.511886663	-399.385326355	-1.03227681619
98.3900438591	-230.671137865	2.16991056091
-94.0018592605	-271.336051072	-0.33337849878
-312.886873019	-234.649440412	11.5394977645
-155.805874797	231.35817479	3.87605540642
-168.453891335	-312.488383129	0.309431448835
-57.798409538	291.468528143	3.47661105672
-187.789405551	-123.431930218	6.80867939887
404.868004894	255.734165701	-2.38426186723
-313.598082773	-240.547708486	3.22587660975
261.024667703	7.27388523025	0.123764444767
394.852843413	-343.898932148	4.14965314676
160.212927564	-228.700644707	-3.05526673921
-55.0270290511	345.000419977	1.60661074633
-73.2531595829	262.689191365	0.877909091305
-66.7219225693	279.540503963	4.97471363364
80.7941843242	-177.546879017	-0.735833087749
-173.949910151	310.310130099	-0.889721260538
12.4401589836	-48.9061097675	7.52311159483
-248.782584399	-154.598287756	2.49879795416
79.8884110224	-286.23535889	8.4045817174
-400.392117588	401.910722611	10.1191004871
365.021553814	-357.63917904	3.98039439811
204.646370786	-52.1692407771	2.35963902077
-404.800321383	-88.0183627973	-5.35055056602
341.508819485	-2.47646961973	3.8697297012
133.583280591	137.909208008	-2.12409418166
-53.5990703751	-173.302581701	3.31344520378
293.588408259	94.0613225574	4.63793897435
93.8281120965	40.5033411019	4.28992339647
143.681724308	-194.665283594	1.84023495452
266.012558944	-322.076617596	-6.0067724969
265.35417434	262.117823733	5.53207835941
61.3838875472	360.352125403	2.4876532512
391.339248814	202.722783542	3.48272093042
-147.84711609	108.933433669	1.46787855309
225.469074523	-169.007103851	0.885683194538
-38.3864188218	-11.988772577	0.843092598095
134.898716749	264.774960924	7.12788490216
-46.1606243814	155.316256452	4.88194118296
225.491603064	103.635980199	-0.955655494024
-395.72572942	50.3380395793	-3.93524284014
61.8744216852	132.247015828	4.13061024879
105.099988848	21.9653669852	5.22215474994
-374.274480366	-63.5445732759	4.37345475614
-92.8170402523	310.44407415	5.53353714927
-6.30088576178	324.837780952	3.64978312391
206.238998757	266.797886326	0.138881673558
-278.69692109	405.868101002	11.1941383056
-302.682845817	-295.316756332	-0.237225088124
-379.953055494	-226.396645114	11.3645119968
-98.8009933144	-62.794050194	-1.90395409819
-294.506698271	-241.462150309	8.78149122745
-287.472948565	-367.18832732	-6.30746978934
71.0138407932	139.43886597	1.67422435989
-299.169585796	275.3256898	6.37991233803
-183.368976847	18.4090770653	-2.64478093217
197.215104167	45.2263843753	1.56636408074
192.088301857	106.620134417	-1.02493633314
-16.371508837	-46.7694419937	-2.24306092665
242.711377901	-141.935064307	-1.03859387355
192.201851851	-381.829352535	-2.36384263863
-152.574373801	-190.92601967	6.8223417069
-262.016717606	141.643962781	5.17873051268
336.0079068	-26.7035149637	-0.904331428627
-367.837520834	331.819276235	4.88152028489
395.889853232	-68.4336847036	3.8966180589
15.8363950117	375.359641587	12.7451267705
390.976032842	342.085140981	-4.74919238633
-247.553805272	10.8222126898	3.58323409999
-383.523005665	-281.776769532	7.13724952671
192.996443525	-263.960930922	11.9298645008
-204.64186056	33.6794254752	8.08692953307
-88.6554017384	194.742835129	4.10203955609
-308.196734259	-351.435556206	4.97497629818
-356.848059117	-234.804513742	10.051592972
-190.540497704	-117.550703021	11.4887123738
-228.467861546	-145.949769727	9.53092346697
-261.134853585	319.555680203	8.14820616508
16.0918526838	364.300615968	9.17786216801
18.8583308312	164.677547121	3.30522379569
77.3838421802	-102.682239905	3.82345294197
258.068612178	118.170794479	2.97900204963
-258.777216319	385.508806322	0.267609898488
280.417629649	-334.335794411	7.79104303982
391.885639157	375.002239784	-0.700045828475
342.937460102	-43.9530038373	1.7078567243
-301.39743304	-276.709112274	3.50754114551
-151.663058478	-369.631650439	0.424820543458
-138.200363691	-317.98769505	-3.72224308877
246.529023432	56.4520739003	-2.33026014884
-38.617596133	-317.399029204	6.32372401561
144.126647238	33.1345156189	-3.49347627795
115.430265862	65.3665497831	3.15102367677
-271.66587827	248.144074005	8.38157784595
152.005182184	335.127479649	-1.8969941297
-298.858238884	-110.21731449	4.33297207875
-13.3874499077	194.519551314	6.54040401434
198.540928295	150.841914711	-3.06620534283
222.502872144	-211.36927402	8.09997235181
-191.652385762	212.735844034	5.83714425491
-390.642353365	-82.3805190554	12.1528411608
-86.1128152398	65.9661510018	9.88603917382
158.064529397	311.24436226	7.60875478648
64.8621332609	305.647498687	-0.762413005643
-64.3032911408	-274.811164915	-7.18146898801
162.722806671	15.6765635605	3.13062555421
-205.309646158	-29.0929819411	2.95499597335
137.553149824	-53.0399683721	1.22996295355
270.402151464	-169.107253687	-4.47820003592
312.809076017	-251.989758232	-9.13696422809
-402.44365702	-342.987981566	-2.00545823551
-221.486202158	-214.111200969	8.12743599882
357.937288086	261.150151958	0.393482843224
172.738269009	65.9139046829	-1.9309706568
38.8215693502	277.153255766	4.69303537827
184.064525829	262.350872153	11.0047454261
-280.324084269	-80.0093987019	6.81024888497
-197.065249868	408.399048863	3.58984392039
-9.19840088809	265.444962698	6.70146080779
293.229405337	-42.5706556453	-0.729774998863
-190.766566863	-178.2557524	9.29699731323
-18.1305984819	23.7041968736	2.39793960703
-158.118525552	-4.00759514131	0.278124245586
91.7202478697	-353.849730229	9.57041722582
-54.7610061921	-120.2823345	11.8422479628
206.632905609	-284.520205203	-7.02837266452
408.573012521	298.560175175	-5.24840154094
-223.535257223	-185.226809634	11.6137466669
319.542255728	-381.034385264	1.02055756601
-73.3589238231	374.406048901	15.3318063441
-355.566912742	-24.1841500066	-1.9964826546
-139.458378636	-60.0300085146	3.59894923982
-248.875298973	115.9399909	2.8616411983
355.897231046	-355.794859696	4.65120462483
82.8123256506	-319.769317955	4.28795314084
96.484582413	358.003959144	2.38280688562
348.859788117	-281.13315506	-2.61516309915
-313.172279218	-336.529884068	4.68110184029
327.150738664	-33.8098380777	4.56359885591
-273.742319685	32.9652472095	-2.17166922519
-328.93629387	87.2681636012	9.14304794516
-288.27494329	35.7623521133	9.5813581521
-320.675211915	-285.140604781	5.37081625378
313.319194405	225.580607004	4.21359220768
196.033352586	372.320244365	3.88864537263
-388.278370516	261.528777491	10.7270618268
-266.763814561	265.168387082	10.8698390197
-246.813003284	246.812698519	4.4518880172
-269.762348065	-261.719148309	12.0126671332
-276.377159017	-333.658383003	-0.674103112147
22.7391618317	-269.452129324	1.15523351935
254.669641507	63.6200429055	5.9172114898
369.999739697	-193.029505872	-7.84646866809
44.6727936079	-257.871991726	5.47643738518
-177.981504369	326.147227853	5.37266964226
224.028052324	-349.703951664	6.70464160736
329.512450757	169.204088341	-1.03619457384
330.48961228	255.293138975	1.28783664917
291.771062829	354.515286947	-0.021401843564
-365.494173241	-262.665709419	7.77419255565
-76.9007366321	-282.389562924	5.59834092929
148.879072862	195.544026809	-2.07197543521
-147.606419775	222.839284431	-1.29012404624
27.004349535	-0.107197899362	-1.46208444579
212.866992262	-317.616674911	-3.74064253013
-375.35198813	-327.931199109	7.59814732031
122.937311374	-278.830356823	7.70205684396
-361.500284009	13.4864588067	6.42863335911
147.112698929	71.9080283011	-8.20406707281
-350.232643898	-119.25526609	-3.05333963006
409.969237101	-61.3234268338	-3.14831671829
33.1419968329	-61.4948187646	7.99007085889
-4.7827053705	-397.327200176	4.6311453157
-230.286717852	299.967026094	8.08488487902
0.203207589603	242.198210416	3.69773043431
61.3240072314	89.8860957813	-1.08262472019
61.2573502605	-110.49434506	-4.14073297405
-197.822765406	59.2269454464	1.86038818443
-28.8749667178	109.463146317	0.324881778726
-210.844464024	-328.62664522	2.34706442036
95.1126590331	385.175410266	6.51118278214
83.3088104854	170.054073116	8.32958777516
405.715194851	175.865537236	1.30362490527
250.605141086	-171.384257252	-6.02812081621
81.0586920325	108.955449532	0.37382990833
365.849654508	-394.374241468	-3.17551906854
191.221973473	-217.792921564	0.839863634684
-369.71613779	-388.837631673	2.70883525021
251.272892323	-89.3101682238	-2.39177457165
56.816266181	-410.18022103	-0.99772193186
118.512576475	101.346365086	-3.17372872528
104.905295871	-362.798095951	4.69277916875
-197.075363745	24.008883031	3.35368338323
-188.287508319	-159.130174923	7.1153768789
-287.243276285	-90.14542656	11.253434191
-339.693361945	280.933030246	3.12210261572
358.329971353	-379.631656452	2.44846880525
-109.265031926	153.206514551	-1.86958727627
54.9896172347	-55.9354938228	2.82928174642
-342.692325748	-398.899014737	8.63732191661
154.43831309	103.445907132	-0.326319726115
222.874262318	178.305019886	6.16319274078
94.6358253975	-347.572461271	1.52987575804
-41.4296099644	-127.419576116	1.44231044439
358.380659324	285.159413946	6.20708693266
-23.4089645532	46.494446434	3.28339217291
-302.492290615	380.375878607	-0.0283736666093
245.747837111	377.092023404	4.28849215457
300.106795833	-34.1645370913	0.121421783564
-68.0472496449	216.74962341	1.45619357035
204.479782919	36.8648427153	8.8655568581
-387.253148932	-133.92484942	14.9312272033
-100.190874499	-80.4688888593	6.06156861172
-47.6985263826	-207.641118386	0.655087595369
260.913389749	-287.48545589	2.27673525405
-410.819707068	359.953811213	14.4082856288
-128.76869819	-308.906778178	9.0326801846
-143.653273332	-314.485575947	2.96954085099
-130.478698686	-79.3653837602	6.64595005094
-384.805523808	-209.474685176	13.767188012
213.282104616	316.519482546	10.1921501534
79.1433020329	280.202811715	3.75645712818
-365.563289023	-131.65929955	11.4687007026
235.36070163	199.717813655	-2.20014888338
-105.362478372	402.47527748	-7.57593702369
-341.289331383	-189.979232558	10.5970427457
-23.5631277949	-88.4984880619	3.10571035922
-216.957938365	346.728669988	5.18144975888
265.110932582	192.283014423	-4.25575092059
-276.298824272	-51.5920431322	3.98834950267
-351.321717097	-380.713543678	9.78224978869
223.144390809	-123.885784305	4.04737338163
-12.5344366432	133.560297045	6.52203101619
137.457792409	283.778055842	7.5290539035
35.4779219674	211.137698447	13.1537883094
-181.645544771	-183.050807019	4.75080476258
323.183030913	-41.1079549199	3.53708304117
-310.994291865	253.188124295	10.7343490466
-408.086549757	100.949359354	12.3850743768
386.029597105	253.308051916	-2.60770133326
27.0028712319	277.96940124	3.34662687368
-263.185733948	-102.531613985	-1.28962149913
240.584318868	94.5749532016	2.30821437299
332.99693799	-87.8075331033	-3.13652860635
-398.496821362	-94.0087142719	16.8365826471
173.58508491	2.80924395312	5.71567368232
-45.1389238292	-86.8143036481	1.95464936933
111.191561668	-294.529322499	1.8924118988
-403.460650628	264.158403642	2.21261220143
162.812645113	68.7690494995	0.110154481418
111.869139018	331.594158973	2.90439690126
80.530450964	-193.186551269	0.342334944756
-112.034919909	-65.3724282759	11.10406
-384.70841611	-294.599592587	1.31355860399
113.074004457	-14.9654997612	-4.81560281458
-178.018380368	-341.035453725	5.34006505738
-107.917538615	-255.814625016	2.70935708003
-213.616133984	-364.20047698	6.13282135242
166.990239776	117.447083269	-1.95254600407
6.84593071224	139.643189257	5.48706900342
223.025827611	216.73203987	1.00872568256
11.3530143623	-81.543434553	3.50700489629
-406.707331661	284.583836823	1.55018993361
-354.298874559	-331.013690216	-0.0816627130265
395.461676747	-120.676629366	-3.41769973362
92.2486903712	161.790699305	-0.62437019563
-240.526905999	371.049173436	9.20619622958
246.239217365	78.1200512277	3.00848350257
-179.318897411	-306.475357943	5.85310217529
32.5879093878	216.39937152	-2.29228238395
-390.675706084	30.3961729633	7.2218397323
341.503873518	366.851719904	-2.44041713632
-157.805953185	353.122364381	0.43351503108
27.8903320903	-285.59017611	11.3601665276
9.78233358662	-79.4279905528	-3.53685474367
-3.88917917129	385.530650303	2.85691299495
-193.273742062	213.494971993	2.14312239421
-53.4817477433	138.790814411	3.97167683179
-360.333843456	49.748517892	12.6444525093
362.227134923	-74.1517642181	5.89676101179
-54.4528946744	-184.554788777	4.74154531465
289.976568077	-140.991466945	5.63423373744
-295.131405242	-353.723541012	1.57605457053
-285.934986854	149.067994589	6.24186235107
84.2669115502	-174.228263131	-3.55061913884
-134.503119442	43.9867211836	7.94551612782
-306.424660335	327.880727857	-0.074406746951
-59.651471583	27.9877094456	-0.132983808889
-167.098467784	-264.131792387	2.26159126521
-30.3917277146	-243.077602508	1.04966433201
-254.717264732	312.228489197	6.9394981888
272.679414829	157.096422917	-1.76136690378
282.294707528	-124.3020738	2.74842277581
-96.4292700248	-81.0412022411	0.048483078696
-161.046175867	-408.073064668	7.38351752514
336.596818918	364.739139624	7.43154798405
393.53414732	-327.18800695	-10.1260984301
-208.477850005	308.965647946	5.61304703764
358.472523067	94.0741505396	4.11182417569
-378.542185373	409.203750695	-4.90074209988
109.602105535	322.828567876	3.72861301045
-90.5052554202	-230.861457329	7.69843531226
-89.6785494291	294.467856241	4.26400957161
149.548856754	-294.878077168	0.40474432494
68.7928486517	336.841635782	11.0927282142
-220.55371312	-156.912452314	7.76543178656
13.5500558078	185.262552934	-0.390690683466
-85.7320448641	384.263373721	-1.64141566635
-9.0006061445	-56.529354806	2.89064660764
-396.792718294	-194.718850316	14.9976051421
-249.680137447	410.403070551	2.99546005846
-73.8334429821	65.7518152534	-1.10567863271
-354.744016444	0.0967325667209	5.75977483333
-382.781138009	-58.9173139059	10.5992846068
77.165485033	345.360008083	-4.2707450258
158.790009727	30.2940077896	0.427658441598
-114.46155704	-405.163593255	1.90612601564
381.941216588	-99.409119454	8.78326502255
289.22862271	392.357106243	6.59278058195
58.3396474277	-168.937760821	-2.94660506276
183.55101461	86.5884442063	7.81790916256
302.856043801	-251.805738295	-6.97739399757
94.7713372955	-267.963060197	-1.0395555376
-17.3519383366	-270.489973568	-3.88934938902
72.2131099056	6.27398754013	0.468392602403
71.4492729729	-14.8291324469	8.03067108105
-44.1859558924	176.808715303	2.71413225261
120.454182636	-242.801715071	2.91167190978
20.7778561234	-352.322425	0.355200382264
199.795111623	-366.610690287	-5.39487095829
167.529788149	86.3554999108	2.11545468402
-34.71495277	383.831037538	11.9887842594
90.2506899239	-27.1931016114	2.3894667896
-357.863483641	118.830792169	-1.17184710384
254.485969467	336.923036039	10.0572477601
48.4775753622	218.003479419	4.83316694872
-58.5492072394	410.252202231	2.57184624914
-111.621024442	-239.557255809	6.80457642082
86.8062206517	361.477690542	11.7825981589
-0.474542701443	-142.307604096	3.22369515072
154.548940386	1.6066730054	4.92454110647
-221.567086281	310.512674283	9.71003733241
-292.088601874	-102.623026281	4.42987085584
-320.405284025	-257.066523254	11.0250802404
-336.01944219	223.454643509	5.77418902745
243.285352612	-203.243479633	5.28194364988
167.027960595	319.595835971	2.61452146769
-256.382563074	306.022532109	7.78665571016
124.130846802	-405.653632955	9.32202159554
-175.701827475	-295.914263637	0.800775431999
312.164554343	26.9989033151	7.09396351245
-265.601357537	29.0525980301	3.43793828385
95.5926013576	-225.415905817	-1.76587883894
-378.088798033	-356.171053458	3.97416705694
-394.369525393	-368.556725802	8.3944074205
-40.9263368969	304.250070054	7.80390071204
221.419624478	18.3419603204	9.81434781284
176.161223648	-154.714887033	-0.732671501755
-295.329951665	-180.489350365	11.3306665786
-258.515168372	230.618360415	3.6056175007
-78.36093039	-390.309296653	10.2392267616
113.95267235	-325.19582628	3.16187134531
-243.844425674	-384.658248557	6.50413336017
171.843675344	-33.5102075632	4.23879754504
-10.8207028798	-228.623978774	10.4623677608
23.2601393091	-68.1447729248	6.35646748603
-304.593753891	-243.584297959	1.33731386297
256.334221671	-17.5362367354	4.63576346887
-360.887056947	-292.965210067	4.27550517413
-285.541674883	-43.068587863	-1.02723991078
-69.7349745113	-50.2377506986	2.5488610498
208.668250359	317.687399019	4.45598803383
-167.098376594	60.2700195287	6.89544906506
403.673878217	271.589152916	4.93388630504
350.331922479	-39.6996759164	1.38707083034
-100.316265232	-117.634072559	0.00960941811905
381.291906808	-144.994411026	-0.773908672665
-216.789351542	148.386117363	11.0629289281
142.409383758	-332.073004246	1.86745624755
310.43147459	65.5586176485	3.25732543956
-109.17943156	-409.379258533	10.7755855771
-130.866552065	41.2715548187	10.2717780278
-142.905810158	300.458302168	5.59225552491
104.027102562	-398.772360607	2.65493365931
271.048735227	-1.92796384965	0.77628801233
-368.078250788	-244.682332197	-2.13388835761
-164.101254327	94.5785035229	2.44805722172
124.662185601	-27.1940068982	6.25094006951
-25.4287880341	-52.9157624016	-0.0322885922271
348.566860169	-257.303289621	-1.97957520455
-387.65960591	119.637088209	-1.32194179121
-183.368063445	-129.35716147	5.71756413206
75.3364846134	153.954293322	9.54398934117
339.827977916	-190.608703527	2.2907522838
26.2442761738	-302.433192209	1.99776237174
-239.055438109	-387.13060993	7.16752217243
-38.2078545754	-92.836428313	-2.62831130034
-299.837855373	6.28487897285	8.9343359143
-69.9040790532	-106.059290813	-1.55997718992
-300.893687458	-131.920674188	10.831284108
-407.890848137	52.6270176937	16.8233928042
400.382383757	-48.9183369579	-0.647267467458
270.518338075	-74.72422659	10.5109523329
72.5170607942	-39.0445282605	3.32128585288
348.291790211	-257.854170788	-3.96818307998
226.514698142	-31.7220349711	8.43196726302
-222.37916077	-20.1968985534	3.0839186029
49.5565268317	-112.598146736	3.10651837969
394.921046793	-176.413895901	5.85293750758
275.658092661	188.788143696	8.94242299802
-142.023361625	-112.547266014	-0.102706687868
-300.437822526	-300.044936039	3.8739908996
49.671700266	21.3098315649	7.94566969703
-92.3446974789	-184.300460928	0.990885801272
-409.218661255	85.460268917	-5.87284072572
-355.546258316	343.647510308	13.4721695708
-46.3543115797	294.277624279	2.98679337731
-229.695026819	-274.245368382	8.14757750307
-230.182756184	-127.503261705	-1.52101338686
-25.7400230485	12.7852091152	1.72859853001
-47.0662367709	-183.150197172	8.28481543657
100.464051299	-219.335544793	0.889691748778
231.498367434	-8.62514930764	-0.87924183316
352.747379366	-289.94756384	0.749446766725
-204.738546715	344.763082181	10.64625675
387.171691596	-2.12786055748	7.73104096505
-6.71199218623	-84.0869461467	-1.53475531099
247.079142541	-126.941367398	2.85903527545
-142.954630367	-375.967241378	-0.440135136402
-324.493839987	-134.750184963	4.6056776101
225.386964153	187.539452385	6.92219298462
-404.080042323	1.10153656998	-1.51541630854
262.263499397	228.051600435	-1.08805161239
-1.82802225736	321.250272668	5.06602159647
270.384666452	-39.9053839527	7.57329437273
79.7883478045	-228.884532914	1.92797576445
257.817767746	311.337892921	-1.41990327935
225.195472574	-134.03330615	4.81803147475
130.481962292	-293.619500868	2.42910200114
45.2548846695	368.488467094	11.6722769699
61.9117005681	-220.668436034	-1.73283606882
-156.536360785	59.825931897	8.180942327
107.068085243	-351.244869032	6.77599282291
-344.275164523	-243.670049908	1.66471863894
-331.360135794	-38.6401674967	-7.18983972546
238.557700235	-344.176923129	2.50126693897
-55.1681809155	314.555703579	10.7949056315
-353.180492169	52.7094230266	10.2383139928
-141.44344666	-36.9063753481	7.55995525167
193.259743251	357.469406109	1.53980838515
253.185141185	135.390605188	0.965462892075
385.094058784	-256.592361333	2.72127335057
107.215692723	-387.405244053	4.40286150792
-121.86725663	301.414578412	3.17571746899
104.126923476	-279.912900728	-3.42433558007
-401.68218209	-162.08169681	1.68520608881
-309.948306696	-0.815862035708	2.26224839954
-69.6247144025	203.555647782	4.31994179776
402.644306097	-71.9467410427	3.98989507832
78.9999306877	-146.994231534	0.121482796338
213.659279496	-231.768136238	-2.56558731026
38.8313041522	249.271731799	1.18358453726
159.081859757	-198.955635129	-0.256363576751
-370.212518214	-151.689672243	2.10797965406
311.180253494	-15.4666792088	0.778215360464
-77.5480381879	68.6864215067	0.552055113044
-389.912372656	396.113077917	4.22714296974
-355.796320463	32.6213463997	10.8362919629
-203.09443246	216.427652147	1.98806423639
-228.083755053	23.8105994935	1.16097365286
369.942936517	126.286859185	2.59911482718
-93.5553426308	400.240789277	11.9362217445
-8.0608561078	178.90623539	4.176893165
113.247403041	-119.929190288	5.49718656156
-197.335234773	175.7656321	8.79064169046
183.463535694	185.409500309	4.4040709458
61.865165426	39.278335014	6.62564762806
141.122361184	-90.7070909622	-3.54641540225
-255.518315653	379.302006876	7.63599244701
212.51640928	31.2047707443	-2.66883175074
335.263395614	192.460847331	6.8685420268
74.7069903374	-316.383127521	7.99549736054
317.913722278	16.2980959281	2.24888954998
-136.01011807	243.984007623	7.96554860403
237.06097831	-285.910616326	11.832136052
-117.377030128	237.523369253	2.14221593772
-60.2296686141	241.745125046	1.13511808052
300.74116724	-226.248561616	-6.33150757861
21.9690169091	-13.2762541155	-4.24369116347
-50.8540514473	-38.5679464718	11.4042461799
401.249885259	262.401783428	7.38033165585
287.155724018	28.5638596656	8.622234339
338.157471546	-343.751288705	0.318166224111
-12.9631368145	146.810325945	4.61641499926
-140.438407382	-190.508993892	5.21584299024
187.476699158	-228.421492967	8.76621036611
28.5219925268	224.484574939	0.945150676769
135.989204233	377.920454026	0.983144260047
197.023580879	-334.073522781	-2.42451931131
48.3916165933	87.2152894683	0.982852056728
-96.2490802144	-225.772688171	7.24788080253
-48.1051447943	-256.129223779	4.38670082049
-170.321016143	64.7956558367	1.7213702871
333.132834414	-360.784354126	-1.54373522757
-41.1405768617	144.536079742	9.42728944757
42.7147477494	133.197312399	-3.27914084456
169.240142551	-10.6898051063	4.34421242379
311.318487062	-75.9403494896	1.87567066873
381.07205191	-374.717517763	9.67963184664
160.998804387	-108.655979794	7.46943984863
224.43556973	24.0477060194	2.22326793028
-209.328156874	0.958736332372	-1.32755983182
222.477484244	-399.334235932	11.4280594843
369.554326439	335.542235351	3.42700789989
3.69401892819	-287.216508058	3.90298330924
270.046849824	-292.983404938	-4.94937681788
-12.3877214125	333.681164116	7.92630254782
173.355523087	312.45400385	6.7321873492
404.260941151	-246.094592981	9.81278297546
-301.849671516	388.491732627	9.77860154337
358.246004798	406.734070007	2.33166586736
173.31327387	220.5884797	-2.59831496986
-92.9539030756	-159.254418824	-1.08850035225
-94.8746306318	-66.4841849242	-0.366690807341
-270.737943276	54.3835568371	2.20579318122
23.5986912616	134.8195498	4.59679374538
305.25212411	231.909123928	10.1760666217
331.710589991	-103.59504468	-0.135055176077
-263.80217758	-351.478038953	3.55113220674
366.57933518	21.2241364491	1.00781930044
209.453430018	-373.775429277	-2.7933405579
326.110210942	313.399573095	4.27100814063
249.874301448	199.635797848	6.71461198702
61.762052945	95.2317289071	-0.534759966275
-358.004637733	401.379148172	-3.01102817629
-410.699248798	-47.8343626501	0.637780704294
394.783901727	-59.647723629	3.25599843407
-195.420973615	-195.697611901	7.91656745683
263.960018285	205.185261019	-2.11819498914
-231.752123436	29.7604546153	0.177184700806
128.229580381	-68.36721685	-4.55779680299
-352.40674914	94.2170272027	-5.17933565229
-307.650968098	-372.69053115	4.20266051335
-392.831326786	-174.354160651	9.83486983059
-135.747727099	-140.478667561	7.26353502887
-190.802066756	-94.8293982442	2.64307089725
37.0642493046	-99.3836381992	-2.01674750237
355.916273008	15.3939309261	-3.58866481121
-275.52594062	-165.452124355	11.9568652386
64.3585222293	-63.1398511966	1.92734318684
-275.025793048	-114.325916356	10.3214809698
179.972004644	-29.9643309839	2.58995821708
239.509591693	-294.71515899	-2.00641913657
243.775786876	-396.106730819	-2.03321458265
350.900434534	6.48620535694	3.50428136466
141.23772984	-277.717265978	-2.90076777957
316.942335441	-50.7492125993	0.472196574984
-386.479213567	22.2104056007	0.383389763142
199.015116989	-93.3810434356	-0.0478095804995
47.1236884631	-74.7036560226	3.25164296021
-290.045940355	-294.788195591	6.04143013341
29.969162104	151.69566877	4.64901469988
406.662567069	186.022665268	0.28806094163
400.525013715	266.343020139	-3.21594740216
363.805864807	-404.236517929	8.5809951294
-91.5874433419	390.772859226	5.33714086277
-60.7139336248	-140.476876516	-0.778989442833
-249.101136899	174.285720221	0.690205882904
126.893211976	-350.477272943	2.04381672648
240.255646902	9.83436274402	-2.23519850583
-393.931703005	-257.204601253	7.68339245413
131.021101603	240.088090806	6.80427884429
-171.705331093	335.705667534	0.552221723908
238.615258507	-236.134708303	8.49854120853
-399.416893161	295.83792665	12.6400494595
-280.287407445	31.7794147127	0.524113392056
348.765685803	-311.707042118	-2.44144214353
332.819317747	-21.5993157955	-2.31718112323
-127.281761306	100.298667407	6.41068935487
-188.71421972	-305.650870398	1.68585728267
-298.184407372	-274.037925429	6.00161833529
-21.2220086939	-205.908252595	9.62931491778
-178.302129192	-239.16193773	0.0983846065606
373.217848797	228.985076911	3.42576781639
-85.2076481603	25.5823142456	-0.187491375801
-229.860824388	367.641676598	4.13258114675
168.660313861	-199.462333848	6.06093651272
-211.438820541	312.091557127	3.49018898985
-400.320026468	-362.151934872	-3.99222870839
337.253591504	323.000261894	-1.25643872008
-321.59564347	-226.780648135	0.794979483415
-410.04341689	-355.553181013	-2.50019756112
69.4099963081	-390.736915151	0.195556836542
264.991301872	-407.094787382	7.04006757655
111.923250817	232.246897037	9.04559647665
-343.415974417	340.781406569	10.4548037814
386.639460424	151.142552122	-3.41008197368
71.1461638302	142.384131769	-0.726168587975
316.72145132	-7.44845089162	-1.05282728245
-169.712906206	391.858761769	15.2400685469
-170.065204912	170.845662954	7.55069219417
113.331708761	-36.7018285794	0.796133537183
-64.6711481767	-137.276820885	1.63506238745
-73.6367390564	52.3421722324	-3.67961927372
286.136509466	76.2437843009	8.6375509628
-319.431270643	-177.691846696	10.4026835917
-165.17592528	306.597512203	7.83835775337
102.371737021	-278.844645394	5.45309444758
-212.489705557	192.539633985	3.52701358189
-95.2742273834	385.549798781	4.93200863914
146.240462822	-241.366292532	-1.6542631502
-156.876606335	253.277745637	3.60637666361
-154.395188568	-402.949246203	12.0854312417
271.065389777	5.13848761	0.506167036315
41.2731999425	-70.4177280485	-4.26888729157
129.219601536	198.03705513	5.57576604654
206.631954746	-294.201273532	-1.15216531166
357.216470402	-40.9808642259	1.27905438222
-407.590829738	-396.428423449	9.33432213963
349.507624267	39.9179157883	3.47035865692
-227.351161189	206.759938025	4.47566632417
246.267087262	254.457260316	10.5539845012
-278.859269873	-313.26379985	7.97209224097
-217.170021147	-30.5329694315	0.676960375236
263.561129187	-379.868547306	4.04731930893
235.318698853	-368.011697243	2.46565077917
-201.217930868	-244.295055821	8.10987101289
259.956662457	343.039791323	-0.0982327856602
-14.615186895	80.2664841056	0.785194545336
-309.317177045	278.437239059	11.5957555432
-130.129950936	352.285556077	0.756963987845
-361.033962934	-333.799920057	3.23543863819
-411.022246931	-377.614006487	6.49859017754
337.314457362	-304.079778116	2.62064148708
-290.034445488	50.431992396	10.8470809753
-219.066200896	15.3420181161	4.82734737034
-5.42691750274	368.050857354	-4.84165067371
89.5779686212	354.647176521	-1.21288167668
-209.983253551	-386.585882385	5.72956651659
211.404715379	407.392843094	0.73807805573
-221.87869024	-180.642223432	-0.644518037206
-360.981314303	-34.4701139624	-0.255905655273
-341.396447076	253.228151878	2.69073856251
14.3781975641	286.064686144	6.08172356828
-259.948828865	-95.9040122344	3.35597731156
-380.484403809	-202.711133543	1.43462639061
-379.344600892	348.66515853	8.58482842484
272.845076391	-200.492123816	11.5214746876
41.7120742966	142.166195969	7.7100746007
-346.4598639	-334.823964533	3.52492248485
191.333190446	-217.829870251	-2.89025092166
308.904799426	229.265002536	5.4446058322
51.3659188724	276.933082956	2.58622031253
-301.745275521	392.231508861	0.732860217674
-60.3452777461	284.562957972	-0.470533314924
398.192024753	148.907152654	1.69635044356
-126.536727225	-4.5295046506	8.30836847397
171.454184022	-103.441908958	-3.41219409087
-194.844644968	18.3240530684	3.8821231168
-60.5615025514	-122.841996357	5.98334069479
58.3850881	-32.848413075	-2.50432178947
292.753284323	311.520298818	5.00950751766
108.872566606	81.1326678523	1.44984410681
227.071548524	-237.691871725	-3.30793250143
63.5453604167	-291.11766405	7.29066939996
-330.786760596	-109.330266842	0.277886990281
201.248351133	71.7955568709	-3.36697554271
-237.570500774	93.7093582218	0.950793933142
349.913429798	-181.973430789	6.80551452179
68.43543237	39.9451549774	4.86399781828
134.328907063	337.853688825	3.2567928503
142.729767356	-78.9884553983	9.32077945823
93.5650868026	-235.882541845	2.41904768134
400.857085569	407.567851089	0.906232668213
152.509298476	366.725772446	-0.70621855929
124.215483223	285.27396526	6.74233453945
-234.448409466	-191.265843329	0.584274882325
179.900840432	-10.51491519	-3.22132037352
-383.75606084	107.439230792	8.10590322554
69.0356547015	-354.341933976	0.181435378021
-339.012492103	339.333866144	13.1172311967
-221.322134781	268.748637431	0.63528953656
-404.869955703	54.4932461239	15.1699014683
-134.906645636	174.146411102	3.38841386264
98.8294450444	-323.918799787	1.27777102085
-154.338281698	-133.436865295	10.3886416578
-215.847648093	-396.978244371	-3.99032311157
-253.500247586	36.2929811345	8.98186289363
407.947595988	-409.84433364	1.46863724209
-329.058494261	-348.445828971	3.68312025058
-62.5236967422	289.86610709	8.37915528154
252.267020565	-53.2119752529	2.58672533735
-390.805684724	-313.186495511	2.8973260586
343.146063494	-158.19282513	16.3051631468
295.497348084	-211.502238239	3.22460059983
128.288680489	271.760442194	8.60284568397
361.948841979	389.479995059	0.97894206964
102.791751293	-235.62014785	2.04750960784
239.411022667	-78.5439011859	0.100394795305
-326.468968601	-146.946560358	5.34587248217
-405.144011778	328.887297549	8.2517008457
247.814740353	-337.356691551	5.84130980148
155.087394545	271.758149018	7.81046487055
216.640783755	-320.471205493	-0.550935594256
57.6228862654	178.305974639	-0.468982465428
-155.92660914	375.263304115	-3.85967071873
40.6894144866	-190.051605571	0.710107652431
75.3580958648	313.068570987	8.31652867843
-151.43656103	70.5333094778	1.24029639988
-291.269988886	373.238777482	8.01597547788
-54.6299879125	-253.499991029	-1.18850191404
73.5953944516	361.526681068	9.50173818725
-128.448601553	103.214397209	6.95288944302
190.570053366	-221.721144716	3.30678579662
118.154049988	235.264990735	8.86398478575
123.878235064	130.864673899	4.74462036356
-371.277092345	369.689659944	4.49231839931
121.199976539	9.80682656116	2.78886601106
-47.4688704119	-360.978571806	-0.538551775355
187.415213922	34.7953372861	-2.2035410751
165.306792724	319.705672087	9.14422379426
131.976050431	-263.202381487	2.82473272575
-46.7989231739	-350.939517404	2.56342907812
51.7860333675	64.1016131369	2.52455124325
-137.754196006	-274.725626563	5.06352965927
-115.806359565	93.6165125379	8.72529149834
378.608943594	-313.217767765	-6.31033892973
-340.905930989	338.112473732	-4.900285397
-43.933730835	171.271856011	5.9200853589
81.7918904151	266.727468363	-0.185597849991
53.4544295359	-322.953007459	3.40474758645
295.047561139	-291.195475948	-2.48702851226
-294.674013498	-250.078784269	10.0347285391
171.326637183	21.4277571998	-3.84048387906
-333.547588157	29.984526729	-5.84216021029
-380.449689861	-23.4470061094	-2.35443387671
396.583705663	-323.775093467	-8.64710255232
-167.761035716	-318.701358141	-1.58999847963
336.407560562	104.914884722	0.250726788198
-56.9867319482	-142.597126841	9.99088106309
151.502336513	41.0796857436	-3.88842117005
52.5066717372	-400.58121529	3.8383393324
375.386345754	162.675175334	-2.07470632204
-271.542456305	24.2041664035	1.63242324305
235.28144822	193.672771781	5.3236527001
310.571301214	-97.1220902679	1.06943035469
-318.453251057	-225.203869836	1.57691433894
267.659448095	-336.147923939	6.85777193234
-323.159495768	214.261421178	1.07327263555
-229.463288629	-9.63423153076	7.70512352177
-38.485987598	273.656503131	0.785358854737
162.393721299	-289.293915835	0.0122357074298
-68.8238946939	406.228775488	15.3965622484
390.998537272	200.368464785	-1.38394496053
-346.061303034	-40.5525311577	7.09161481244
-6.3635779594	112.150626642	0.668894893333
150.462966323	296.892271495	-1.2936114243
373.854696605	125.205698007	0.817342286615
-385.662992929	-44.061103952	5.47971770345
-333.693030403	359.11203686	9.76540420119
134.463263088	-95.1325174191	-1.84609756355
-209.580857466	-281.835206064	5.82289076014
94.7252633146	-74.1558074286	2.36680561991
-5.32347104604	-128.075816288	-1.64590253419
-176.485083582	-102.57154306	8.81071304442
-0.851681272172	278.27268782	1.80420326898
280.273934864	-286.44762896	4.83281695891
-67.8912382003	90.9937868515	1.68796162817
-124.762832707	-162.602686425	1.66723909936
350.994143609	-308.519986254	6.78987037869
-337.662712518	-347.219696811	-2.37410192484
242.94878261	-41.0864443607	5.9141823726
296.339871201	249.95470353	-0.346596994429
21.0928879722	-56.6818849353	3.33207136923
-26.8025830029	-143.156333633	-0.562309452904
135.823573889	271.185148177	4.9295457591
140.046674139	-238.006069775	3.11772452776
123.662251089	191.28945916	0.603392263823
-284.207880662	334.014190822	11.9883852048
193.432193223	-245.133697652	-0.903259779058
403.586730771	-86.6400914454	6.19269459039
-271.354702136	393.176847816	0.364357275662
20.4868863264	-354.592814857	-0.662744267544
-47.6073481831	-4.85495700565	1.98523463851
-291.801214122	5.55187898874	4.83033765022
-271.45290656	190.300885785	5.8093437877
-96.3259291014	-318.041285682	5.99600919662
396.32086273	90.5903307468	-3.79773129495
373.543387062	-134.199188692	5.82256010647
297.181030595	-288.422805416	-0.643980707506
-260.808744871	369.666585666	4.9358325786
-245.40222544	348.705357811	10.7241143778
268.003530911	12.3831932633	4.42153057619
-10.4136378918	-86.3619133451	7.27967603175
245.96797707	-376.167636915	-2.2303847896
-218.67959091	50.6535663257	10.5639486065
362.444982686	132.320376308	8.75277267398
100.684797868	-292.756466762	-3.14450629633
-146.319363408	-58.0927536533	-2.81797299634
61.1336980383	-35.4774013823	1.82590112728
-247.018222742	401.170517751	0.84683744601
57.9880245386	-113.164722092	-0.712741079878
402.475532037	351.557104097	5.23162802032
193.500490112	-84.9175131333	0.153998979621
142.578769744	-168.88867251	4.03821750648
-371.239157521	-273.013430037	3.45166265958
-115.612266492	63.4594607032	2.61480027837
252.164510709	-65.2567045647	2.53735692123
-228.751844366	227.570847751	-1.34984510688
95.1805217598	54.3162975125	-3.93170069411
197.512836391	-113.923094929	6.01095914573
-8.281346511	-110.582444024	9.42666070741
108.871745468	-35.213381007	0.80336096859
-361.054562865	-183.467080472	10.3734209293
191.345602646	113.106079497	-6.72035623218
-167.815168867	-96.626428927	6.02650059121
-209.846297921	382.420260726	1.88379429587
184.230884542	371.469676723	5.70441840134
16.2303118726	-91.7854315127	3.48981544828
75.7846169767	-294.532886684	-0.498538414144
409.377675837	215.395658092	-2.68846173793
137.373473617	-343.71037306	0.344182160873
-381.173419272	250.14343201	3.08333709175
139.275797629	-327.069941397	1.1149887845
84.687683415	139.483336356	0.667784229466
159.308430799	-87.5308040101	1.71158283303
158.294010209	187.527559571	7.14085843156
-74.2986541488	317.911616318	4.85020758728
109.067133698	330.686857875	0.492666121701
-122.061143178	26.7289367797	-3.19284025242
27.3803466758	-283.069475178	12.6155742696
372.474612926	74.1393873258	1.16636812088
222.61363888	28.9372300004	-1.45677002273
228.790815035	333.740363512	0.390122370959
154.880170849	-346.008353257	-1.77994912405
-260.573187165	373.724457842	2.63351579436
148.301542205	-128.651364168	0.330815346426
19.0424037555	41.5217373823	8.17432379491
228.767407512	400.288759078	-0.724809414102
367.874695322	-169.231192796	16.189964613
384.150100933	-258.738143048	2.88715059564
202.785821966	112.904827475	-2.04882555096
4.52685003833	401.55282867	2.90048082514
-251.614888085	-361.074356006	1.26020610469
-24.2045502432	-231.429267954	1.60715802734
272.843611039	211.499600444	-0.877961267505
-247.626657922	69.1510289701	-3.25307914973
-271.096579467	212.468590611	-2.81048538966
334.81873328	396.9600535	10.0541418693
-210.642480168	281.209575943	1.79378367083
-37.6534580211	298.64492816	8.33073587876
205.815485526	-324.186583695	-5.42130061557
-13.770132275	-278.987357692	-2.26130113231
-44.0115232678	71.0739023804	1.07091593925
-226.493332135	-195.019598307	6.98877687406
360.059924794	323.206087061	8.26692555149
95.7770541173	-2.26335625572	-3.72108163373
258.477080374	284.605687612	11.7949029424
239.288598393	192.348055074	11.6876901545
233.729671929	-235.204138036	-1.26990986002
62.0698374603	231.158042885	9.87836815272
-180.630440694	-147.869140316	7.69034406676
-343.826990643	-216.110773666	9.25757400733
322.40981986	-339.595973752	6.9495656913
-33.4014835572	-316.146070195	2.99888703323
-110.856437155	-62.3730031035	9.8971210898
-81.2202265198	-308.111448744	2.0143990925
-228.361970935	-88.6029233917	4.59128134594
-200.465831117	-247.755793198	4.91623957611
229.322322207	-12.2367044693	4.14320670603
-31.246060651	-96.5244478737	-0.427925056636
232.315817817	26.4984916474	0.40641946335
107.425979116	-294.202088631	6.70665711781
-388.62464033	-109.213769419	2.67613789284
106.289705156	149.523945632	0.640631312406
-369.265585569	237.96217102	8.03832876478
-382.393889676	-112.026231791	13.1658815995
374.470624794	-99.5399612604	0.268499391875
402.62994809	-223.530153703	-1.90767424012
-224.870524152	62.6536204187	-3.62297411497
380.952069044	-226.221224329	-6.89393965864
143.291249305	380.12933376	6.08719808584
-84.8957095227	-320.310361371	2.26776549571
-117.259239276	348.404493695	10.8714185494
-139.100701483	-46.194196337	7.79968404454
55.1681790475	-293.581845757	-2.35425337929
-406.549685009	9.23426178882	11.4843706664
31.1065204995	-361.913916046	-2.33889214213
-214.283338813	107.595824505	4.5614479111
-121.828072553	407.39504928	9.56651276672
404.796989684	118.523059774	7.83990615626
333.815353366	52.8993182778	-4.8730933481
217.095223486	401.253565908	0.623967191515
68.803342334	389.05458635	3.67203656501
-106.568619964	72.9370506645	6.19639225902
-403.738403988	410.518691113	3.09762505368
-58.0034387162	403.160242639	9.73483051556
355.273177159	377.445095255	3.24265977382
286.888061343	316.750407442	-5.55691039049
-294.167782587	114.940452903	-0.238660742637
-60.8421765555	261.95570657	3.32977542932
324.281321865	379.914236337	4.41773273812
-58.7984458774	-169.951416499	4.09207388144
98.5244699766	22.4677527522	-3.61399901723
-254.886317475	250.64342537	4.15366124955
-176.186220736	124.388800294	-0.274241279204
-331.12091036	-96.4966140119	-4.67583628703
-368.91834786	285.357786094	3.2131973469
-119.554800541	-362.273439077	-0.316898752609
-152.134966685	-338.926437339	6.19703939309
317.085904235	-360.53359364	1.34509703066
243.829175926	-253.624987396	4.8011663212
-269.02814657	15.9045320551	0.794296092988
128.005738772	72.3866489917	-2.8733642329
-155.263579931	-104.503129561	0.850959800895
-114.033763646	-108.911200529	0.590983067888
-301.851561877	365.347588574	2.23366825841
240.473305953	283.729517943	-1.61336250874
5.41395245639	45.5611579302	-2.85770201285
290.966076941	-15.7946563528	1.23312697418
-164.838127823	-128.954994956	4.24586058444
-385.579804684	123.602909255	1.44362315739
-236.379744387	-6.85754928865	6.23620860659
-327.400733798	40.6453343616	4.22483644333
40.7085948505	-110.241052807	2.26919985882
205.000244911	-205.809667018	-5.69501881702
-353.006319824	177.81961575	2.96105386889
251.910918478	395.617993928	-0.0315657856176
271.572039433	-367.554979522	3.00866638511
313.362473917	-347.350728612	-1.57493117553
-257.864615505	-342.24006188	6.5987025553
241.202333119	-405.481562942	7.35785961719
-61.5166223394	-238.402796176	7.56863778741
2.22285063154	-307.659848676	-1.23201212313
271.276427387	-122.035077384	-1.32080602457
-350.526427502	254.039018696	-0.443763341039
-173.400210297	-21.3116422558	2.16919644873
-5.87286845813	-148.48937275	4.17356394528
397.672736372	266.04156646	2.09084835759
72.8108678396	-338.510306036	2.68342118676
-98.2591181938	170.158307583	11.2296789897
-184.465627374	-390.890889337	8.71881050424
-146.632822953	342.850358663	-2.5083960908
32.9211003139	117.929942116	5.9723996743
-378.228768078	-342.821259227	2.04589957079
110.68921662	104.690519458	-3.55116078018
-5.68037997343	31.3094086159	4.63867458742
-292.752892872	91.0598004263	-2.01509994547
179.906860487	228.751198472	1.07047779584
-265.198084571	401.066481823	2.2950114783
314.603634748	115.245108911	4.33657077625
-30.9209421202	-336.589336416	6.76768674493
186.648622634	156.158213989	-5.92429521348
247.868874292	295.550051374	-4.81656756627
120.026729108	93.3259216258	6.85286803153
-354.061881125	-7.18788690655	13.4164292047
-393.883417524	-26.5012922417	7.22777820061
243.13220617	205.78939697	1.88048040788
361.108697725	-262.607411547	-0.58729885175
5.12565258407	263.989938692	4.79672955542
-26.8378731242	331.461417527	6.93651486767
-258.449257839	-388.585769684	5.45267481234
80.9649803887	-24.5978408426	3.14545650173
-198.238590738	-184.380954524	9.63707361817
118.105818109	-341.636065527	7.42628418382
15.626767776	-109.155918256	1.07035164579
103.687615689	23.9980744493	5.12658412795
-263.500893488	208.540131427	-3.26303904459
307.502195179	-357.561116065	1.50975377849
-375.239215102	-155.655253475	6.59717936441
163.702683938	241.282362059	0.666272350957
199.898926417	-278.65963172	3.03599108068
-248.966804219	37.3208871669	1.90673864622
115.59476746	-344.240648895	0.688215270569
158.684034519	94.6237118484	2.44495127465
-289.815168927	235.603161383	0.666618256042
-363.233256587	394.421001815	14.0602179893
355.373563507	-368.539701023	2.09156803642
-59.2074435088	83.478166165	3.08144937927
21.2861237669	47.3283888296	5.70548994022
93.9394873938	-214.474118181	2.06395314626
68.8556138588	155.688463613	-1.49533002172
337.178659561	-202.972468942	-8.52589239079
27.6213400461	387.938017688	7.63861475813
-340.310566402	154.862914212	3.54287176444
145.136942254	338.596921321	0.165757052434
-359.885452075	132.776006423	7.67993942377
-287.137281788	289.765083178	-0.713989037004
244.357642002	151.123456356	8.13198658018
-377.245420504	-23.5911354918	12.2674041622
-305.576292152	280.964784197	2.68739437369
-233.17442714	16.6365127494	6.71011340021
-195.769039662	-48.9223373284	0.965092267626
138.758154345	-318.538846598	1.57502847206
-310.375021527	-246.215791549	1.64525408229
-374.817642459	23.7133251975	-6.4670288336
-129.076117729	263.855230014	4.42384483321
8.901650798	-110.991374304	0.49631614254
-347.223426073	124.087277683	4.12565676223
-374.082624141	-274.319472834	-1.77130843344
-323.059855103	144.116580639	2.02170321725
-74.270202426	-202.212594538	2.70191117845
-213.472043142	-318.6241923	1.52327634283
-70.4718245549	-37.223976761	1.28699246487
-276.267969567	80.0816263699	2.19468158622
-118.5347907	305.578251355	4.06846033505
-321.041070927	124.159949411	3.47414739996
-317.92899228	-209.30043716	10.8661198169
238.206295447	111.517882525	1.28004582622
-330.168474033	186.115354053	6.84459218402
-347.817846189	177.015763069	2.72281135528
164.679444611	-148.108316801	3.33492555793
375.237337837	209.423427092	6.92782683068
-95.5229753135	-187.828516028	1.92365120782
400.778171169	-222.500423944	-2.42716029106
16.1692389568	-182.988468998	8.93804402171
-1.66075672507	275.555876185	1.639142661
-398.186005707	-76.5277100586	14.3595577794
352.25812967	315.47700401	8.62282711568
44.4172720114	-254.785836152	5.40175930872
-50.1654562521	19.0244895933	3.49238871816
-344.478732756	-195.603259456	5.35155557159
-319.554038429	19.3681228392	0.459792712075
272.366453505	302.107292845	0.974582652886
177.220143223	-195.904116709	3.71606690653
-71.2935974011	-76.1380459896	-4.76807495789
-206.707786899	-171.22669735	7.78188086095
354.75188351	212.960458194	2.00601378066
20.9597647371	-35.273851154	6.30334989811
-145.838923766	99.8413260321	4.87064042078
9.72300507878	220.388642445	0.779705811085
-147.300194376	-145.678690908	9.78299409713
-329.146305547	-141.714024126	3.93287523819
229.756195229	-402.783190706	4.4111565257
163.735687006	212.164703697	0.457985207862
-368.464161687	146.780102774	-2.92609838486
-138.691932858	-114.621701112	7.49860795876
215.194124427	-49.4426052429	7.02983165959
234.963036537	168.575178582	-4.51706101829
74.4768133503	95.4309066117	3.18575353217
-315.946245412	107.796409493	2.59099102588
-365.285266237	-178.115648843	14.1549797909
176.646937216	120.502617032	-5.24312084385
-363.136773802	111.103398799	-5.68275427142
-124.129246242	38.0847024909	5.11743302328
-350.649729529	226.766743868	2.67495827475
103.047798919	-7.11148572869	-1.47057941391
-363.207009461	152.193191455	11.4523704591
120.514671532	162.000162045	0.914376767987
-314.864665978	-298.947896568	8.11355604382
188.394962617	155.66662133	-6.69761690091
-306.918718318	382.214297506	6.57391030892
-274.23565797	291.996411116	2.74793468389
-222.017881406	-131.921048891	4.13928904469
167.366757934	-391.031093646	5.80982393047
-377.102487408	232.692458404	3.21699940723
-137.974093127	-238.640988747	1.92962480804
-350.317968089	406.517163172	18.5914026336
168.191804994	-288.375786112	0.293847880802
-6.54576022689	134.395593621	2.80172972947
-177.38750411	64.9133475781	1.90120771797
-170.493126141	-303.963857939	7.222858681
-352.077933884	53.3800148595	-0.146207234358
100.272981603	-140.242588922	-2.13831504499
-335.987134809	-118.376534843	13.8549211774
-133.793007819	279.001074389	-1.9186891485
-281.793067069	-13.1609390039	2.39163325578
131.622589403	48.9481753383	-4.47762296082
363.200503271	-374.191879919	9.24631240964
-75.806732977	-331.580909419	-1.15004732022
-89.9257713603	116.171606781	1.74819833517
-53.6099118322	42.6203661401	6.57811019165
410.292920151	-248.067604311	12.7611212941
-15.3758274237	-6.34761908315	-1.35444766164
-288.185358039	31.5648567765	3.94072419685
105.628529496	135.20680133	3.41922348062
345.295795982	-133.128881802	7.15774121355
59.3223049779	192.756843679	3.40525670238
194.804449584	352.498563808	0.7584036729
57.5876766273	382.937466966	9.65114121163
-247.10348457	1.49928306829	0.454121846143
158.297758377	-144.744111584	0.810026890047
261.114190634	185.896901899	3.63029256924
-77.3254807658	75.688277328	0.0242346917056
168.051510649	-113.638312682	-0.319905055867
-257.830888021	-18.7889368104	4.05829731656
-13.6137309998	-403.896113631	6.38655744034
143.674219622	266.791460283	6.79371680532
12.2782250666	207.050916867	-2.893704954
-20.395974473	156.194450145	-2.70532360293
304.037963694	120.557564673	-3.14993855093
310.116430995	-145.944616312	1.0123583922
-47.5775516818	-368.347472469	2.53335503585
83.5232203267	185.374193996	3.97738638418
-354.4507929	187.124299933	8.4644363877
-56.782829858	-127.003335192	6.85126278353
-293.745171981	-27.6698075563	8.50652475257
353.325581356	-139.670660722	10.1634057944
-10.6267155713	232.689777163	4.85745789248
339.093121769	333.307642953	5.02317159067
-347.348102123	349.284669663	-0.761609968074
369.320626258	-344.926523004	2.3404181379
127.42555604	-150.27196942	3.06205007209
107.185130736	-129.651545457	1.95936092867
236.476658499	-398.234094348	10.0016993842
171.854228715	-67.747135926	3.82729953833
139.008624301	22.9272491683	-1.85668129253
-364.555754289	-354.380611706	8.9032468825
-44.1980111264	-273.767952225	0.318150779926
-59.9344935894	233.767123624	8.04157022692
-283.055305528	331.923338951	7.71189521251
239.719275974	-26.1693389329	1.94011960691
331.511726669	-37.7458598871	0.00724259830576
181.297773967	225.016855282	2.24340443283
371.040950922	-229.371979322	-2.85588318499
-371.783615449	-306.789582061	4.78494240279
-368.911565556	-156.170344122	2.68188368299
-344.608542672	-339.077180412	1.93201355742
344.347624707	-290.426315066	7.9602075547
73.4633107684	304.190950269	12.0205512888
-205.393183827	-309.649834976	-0.189402716942
16.8757345946	12.4777467676	-0.0414224223851
131.999944155	288.270844149	6.79938374365
240.429764389	-314.615032785	1.59787060444
347.314556224	359.710927061	2.17278173765
-370.441673588	366.696481259	13.3777447895
251.554336687	-27.1823851388	1.50110121885
59.2863489616	-294.342007749	-3.24322489526
-324.906868846	-206.295648147	12.229885843
406.839799199	-367.80696555	3.8657000513
200.390175591	-52.1409131339	1.79297004742
4.63189812861	-396.738686558	-1.72493442892
-58.3357781783	326.962326656	-0.469157111448
-201.513260198	-373.837811178	8.18560619647
-91.5568293555	13.7307210679	-0.224959651057
402.587465822	-367.212498493	4.88162928777
152.624496434	-63.8773443691	4.16293321335
-385.151827027	407.07980695	-0.468882804237
335.892121425	-116.438698958	-3.24545192162
-296.336463963	-10.26081783	2.0366512257
-201.443915468	-364.349508407	-1.41073837231
-314.213275625	83.6324229784	5.75761678715
31.6130463709	-50.3886052342	4.66698216312
83.0560625203	-41.4382724891	3.84162235744
141.651806369	67.3829720103	-5.81462396928
-126.51193836	395.3591866	2.98065757348
250.985847881	-128.738138187	5.9684803063
58.9884961029	165.105837019	8.04842255885
-245.508055048	-30.9398496926	2.36092000824
93.5678454078	400.930539996	8.17719759834
313.677414995	-76.1077897644	2.68704467817
-156.938201072	-126.794160201	-0.824840846253
139.314283962	373.24491273	1.07862327403
149.47408494	50.6636934677	-5.0454213285
-278.56187238	408.807735234	10.3551754608
-405.197618712	56.3627190717	5.03341777627
-241.867648632	340.724833233	3.05048771501
22.6320382467	-318.960732171	11.5759751872
205.416966283	-85.3793020176	2.27716558303
-194.447518212	304.706206687	3.15645757086
15.8217790304	-64.2119145922	4.32083804107
-48.3029844511	350.894316492	5.93472840647
-269.112947515	-347.1918291	1.11164251058
-64.2310754408	-391.695788154	9.31096589547
-168.930407886	113.508247779	2.74912727802
-401.62355756	-0.906099871097	9.91172338115
403.276513392	291.787987474	1.31300100099
311.444352097	-80.5598026538	4.19902164855
307.425711899	-63.8800945249	9.6974066174
372.736422324	291.817885878	-1.52308775286
-264.320803531	264.979748312	-2.89895031071
-95.5450211891	-89.7657953882	9.13044973775
110.221460109	331.451274908	-2.49897479395
230.955509332	42.1879689578	-4.28188120026
287.419964638	-28.9099023532	1.74380232953
259.283581109	-360.987414451	13.3374824923
-75.6552619296	-198.147340836	5.49130903397
350.383882591	141.014360217	2.46794196313
214.776096054	109.22426216	-2.88881702353
-216.117530017	277.36309828	7.33708326837
-78.1264413665	367.530622309	-0.446723953695
63.0553308657	-155.147022117	2.16504588298
301.880517022	-148.121600017	6.01222523654
-379.277411649	58.1572771257	-2.34004519417
149.269661421	-148.664500328	-0.360459091584
-271.186424518	-307.284505799	7.88017727547
-343.781732489	231.463624178	3.86442349208
-31.4360524526	-357.329766747	4.76947503206
-163.573481074	-305.18926959	2.77422850973
-332.476216446	-41.0478832167	6.52339875803
-389.706201262	108.418462901	-4.56996616691
402.329819033	117.377102679	-3.17854448435
361.624458901	-91.8198370574	-0.771754009861
238.813385554	-283.207490835	1.81311329732
-16.8046565632	-317.103106119	-2.27013331926
-263.155843854	-191.493005775	6.66836012795
-141.025732903	-11.5660298499	11.4436116246
-181.272735302	-73.5419520707	3.07401873645
-192.114729037	59.377769609	0.29453740073
-276.762621785	50.8034541758	2.31915972009
-150.076834693	183.057495807	-0.150701317666
252.206923897	-391.863839167	-1.79849259154
241.573077346	284.901122545	9.2234704217
-264.380020515	273.114569411	7.52676730518
-251.261025159	-241.288127515	-3.23694732127
393.923899576	-185.696498364	-8.30645455966
305.161283131	-104.960175452	-3.63190039229
-173.907322493	-49.2314352857	0.290621120105
-138.712146187	-53.8345632945	10.9128760026
-128.608271917	223.062850367	3.11995722027
208.798853701	78.6375532284	-3.49884161224
35.428051358	84.2707995874	0.655137761157
-323.587654262	-261.657823021	5.59384647405
99.9456407831	9.19435806964	5.78406570906
240.790558765	-286.76215836	-5.55777435023
-268.820910505	-131.510180613	11.3196620096
-135.390137711	232.360402883	6.5905369271
237.229663473	159.388364105	8.82033753011
-136.034418702	326.214810926	1.21262814389
-21.402875428	404.812966408	2.54664706842
61.741247524	-376.711628888	-0.0735194742527
157.964897262	-39.1137591544	5.18948861372
237.653922983	77.3906750825	0.696992362654
-353.91234886	-238.249669889	13.1582557462
234.014074583	345.092184467	-0.701111718509
-152.415372283	-266.144124371	7.58505712962
-195.513676033	-30.3442242787	2.02033971291
-89.1308064787	256.381791185	1.75064120621
120.929906439	43.3241753503	3.08170525028
52.6968952853	-401.21831157	3.41026139774
233.722682405	-80.0835676024	-0.438275092413
-30.0239218212	26.9789507871	1.45045853924
126.397003585	342.682007365	8.25161134315
284.197462545	12.2245224398	0.111307833416
68.3270216896	128.763937447	1.86697727388
-101.236383821	220.106376831	2.33275372222
369.11374303	-259.32639561	-6.24731285643
-223.847526623	-33.376778503	8.52455918449
199.059583236	-326.85369831	-4.09886539033
52.0199529093	89.7467207032	6.20432091036
-273.909523345	-321.926733198	5.14051510779
-390.945254774	-71.9231168823	3.92895826696
-337.176511346	-83.745125457	11.0519582184
-366.876530041	-208.177067998	13.4769017368
-384.878955956	308.461185044	-0.145197710912
378.992445611	-248.85511671	-3.63810655298
-254.760624224	-104.96693526	-0.288042549327
341.00518079	72.0474513659	3.64756480135
-153.219280531	-108.982252148	4.56435728749
320.110725452	216.388806289	-2.58235193169
110.13012668	107.453350674	3.76383093721
211.462391727	358.469242836	8.78734238689
366.926773946	-273.169571148	-5.47118486938
-254.47559251	-3.44515150206	1.22842722174
105.730155984	243.266137922	4.14299960809
302.597192205	39.7903827335	-2.06836367735
-48.3863660592	-193.015075636	8.65383249611
-56.1023461603	113.37117318	7.13673471096
365.463219372	273.261955341	7.23550117993
-252.090531287	143.986256711	2.92747577088
25.6498200595	299.328923492	11.9525993515
-161.827916087	-151.238191287	0.322395715805
111.355064276	257.978975909	1.16014467567
-143.664940993	72.079525355	2.11861332583
-284.005630853	-99.9405080109	-2.34118731976
-372.585815939	380.104328553	3.76430702288
91.8415541312	75.895852917	-1.52565744085
-113.925554195	-281.642308517	-0.438830040691
49.7229710746	-191.83829698	1.86931838696
-106.118285919	-295.248271345	1.10385743582
-366.995867466	-17.3284236958	-1.02918103141
-303.519701237	177.454395271	-1.11876823753
-125.390960302	223.154059166	0.830510658639
292.289328489	346.473434239	13.6110256996
240.524937417	-310.606715472	5.06163781997
-56.6601930626	-22.8796358744	10.2086272521
-128.896415126	125.541401875	9.17609571508
382.266014959	-289.220554516	3.53099444282
-373.224875481	367.74989304	13.0053220562
330.969085651	209.152033052	4.23088597002
-310.133449757	-25.2575640455	4.32550600401
-294.872084085	395.333518961	5.81464154638
118.185454533	-108.075795477	-1.91223185568
409.891117272	347.999986703	-4.09662575296
95.1489437792	356.000371466	8.08598176293
-369.989799286	119.234134267	13.9579742708
-386.293715218	-32.4747939105	2.93547385709
150.574387535	5.09535246309	-0.311478040634
-98.5323636236	-128.832316635	4.95485620215
-105.546928447	67.3132763841	0.736333987289
-251.92780337	336.323047065	9.9341899313
-16.4580737735	-48.6554628375	-1.29352812009
-169.013549839	23.9435839097	8.25016491717
-138.729539073	-212.067236924	5.3348406422
-87.2375142688	-161.431913432	1.65992867022
256.030824117	245.42015217	9.81675882961
101.220719664	-291.781217942	5.19835380272
-271.354663621	-15.9532943831	5.91563889286
-102.51567246	74.6076877406	3.34025338206
-91.0700586074	-331.827240204	6.44146772939
108.040582643	153.334131346	6.92559479181
-271.367161289	0.617430462317	5.13119809097
248.07627154	-229.735438051	-3.52124851351
-83.4927608934	371.794372462	3.80240845383
271.309400149	-374.541380163	-0.343509985402
-399.237648457	40.0112050148	5.06558503225
325.433548869	-334.113218218	-1.16414731555
47.5707346792	230.280583916	3.48392123344
-322.30686828	-361.150939009	13.4395644889
-312.241111941	-315.509971832	4.77145469085
273.059070618	-303.328777207	-2.91694953097
-131.56501195	392.607466418	1.52092891491
381.525278513	6.71641293551	2.27189504529
266.252234515	181.437284837	6.61091346613
