-21.2459885962	4.51175364536	1.35359937933
-81.1271411982	58.3220156194	-5.79901851403
-96.0739781636	-215.267926088	1.59505517876
-296.08288741	-20.1609895364	3.66453905782
86.2589458022	-111.051515859	4.70680173176
-31.2630445446	244.688589691	10.5646660518
-286.472803522	-38.7858394484	3.15493215012
319.382084537	-170.282457276	8.61115375734
-37.5220281809	273.722750889	5.44473042791
255.336196545	66.6357224227	2.66746502261
104.407688695	203.452899366	10.8581317873
-120.368766347	92.2793476411	11.094918505
114.485396338	198.57209133	14.2695718284
-316.143656186	-70.5070297332	5.40605334509
-257.837573801	45.5082408579	7.00271708878
-18.4395118186	-30.7483247537	-2.38921052922
-313.249745358	17.087411533	7.58207031219
275.253889363	268.68764642	2.59992736208
-302.906028403	-282.495290229	36.6082724149
-320.084674718	10.0466980615	10.3364946924
286.885139919	2.59557759233	6.84287173423
-62.5880130797	-162.226283537	0.144351247371
-147.557090182	-161.48090221	2.54937135154
-191.340295206	20.9206528413	11.9791884282
-213.612138036	109.746770184	15.3617842121
5.4696655237	127.864720799	-0.062695298955
-218.271980289	113.436791656	17.432819272
-82.9150414259	-0.893401222834	1.98392536186
13.7128136822	322.680368986	11.267885574
94.140326428	-106.934207966	0.824972605096
-313.51480408	-25.739075394	10.6482010738
-145.464476526	-30.3256175928	2.35478478884
117.894917382	106.829355037	3.35046205944
305.927598899	-8.91055189395	5.69452201005
89.9257788928	-211.25292226	11.7978326751
-319.369568093	44.7869732486	4.75440274598
248.833050712	1.49896587232	6.59347182314
-281.706463497	207.798771016	14.3516101637
313.8462849	224.80919819	2.98866385168
22.4333835207	89.2645808378	3.60504833154
-163.333162588	-187.613559648	6.12376720367
108.639238283	89.0108676978	6.46697182454
-172.040613532	200.923966879	16.8688338966
-265.858367198	-142.263821847	10.059978689
296.487929351	-252.483406345	6.34820528733
249.378994299	251.233196968	-1.21896963031
121.732885631	-117.660123944	3.27689248318
254.164194503	-141.708729534	7.34681056321
-127.461666011	297.373901998	14.1939215179
-216.537977982	-150.054396619	4.6285696227
-85.8070589608	197.386104499	6.78830555442
249.185492563	-247.068564	2.07042185656
-116.889171463	67.0727873236	14.5445164015
131.524812221	-179.905804155	12.4820252395
-187.975906184	-299.069024201	33.5855004777
-280.264235712	121.742980353	4.07703888073
-173.325394845	-189.081193903	8.36773379937
267.636811625	-267.655231387	4.41425449517
227.950613996	261.935394807	0.512114168693
-60.5709998679	134.731626654	-2.36482926039
-196.590679568	-67.270639677	6.88110496795
125.753317764	-83.3004365575	9.5994547327
-42.1230964471	-174.665519531	7.04494570867
-235.137305172	-163.456876829	6.78983717268
-229.334297097	236.990634506	10.3490118775
250.801857681	171.769871017	9.49163663733
-116.157377038	-110.835919346	1.17000807258
-41.4924220969	-46.0956325857	1.62149225423
294.08780393	-97.3020759241	3.25306228885
-219.339872783	-293.98618014	34.381090892
-161.059352396	147.962129287	15.2400784222
-39.8328415328	137.51685305	10.8672707137
167.958632448	256.18215249	13.9089139468
22.0398603995	-51.177276389	2.95284467148
281.908201088	190.966804453	10.1387298654
147.121419312	-171.678483229	9.38029844359
-64.6070942732	-1.6874817599	6.97630109541
-137.141841455	95.3599556803	13.7824529767
-117.486576669	141.622463619	9.96986454597
-101.257697536	-213.027872169	3.61505215376
-146.636113983	-2.91712551312	1.20110972376
93.0644495289	267.004294355	8.6207281056
-40.8342660576	285.319322017	10.1495808359
-255.12085721	-15.7142951279	8.73455217912
-140.044667977	264.478869742	15.1703123697
-82.7353721219	265.793430883	11.153939614
210.486377567	187.46008947	10.7855073981
93.3643205359	288.563845084	13.8652119985
-41.5399592283	229.40336023	7.8980288378
-299.820669297	97.7798106885	3.08330771515
272.759885648	162.535276268	4.61413837121
92.1726608095	175.769407154	6.128542185
-137.154793214	236.517257271	11.9205148575
297.790758154	-200.07764492	1.71511769593
-234.165798858	167.902837661	20.8530741677
225.671945344	206.880543571	2.38216321589
-119.797200048	-120.302499926	5.17206800059
36.0091657474	-17.4924950592	-3.71799282907
109.338952177	89.3877436596	7.70723272262
72.4581317475	-169.680547097	14.3078038743
26.4032593686	-124.25628651	8.53206304436
-172.347493883	-104.810110651	9.80724831291
-122.964999595	-76.6669069594	-3.56357319426
70.6306428361	-202.223627712	5.5226207757
-267.862977436	52.669503596	7.16414214586
45.591916742	-104.687563726	0.73948416104
-135.207546183	84.7781059958	8.3830923213
-205.113407091	-160.773238999	6.46619496294
172.773555218	197.421228324	11.4376543669
81.9122640017	-88.4808587153	8.55596195142
-67.0977619807	279.648300011	8.37544719119
-83.7520589697	-257.089439154	12.6021420587
-97.4061302828	-224.941950816	3.31004061403
123.669321929	-77.2195588791	-2.4795753296
-83.3111636033	-158.375324951	2.55426673575
265.85502232	-185.196341492	10.7396855545
-274.039726653	237.252635413	10.3892933887
-125.807040265	-86.0148051303	-3.36085578191
57.3949179072	-227.312897866	5.80759446166
-176.344472727	-94.8240165843	8.66830253841
-24.1882093807	191.854338326	13.8338535506
-263.061441841	-25.6631812201	9.86035213838
211.004742804	-293.769607164	10.4950049071
52.8250848606	-113.335632139	-0.244458440777
-241.652411678	228.419023551	13.5190760287
-260.861049209	114.49040726	9.03986330858
-302.865733167	-15.2669201917	6.61457360262
-32.3992453232	275.065084409	12.145054853
102.320878023	-87.5935275496	2.40533565699
48.7721766962	4.93007592141	3.62881140926
-297.797205633	218.80042801	12.3421436178
-111.794671432	-39.9883195731	-0.90720046011
-316.346494977	-67.8608796351	10.0380645424
195.43157503	321.45269023	5.15506158201
-136.478001473	9.50525538429	10.4746388865
-314.377558023	-223.464231952	22.7946355334
-242.064741019	83.7583305744	14.67550438
11.5170275188	-276.878707317	7.62088351892
-304.980632473	120.810984821	-0.412218048972
-226.355172101	-120.124749885	5.10758268985
95.3195715736	-310.075970938	18.0899429566
-266.970369486	-150.86445394	5.27912234473
-208.372457074	-204.954977538	9.96738832886
-294.281235044	-302.295737463	43.2048388719
-309.816071707	-212.504883289	19.4357394916
177.94999234	-193.362920437	9.49521041306
-89.2623089452	-324.154295177	18.8389209282
247.612241939	263.948758413	4.69689768701
102.22170276	8.87825879221	0.510360720212
191.206556467	116.253533763	2.11966068267
-272.341342141	-249.807076547	26.0249909022
-16.9433859107	222.656144551	6.25422624406
174.037734238	29.7132686906	0.893169920764
-84.1992482333	61.6150843101	-1.18673938394
185.787827481	138.555927868	8.50694032603
-180.383528254	36.9931674155	4.7840469783
-111.334089674	6.03416275779	-0.127550358374
222.194262116	-17.9135835341	3.17279717985
61.8025610422	-26.6881318304	8.70715262922
-139.834318286	195.238966533	10.8951018136
315.039184445	-226.282448862	11.139436615
-270.643434631	189.81707975	14.7930900629
-132.052913652	-157.606102796	1.53210249108
-61.7021969662	308.810457382	16.9867799257
220.175150668	168.227524134	7.93728068451
-226.587045018	258.686110029	5.37333907648
262.479642982	29.2444710795	5.42154131008
220.328054762	-123.828753263	4.41420318376
-158.702883758	-165.136236704	7.48524235413
-181.764675261	128.725053805	19.0184835686
-271.765425165	-308.380579542	42.3907539846
280.317847772	5.54919475531	2.5469070022
-195.942416948	-67.4651367246	2.89397598239
56.022761997	163.76270676	12.7922854806
-127.205287213	-323.888858123	22.3644229436
279.61089836	12.6790048256	1.34355994747
-113.730328621	136.772072282	16.638416838
8.38796635541	-62.1645790748	0.698889569073
322.427481452	119.137750105	4.95599964572
-229.206081735	73.3602523274	8.32978534449
30.364606952	-3.30753889952	2.33848348896
-229.007506313	-194.137417357	11.8940510763
-223.459260925	237.119979258	14.3454169892
244.065938416	314.425329942	0.893609737256
-304.241245664	-223.872158976	22.7565662893
294.930454053	-5.54209761743	0.339605046012
-268.772128596	-96.1621182125	8.34837052051
261.520778327	65.6736269798	1.04093045688
28.622495501	9.28984009141	1.93233536618
321.119353309	59.1153438559	4.52433258793
-72.3368741749	47.7282279129	1.25759530349
66.8784924284	137.118813691	1.00654489032
238.844611434	204.335971287	4.99930394231
190.819274674	32.3310795968	-1.15746307802
-136.91843795	176.073141396	18.8978174939
-163.364337696	30.9784448027	-0.00926377327612
-257.888081098	-278.014468567	31.0407060817
-200.87230031	229.390573659	12.0301019078
-72.8541467674	-101.007151044	-3.84819299955
14.8120774863	11.7754550158	6.54904656868
93.2964267894	202.731262137	5.61127473672
53.269271243	-153.796179792	-1.37327859219
14.7331792715	37.4870717854	4.36519997218
109.866129782	23.5041317508	-2.24229820581
87.0580664786	145.61864128	9.03430310378
-233.342701116	179.165240549	17.3342605407
279.46842168	101.167647355	1.07431395343
214.34007014	135.183434158	10.2951348078
219.299351825	-170.071739173	10.073649092
-270.511266524	289.320081105	8.40531849465
-117.341955745	286.56690258	9.78260346734
299.922064743	-195.772220617	6.97998490581
144.769475115	272.202446631	8.93863556076
281.206495469	-95.9681926747	8.15765452436
-43.8635519866	-119.667377489	0.357074353894
-208.954687553	103.503057227	19.0906114267
277.027730256	321.929148237	4.6127404985
58.0917696492	323.067244394	4.39371075178
278.432197676	-184.71091549	9.47919564687
-295.110562482	323.009506305	9.75046253923
-242.867334478	-253.659995647	23.5810366314
-10.866623605	269.912798483	12.4815935307
166.428650569	8.11962083992	3.65818214277
-87.8628186084	-101.879380124	-3.37773633923
18.7354575446	69.2219580755	1.58745772493
249.009477559	-106.879851439	6.73696234276
-24.0349512457	-114.380399871	4.09624180675
-167.669411155	111.204196864	13.7626002943
-291.286085259	215.682548633	10.5831747839
-75.191954436	-106.703931493	4.72848386142
150.033050092	216.947595428	13.5019191495
-81.1140418195	183.884130333	8.01708840911
19.8492107713	-45.06977658	2.09185093913
-12.932220262	-40.8258791039	2.44793737716
-255.869270279	130.091832211	9.56051269105
-180.384488396	4.1829297818	3.02596464951
-178.427152014	-34.276070614	5.29566555782
-88.3568546201	31.131579311	1.13307800275
-263.042688865	-291.17085726	35.6527508987
101.985549532	-105.11302953	9.54486618244
76.4649364938	-130.558766426	-1.91989691415
34.0381617731	-68.9927875135	1.86977888204
-247.07868733	324.134653607	3.6000557525
33.9343301514	136.179567306	5.21207571144
50.2534794038	-67.5238930678	4.35926416565
-96.8470204415	-232.667415563	12.5147080891
-262.930685327	150.760843958	11.1540874795
155.530219321	-284.315853002	18.1117748065
42.4399218953	128.504353446	7.27273792227
68.6223287592	-142.810382582	8.98352393779
195.026863737	262.819287451	3.49565339507
126.446542685	-105.378141876	2.34689670964
-33.9614142693	-170.403283262	6.42537412342
219.816535329	308.263272902	9.36237909039
-160.654708475	-294.832981802	24.1488212138
262.859889589	186.494367459	14.8543854868
-29.4896899842	173.800581714	2.2756473032
-252.791682615	-127.165145238	9.87511090004
285.737307806	280.718700588	7.67216427012
-73.4399629709	-226.521024098	1.2447646796
-136.016386573	-217.604102893	5.5459195102
100.464014542	254.87983379	5.64069462214
-241.185210321	53.8037379345	6.51217899174
39.9617603823	77.8700992488	2.09045540996
-323.848412939	28.4630798321	7.14299253598
280.814938638	-161.706947251	3.19694130682
-169.131811585	123.625853714	15.4814562661
-46.4915317639	212.754147334	7.27340361672
72.0619589081	199.326010938	6.48273579979
262.152953849	117.550366892	6.18374649199
158.045915201	136.375881575	3.28592660091
-27.9653166287	41.0195943852	0.0675400317469
120.155644803	-90.4075464698	-1.41516138217
-104.886587793	-237.511767198	10.027617261
206.645399962	-121.459406069	8.84879738417
70.3856154517	17.9053312721	4.30537102357
299.333178732	-23.1056547987	5.32655062601
8.24197490734	-113.07227902	9.56356574063
2.4650753722	-42.7032661704	5.81304821574
240.288596416	7.64933912231	1.4350497583
-73.9645611261	275.003472123	13.8063380463
186.377565384	-269.410059974	9.57948784486
-144.225173851	119.251966864	14.7922474368
-24.9373077433	-91.1444136411	4.41169865344
19.7445563083	224.452404401	8.08174379413
-134.825848104	116.607908855	14.313615133
213.186990395	45.1906382295	-3.32090799891
-83.7419693286	285.132698016	15.6764496595
280.97096922	-164.787536122	10.9370921968
135.025017159	-51.0112530287	-1.26684225117
224.682160141	-247.034225287	2.75646501857
-59.808882775	-18.9073096421	8.19127270131
-304.163762087	288.567263277	6.71729697295
-103.35146142	321.884896099	13.0973772991
-287.600903737	-291.114709222	38.8207374078
-263.927782405	164.840631079	10.8512911537
288.61921541	-0.0237099349128	1.04000069873
131.60856123	-100.546295864	4.88889352382
47.4857939565	-93.4007661575	1.14518818446
321.63822132	-230.773768149	9.24480727617
36.5164912898	54.6621337107	5.92846735788
-16.0439350948	-27.0689502759	0.848294174433
202.110463702	-45.9402591303	4.66675993264
117.894351824	56.2598980955	2.70365463634
-257.918919798	3.94750237783	10.0488004799
62.7103838438	19.436752521	7.71004468068
-249.568281655	194.969952669	17.6223490006
180.927691775	307.811198031	17.3589102477
-233.08951977	-230.57869915	17.2976533509
-104.784367556	307.548500733	13.5313831388
280.585618148	-124.731992558	7.23643688614
-85.7147643886	142.62774265	8.4135120317
-77.7341816052	156.746421481	13.3846987377
8.87937326587	322.098095276	4.68019304452
-58.9966271166	77.8413204363	-0.992757612327
320.075502918	311.632318451	9.39677871222
266.067656397	83.7204347928	1.54576485943
-218.784835542	-264.25159154	24.3582290671
210.382600174	-285.252882103	11.9628796258
-294.856612088	218.157572167	10.0962073992
-294.515955549	-172.850917374	11.190625273
-206.946758225	77.7771170806	8.23250539438
40.9226969601	-229.620798614	11.2886468868
-68.1760449461	310.649488369	13.4269771864
-261.869190556	-56.3765875599	6.08567914135
111.411560615	50.8313232807	5.6093789803
-312.239815546	243.704768994	7.63370271649
-229.136710082	-276.40935489	29.5661450515
-176.682761406	-306.674015339	30.2537449346
-323.881118843	14.016430304	8.8689932443
159.103158257	260.47541906	11.931029412
-288.862448897	-52.8365164175	10.0537890447
258.899455536	-237.156950234	7.09674321748
3.54193470233	-66.1301948683	-2.02118948551
-235.014614872	203.923165779	20.7092567166
188.02040786	324.455880829	4.53420362795
91.4503602534	-139.358202396	4.27324100411
211.945085521	-181.619667939	7.38778837153
292.8869983	226.5717497	2.44098732585
-114.240880967	243.20107947	10.8914541269
261.15620528	245.067952685	6.08317792178
-96.9402612581	-44.1566088162	8.96224742871
-156.488668363	-250.635490069	15.3603953528
-59.7449092838	92.3748196526	1.65243621843
-147.814606346	-260.220052301	11.4916613685
-37.901088939	-196.745500856	9.80563066495
-263.635911141	-229.011537059	18.4078222973
108.536657005	-71.5544765892	6.20465822762
227.570181327	75.3870744808	1.80105246563
-100.185169001	14.4521094591	3.32907186366
-112.751098261	-153.24373719	4.14721176221
-277.176899504	222.687933145	13.8406326702
-171.352302973	-276.02027203	24.0255369364
-68.6389808388	-179.511264959	3.82384021763
-157.855612867	215.814401965	18.1979954473
-269.1481982	-149.910877259	9.21932195674
212.384556934	194.030114338	6.399296293
-286.425370125	249.704230983	9.21268484573
-289.631219746	-250.41363676	29.8748924503
-36.9574385581	157.960636415	9.7302990011
63.7963300846	-320.430394159	12.3411129221
103.900836249	-91.9169367105	10.0562963498
-85.9526848526	78.8221030104	4.07860210644
-10.5858103622	221.583320989	6.07733636899
-62.0637931158	-317.095386064	13.0676885838
-191.711001194	191.374808213	19.1408721689
291.95640696	-22.607609822	0.331154787271
144.975432447	47.4323514208	2.17187802025
195.51126389	-57.1881976599	9.29138130171
-269.24277196	232.521476001	10.5805480828
-275.837896926	-122.280022536	5.3760519688
263.243117093	18.4670972562	11.0954397513
136.608683659	-289.841865725	25.2520677003
156.242199529	-275.45940383	16.7017178534
151.342842788	-312.196509264	24.8286900787
267.650628648	-39.6496971032	2.52624305006
-235.252120274	153.634225282	18.5892506038
-174.058457297	190.751031125	23.8298781437
-155.504353877	157.957231426	21.0563497762
-123.738142349	-308.967664571	18.7347249034
229.686749691	151.359739624	7.2991228177
-270.445637225	-286.292881385	35.6308782746
235.458680765	-243.20929788	7.46310367342
-153.722139509	323.76408008	9.22129969346
-259.067213798	-76.3825624985	1.87603958111
-125.593295969	-65.8412162792	-3.55009028141
-156.703647885	-170.057617801	5.9144773382
-201.635888308	-195.052545871	11.0234897612
-232.9785085	-172.974847162	7.87545982403
-251.603440599	88.5007924053	10.0814813218
216.169144262	-191.27541791	8.14422065574
-33.0707735376	257.35440382	10.1204597464
95.4599053654	-316.057304806	20.5408215877
-43.491625738	-18.5487129691	1.7088599214
-140.859879058	208.122672014	19.1206139065
-132.558064294	-260.95507067	13.0773818546
-62.2856711599	-191.122273112	4.34810936019
224.958188927	-80.4971607164	2.6975489053
1.42283236826	-89.4181315281	6.19014368433
244.982961609	-288.677370194	7.04193120277
287.566950075	-318.062918656	15.3783808366
156.911679356	282.343067536	9.42814981102
271.147344728	-319.282284794	15.6462273271
110.158334701	303.943254142	16.3441520813
-307.205201431	-91.9915400873	9.60612912064
-198.80159788	-108.100002739	3.33731568293
-64.9330667209	-48.8823910059	6.94552808397
-69.6928383996	70.9480586226	4.08326408308
-290.909138834	60.7574258756	14.2368800254
273.120086556	85.8491399162	4.72624923369
26.8540999141	-172.370342119	5.55928975472
-227.832499717	68.1478633919	12.5196626846
-25.2420495451	-53.3387175068	5.25661771816
10.4810883629	56.5168054439	7.15637162853
-22.991234263	-93.0020735745	0.937320906046
-54.2573106997	286.177933003	11.4393599667
226.08713316	-257.852753361	6.61588131126
-3.27575450797	50.4068822033	4.94837041496
42.2968600482	-259.939089373	9.66665766456
87.5488305612	-317.788589834	16.5335257343
-155.245593601	145.083826309	20.9309239121
-231.27970827	-193.606741418	12.3409067841
57.9980943356	210.840492768	2.88502381467
-259.442907007	169.358356785	13.6802105542
-47.9922966193	200.681596824	13.500073233
-6.94754616042	-263.251846594	9.69958795912
293.770902489	-196.091108949	6.00789918727
99.6832070053	282.488060992	9.51095326881
-265.544161404	205.437710824	12.8017180857
-6.35823292655	40.0250423483	-0.984320573721
-310.786520535	-152.725027579	12.7795522606
-21.0727298189	-105.157194916	2.122922782
172.375313418	21.6730194226	7.67446772843
152.374303563	-27.1821810523	2.31356870499
260.278440359	303.939532546	3.13010803019
-53.1274370544	-151.597510564	-0.83864017247
264.400787574	195.568201951	4.32415878269
9.34348482122	293.334430097	6.76068747073
-251.172996814	215.118725437	14.204002546
14.7172168293	-11.8725757687	-0.280011743698
324.464099184	-214.915404087	4.88320673426
-33.8218245424	203.446705589	6.72354411248
88.3092576302	183.399957288	7.3833546493
277.392049986	299.022904331	6.24970967017
-114.132835884	170.636322785	8.79652371586
100.136272361	152.522178516	9.84971552303
111.589990225	-105.982567135	1.82888907589
-45.7984921353	137.780385573	3.60976076541
-211.167837594	133.224347231	22.8678113543
-321.476589862	-122.233256063	7.60469725797
246.653689232	-282.068879804	6.98371620933
111.39135033	-36.9780417993	8.67009126963
-204.461683833	-139.739228478	8.46860652903
-55.9888612854	-5.51552745544	7.41486889223
204.250567295	45.4377637122	-1.09356170042
108.249985096	-99.187798059	5.24989394834
-318.661429391	36.0072702883	9.90290354974
-95.4998306571	-158.756927994	4.69567777299
-297.265124402	-112.211229903	4.92864383486
-318.035097324	38.5925147624	11.5372859153
103.23412759	-280.171538559	19.1334475103
-324.355654222	-147.517482066	11.4971477096
-216.727978637	103.113575987	15.9020869205
166.979041979	272.899359064	13.4144292311
-127.591698879	120.951963797	11.2422312304
-17.8011805336	249.571079139	10.8366158996
177.144240299	208.750257441	3.1069925022
96.8550417136	-192.4357664	11.7716347194
-304.150367023	-125.802195403	13.4020439914
75.5902445973	-118.641887244	3.26555505234
-73.4771184623	-126.818113686	8.78322394078
-53.1275147035	207.617279624	14.9626825
279.646960853	-121.253466865	5.00446417147
114.170644341	-239.318637802	17.4739516082
69.3646623937	115.035104667	4.46642517477
-178.102976109	-221.472153777	12.1354165386
53.5135734286	208.920350501	6.54410639875
320.536860951	284.966788413	11.3391156044
135.477588923	64.314939761	1.59197894747
41.4198602426	-113.851196353	2.06535970337
161.319042128	-106.475952508	6.35743366367
-225.906243693	256.793202155	6.79483800131
-253.63428485	-97.3698829294	2.98807327771
-202.832369333	-318.563826583	36.5941964939
241.603540987	296.503256431	2.52605618238
-232.283003871	-312.063126388	40.7366254022
-303.332437445	254.403731307	11.0631330737
12.8855212363	-142.615262674	1.57784027797
-35.7240233767	17.1235822423	-0.278360372463
-236.785658712	-96.816950076	2.81401048881
161.108476962	-196.201817925	10.2248658007
-121.922811127	-287.804097784	16.5237854711
-0.610218441665	179.544380997	3.19268604095
-246.391780862	56.9176172716	10.6185757622
-36.9456121136	215.185514371	6.19891976497
-95.8623390215	-158.837467077	0.718461485467
-9.53514154689	20.1410140502	3.12520987764
-259.577682239	107.149926561	11.6904585744
210.197682633	-50.0195066797	2.01232497616
-115.188024238	-242.158110802	5.74474475112
291.041503188	124.511768089	6.55644392154
-127.234270078	-128.738901538	12.8408107378
-6.56639063979	128.940860804	1.50194964396
-114.815613807	162.116660326	7.06123017566
70.2909244491	-14.5165655286	5.71654231634
-222.110919921	-311.47461757	38.1298870265
240.418446074	302.656686608	5.79233888168
282.687148406	203.072328785	9.49330115225
-64.4787644784	234.626717824	13.2560744798
83.7580664189	-200.571129135	8.09549448448
-207.719896574	-51.6433470703	2.11597113131
-309.929513699	288.457680898	5.53506448508
19.3850858789	-256.225856528	10.7683416029
-50.9820844908	-16.4476410496	8.76542866928
172.209993324	164.56426421	9.29493499751
-161.275819822	-58.4088339428	-0.187435925718
-301.8118407	-112.619211249	9.06993122407
277.303944021	-93.5453457465	5.70989427965
-282.377879301	252.876800887	8.5250545877
250.272260621	243.473123535	2.02339768285
244.930307063	-70.5799367505	3.51822447298
-321.114809207	-147.60985827	14.5422436155
293.603751659	128.688640889	5.34869269958
-47.013818969	31.2888301551	7.2834956551
258.143279586	-220.192187251	4.55006490439
-275.756295614	308.432458248	5.51000406615
272.05323782	19.3277881685	1.5758879079
-300.906970918	169.171335885	10.6154127484
-216.517189236	57.813043974	8.79411132281
263.04361541	-201.818949964	2.73622953051
-28.5103353048	116.163362255	2.83360503156
-207.61733523	261.532217697	6.53497027847
-200.423092169	-311.462194713	35.2620712738
-117.526235747	9.85202374411	5.92373792112
260.245480654	-245.144721452	4.84113739555
-259.502942847	66.7643854919	16.1637711566
-161.647371197	138.871797008	24.6042174279
284.512417456	-288.092089836	9.92233791601
315.494285383	137.23966259	5.04351961943
-117.336962432	-52.7010960707	2.11718074048
-29.0768045301	210.206264371	0.549402059977
-159.306078249	-46.7411851773	0.564750410516
-258.270276582	-24.6356400629	7.67406206238
-71.714310176	-164.411352648	9.01060220595
-308.467394741	-49.2044872888	5.36829739041
-44.4908984589	-272.742123325	5.98094635618
-226.486138271	324.952837109	2.04893388014
313.646521731	-157.983932937	8.24759585951
223.256925417	129.234421651	-0.63581939967
176.90930798	-29.2187056976	0.98820949371
-126.228521001	266.77909719	13.4591218122
-256.400541384	27.8665035756	7.95054970276
93.5221639701	209.11791162	4.82640854737
299.328937388	-194.275297443	7.41172523196
205.187131715	114.699535797	0.91004226423
76.1552017092	227.564966532	4.11434783709
-191.713221661	-251.40938975	22.402562775
-313.274229918	277.959789342	5.84968543451
-66.1250361183	294.547574016	13.0101010439
-166.098097355	-20.4854696431	1.77491203308
84.9343796267	-9.28506286484	5.89363036164
176.125648606	217.527551457	9.66325074026
-19.6271535159	284.016452103	6.39868654714
-178.697471625	-105.075942918	8.7756763914
-76.3452970936	-106.067127688	-2.86605986346
162.89588516	-43.4701404282	1.37609277092
-26.0293962102	-316.452863496	9.73286772879
298.632622544	-318.402982211	17.7623969643
-129.153592387	-188.795910743	13.0149378132
-142.245211648	-292.057318896	19.8069985852
63.3400892356	-304.651795861	9.70200855346
11.8617357145	-44.2169288823	2.20497674417
-214.210225569	66.4361986081	9.73178712935
150.366465779	201.301033398	6.00466234145
259.81310853	84.5091690051	8.67859325425
-304.206033943	142.966249367	12.2511110081
147.1953079	314.457299475	12.7894515937
240.561212651	-55.3593788442	3.06163918186
-13.8474087505	10.7063008608	2.52805197723
-252.029857389	-317.657215303	44.0272917301
0.0434121662057	-134.337189956	1.94238919602
-240.652536189	-81.1989315205	8.42899170881
98.4065147895	154.328890488	1.86497707616
289.877428663	-126.815611852	4.19833846919
40.4129037184	37.3119319604	-2.41934497476
-287.579139227	245.376968583	8.27175343188
157.833419664	-283.071929995	17.4671692356
-227.529669127	4.03647065407	11.7958091232
-295.449080153	-60.0753952711	5.43897504425
-4.14295217053	84.1780382249	4.88234609309
106.047184548	-83.3291181879	6.63526726793
286.918286797	-178.290195984	8.3364137912
286.039730069	57.0066570804	3.74402411446
-103.305108339	-106.555176574	0.908489688856
-43.2294459639	-249.316692761	11.0362612208
158.074332186	-40.6499713758	7.78670160355
94.0269021101	-58.1853084106	1.80878003259
-265.122322102	-196.328113276	10.5048264588
1.94222805768	-30.6643473601	0.498033033866
-117.782021367	-308.813780528	17.7761746393
-295.094211899	-86.206258604	4.97144186772
106.93941504	-177.951881099	13.0951935452
208.564922091	203.442950862	5.13954263189
261.149856093	-16.145370401	7.51413645087
-102.450479105	-278.263456713	9.68284043561
297.084089563	230.72392985	8.03956638481
232.141298192	-55.1726345886	5.90207767353
-162.941811681	-64.4925919753	-0.485358893
-195.658329148	56.5554399656	5.59583740839
111.421329203	219.204780427	5.2374040571
216.630832438	-213.470578282	5.36900514224
-312.252218623	123.070457808	7.76765284635
300.781947168	78.2796132218	0.669917689734
92.9282653532	-280.336496379	18.8256186825
196.430010729	-135.225713952	3.15519390081
197.985104203	266.162798275	5.24575440689
-97.9387908648	77.5118700022	-0.365226871187
58.449319258	104.813188448	4.54647430431
-196.905562686	-119.347000778	9.60379190758
286.694733728	132.441683741	9.12196698971
62.6109733596	-159.212296565	9.2509744666
-138.160882245	-8.24995337752	6.46834801147
-125.42377385	-159.354311255	7.67563368754
-93.4371292408	-126.479653767	10.0672095293
-147.583078877	-257.158774284	14.6129121111
102.977303608	301.748379913	10.7243236585
-260.552276105	230.302140542	9.56552127897
-221.498830308	86.7832387227	14.780963923
-111.49754798	-168.284318158	9.19564112787
39.8717189622	73.2054966363	4.62678790197
-183.800093473	-235.833483456	12.9639570318
108.774028044	-246.992360344	14.9943309412
168.502019687	53.4449351061	10.072210865
29.466088098	266.984217844	8.68364721967
29.3665674776	-127.898736257	10.1839080001
60.3684534059	32.421443771	2.31924446324
187.533218751	-222.466129141	8.11178008175
149.588807654	-292.01415513	19.0105673447
-120.58788733	-13.590111746	2.1316756246
-238.013881834	141.245325608	18.1538530657
225.464943908	-195.739317575	3.01136437484
86.7894536488	-24.3978528313	8.12023012022
-207.372041444	-231.15418067	21.2107570625
-188.267260896	-164.09440937	11.3422606184
-315.139542359	-163.300951383	15.0171845115
248.601511168	-64.9838178445	13.0839671044
281.521903787	-121.574917439	6.05003906317
70.2421897013	249.258162726	8.91351998014
-311.452209657	285.299894151	6.71864095933
-284.298608006	-12.9022810292	9.93962077378
208.642169544	96.8591985858	6.21693639871
180.302972388	305.28860924	9.46671373113
-84.7455624011	-96.6555834872	8.70445159275
274.974971001	297.704846178	4.04649419711
-172.68276044	-77.5361027412	-2.33024062288
182.819582746	-132.255238228	3.28356887506
-170.542954833	278.377208978	8.41080105219
299.593561906	-111.909011478	9.62902799356
-80.4654516461	165.568222365	13.9984910846
-101.214573725	-238.234583319	7.30246855359
-78.2558329558	92.3768936016	2.15176104556
104.90469345	-303.263172177	20.8991663926
-235.237400461	135.85796389	13.9599068909
211.292812547	-191.267909187	5.6481189292
-182.278114695	280.35218818	7.59917561958
-41.5105901832	114.379217994	8.19385472728
158.452394984	-2.8453800217	6.30452642094
237.072593095	-117.23875968	3.90485113535
49.6855007809	-309.641278446	16.0016490943
53.2971931905	-224.193351144	12.3930557471
-122.29889792	96.1649205632	7.24550900429
-252.461763186	-243.821049704	19.9973150151
298.942397536	-239.723686758	8.84987005864
-321.348967593	-203.33412693	19.5503164898
-138.373406396	32.5324938823	5.58211343778
-312.90306075	-245.275942415	28.4653203566
86.7673639027	-193.100511788	10.4976936927
186.25708756	99.4866521008	11.4967998703
-198.220772669	-31.263253979	9.96860202397
307.940147695	4.36104409152	1.87983780582
141.920478974	-318.051348586	23.7257568684
148.745580351	-39.4362068212	8.46053754196
-261.165057602	311.345681298	6.68088880724
77.7750382341	257.734665932	11.7024268712
110.568879025	8.06580700829	9.05077649305
160.159135796	-178.040877414	5.22356875114
36.1398514942	42.2053076024	2.85787289014
-160.270679086	-146.853170783	4.70570288467
29.3496516291	-60.9789278725	2.89248990427
202.80392672	-189.782552235	7.84044835753
190.076054707	-38.8079240838	2.28928964364
-320.213934078	-53.0570179897	8.39919598039
-65.4204545056	-58.7334579297	-0.254206902566
116.213465901	-310.486260183	20.4356579224
319.829951059	166.595885374	5.66708597715
-49.2532880086	174.35980195	-0.161019359304
-87.068338466	-72.9435321456	5.99180642363
244.183793936	296.612886616	0.845726556346
-218.260544266	-219.108199112	13.0438507411
-145.990620875	-167.512265177	3.08456281476
203.256598802	-44.0020485351	5.50874047395
-231.439165096	298.348839588	7.3690674939
246.642787067	-84.9072593634	9.08426476272
56.7317914785	229.691704916	4.51507961117
-111.113074892	-80.8523007231	-0.408417921482
125.057167144	240.11377148	20.3528139645
-154.888541001	-18.577534615	1.43742936936
-65.4775220823	258.058885786	8.62380778908
-92.8817023214	173.140888172	9.0057934349
101.154128899	-322.230661946	21.2155419155
240.132342396	-171.507121426	5.48722998682
-60.8082775894	178.635192275	12.7221477245
171.133700314	-320.691945923	23.6892741265
-182.2178981	-143.464748117	11.7251723231
-106.762335671	-115.938718992	-2.59944375665
259.770751386	-123.51394557	9.33425936983
-252.326500115	-44.1754088296	3.95255245096
-284.551217783	248.83427571	12.3318517312
-203.19273874	188.687550153	22.8144855506
224.535022366	150.177237829	11.7599339385
255.107428159	-318.875278095	12.3504213698
24.6139226673	199.576781178	9.11378951448
-299.890330856	319.886333665	6.23015747656
213.697855808	35.8799533471	7.38985061549
153.705745949	317.602347074	11.6103094398
-64.1925031179	219.717281009	13.587791581
221.299161153	-197.430419276	3.19681239487
-275.450845451	136.568210023	4.28922044918
-149.150681642	25.6259466343	4.15272457052
15.5169932057	-117.755687177	8.10222502759
-106.804782768	-212.995177866	6.98743785944
281.50702954	-123.964894257	7.39214984336
305.640246462	-6.07025039205	1.36748303497
-211.400303842	-30.4815426398	10.2513489746
279.218538296	-81.0933078281	10.3746617074
-133.35751839	-251.995077876	13.6189424179
-53.4747910453	207.494253571	6.86850192646
107.395928012	236.48014428	7.33995717131
-75.9901967244	-208.587099123	1.31469393997
-148.011339582	-260.822014409	15.0492124068
-234.551407703	-123.002764438	9.60286211126
143.48836498	255.979259332	13.2360885157
156.64975268	184.884417909	6.15548756456
-9.91672098717	-95.8961985859	1.23689581681
-102.642832634	29.134159977	4.41690752492
157.187672043	82.0757279814	-1.14792406481
144.761182507	85.6595540923	5.36061162589
-176.392563816	-320.596297936	33.2991334586
-32.9183453244	113.804545552	2.95171301833
-221.556944099	168.984299796	18.2523582406
-9.37464740771	-255.114452364	10.6094342019
-136.863103501	233.809835686	13.9169532893
-241.989369835	-66.5392731441	2.85775818541
-299.138983282	-315.498728463	48.5492711227
-280.645264162	-142.677730437	7.35352289219
222.894103818	19.9769470129	1.00977651157
-282.652877049	42.1692435853	6.63925983656
163.573625214	10.5923657438	0.670818558851
141.794564343	-112.06421618	3.85809426371
-301.55963706	324.496648535	6.01356719829
-231.986823995	-307.863854099	37.9798990384
248.773663973	314.923319876	4.18098823476
107.937387912	116.266233885	3.97719247276
-130.701124856	235.704566807	19.6753156758
-296.042979866	-115.049765161	6.39525663147
163.018315904	89.8430323823	4.08919698086
281.680320841	129.616385535	2.7039291956
171.205145966	-59.4917298579	9.6521061097
-228.097008274	173.210793102	20.239264481
296.410731347	234.318757042	3.20324299375
-132.569204985	-39.1407035251	3.2327188942
-205.691578154	-280.447568582	29.1297451604
-46.7253317154	2.78999517503	8.45501618235
267.446391045	-99.8788837544	5.14158680195
310.177791159	-167.178443417	5.75553980477
147.885747428	-47.2917548127	-1.9317292893
-151.783904628	67.7483713387	11.5921651415
92.0404440051	316.684792086	3.42272935639
-307.109075009	94.8852461068	3.98217151781
-244.770170226	311.471756072	6.32393540902
-67.8331398656	-102.96223712	-0.763722365823
-155.188361871	-208.411374377	12.2652345888
-77.3004905078	80.5038664187	-1.64704423484
-310.882582625	256.439420414	6.53621214858
-226.965553094	28.4621380396	10.9302035413
-88.5125677441	30.7181997927	12.9502495863
239.476719533	-118.494418649	9.25733073744
115.705721526	-231.235911489	14.6545719142
114.232254534	-232.148937733	15.5969098704
-153.613265056	231.428156241	11.6497926733
-109.199581334	295.018381436	15.2870184474
-162.444162009	89.7708186134	7.85371046298
271.290865273	-114.329121402	4.94022974975
-253.620147753	-315.094504831	42.5673620874
-142.22452358	0.953127208179	-0.435014879751
109.034308406	-27.9400772499	1.82898743999
89.3857624231	-293.976763791	18.0981843842
-152.010411069	132.241021317	12.1111748834
-110.879925451	247.658086416	13.7121904527
195.373593742	305.695267758	12.5803278339
161.634547534	-249.764568689	11.9787087973
-94.0806655204	244.658129164	18.1282040293
-42.9631155061	-267.772620283	7.99279546126
191.385757869	-200.71198068	10.8107163458
95.5707108019	206.861633514	2.75250380803
223.403224962	-115.5737157	7.64182849169
0.238538339724	268.285250473	6.83236502735
54.3228033617	-193.779651771	11.695107571
47.496471435	-19.2807356266	4.83988869477
-110.955742194	317.344216795	15.1394156378
115.365534692	-219.473045151	17.3659467439
72.4509116016	182.286743642	4.87321487124
58.2396699807	68.7516664935	1.59756482322
11.9335401018	-74.5559037177	7.59151826116
74.4719352941	298.726121573	7.76044993515
-285.270535526	-316.208432629	47.2085623336
-232.118415943	270.655450104	6.32397455197
144.754122898	291.96551075	7.88197359558
169.079694393	-101.325163711	0.662304699295
-168.47186316	30.8130197843	4.48927990192
-6.02541263949	234.408914835	3.84051612143
-217.374130789	-76.5567391988	0.893243699361
277.554042817	-240.480173174	4.12483762005
-76.694897115	-20.9894448169	1.70999210476
-270.502525805	-195.428931674	12.8097640633
-255.485010629	-198.627524054	9.75650338618
164.242984802	-45.4540335542	6.90467386263
-155.087176695	-261.423184441	17.9564085633
-207.059140597	-181.566387293	10.4645754894
-17.7251895892	-294.053024166	11.6657701116
152.809465812	184.734663022	9.44484072557
133.865429155	61.2654635407	1.4599480257
111.840502854	-130.850140527	1.49418549323
153.610178858	309.228999436	9.69932257242
258.655661041	276.406635043	3.28159288264
92.8686557042	-319.927314395	21.4995500757
319.578247151	-264.614295747	12.0646809632
89.2404554021	-190.458308668	10.8278179722
-79.2088390226	219.381436154	13.5810911812
261.421522773	311.241408038	6.28670613237
319.587968607	-63.5880408314	7.98971225049
-34.5191842473	228.661472951	8.59007172274
41.9856936058	-225.597713689	12.9420239295
152.977564459	107.690462083	5.53114080699
-130.672229838	-301.728145225	21.1614129031
40.1285242892	293.322203699	10.0599472342
72.4441885943	106.311269937	5.90000401506
149.907207914	-214.074673516	11.0118967324
-289.665831608	-47.1424173137	5.36458706642
-29.7630133012	-209.826450431	5.56001942011
-219.497623249	110.204514038	18.7008734882
68.7341922611	-19.6735134623	4.96327823056
-45.6828632358	239.533485262	13.9138698405
-262.821229934	47.2727071665	12.1981079564
-146.040033765	-43.6133707035	0.211353418983
214.196195371	245.578446741	2.54504656958
91.4391882223	132.148756319	4.96589486116
122.318369756	233.091645517	13.4194050181
-185.417983159	-19.127561042	1.165596914
137.40772825	-199.261460963	8.30754779084
-274.752828788	2.64443121063	9.61601965394
152.237679891	309.777400523	14.175609764
-238.707940682	151.048544441	14.3438675764
236.210198146	-167.169186944	14.3884358715
-297.095118966	-198.861013238	15.6762133877
-248.831710132	198.393802871	18.3716015629
-322.596287757	-112.27819589	6.20068787256
-168.399911412	98.7088090185	11.9852791536
-219.384943763	-234.637209543	19.7648619025
49.555595929	-25.3054011644	1.11023829969
-118.60280232	252.548549025	15.1492823031
318.103944358	-102.305485512	9.55206118727
-82.4441395457	178.12702812	4.46239118882
52.4159204898	-234.479515825	7.30725571934
-133.541651014	-311.084137413	24.3933169206
-139.283616972	227.075968462	17.849942223
2.3720665296	230.680795388	9.3000839712
-320.747565531	222.546703725	11.2606681998
198.311886788	-10.6568165333	8.4767149275
174.195859436	-266.504016553	12.8721986595
165.982228806	101.059412948	1.76086492027
308.852079135	-47.1517155819	6.3820206071
77.6028959423	299.151871767	13.1512588342
245.719800057	-95.3255628035	7.30815674821
-74.5576672459	-91.4984640182	0.0747882302327
-283.619600042	306.990777575	3.02709484842
-82.1956302515	-230.042433278	7.78681761157
270.504426682	161.485356264	1.37365326546
243.654900691	176.964668123	10.6443872501
-149.56907597	180.298603132	16.4432742979
-182.010630903	283.26116277	8.40924303342
-215.8076257	188.224402354	21.5072237192
160.43324433	-175.29137337	9.9121968341
-141.45510677	-92.4075826316	2.48472533333
-122.909953183	58.3160024693	6.86008183305
-233.132111785	-67.4975741301	4.77603490851
323.291026903	-154.213760643	5.87182915391
212.293942549	-154.654858274	6.09417938764
102.220773526	52.8921066723	-4.96085683511
-276.105267033	4.80997830912	3.10461662725
-310.991563532	26.0336528414	4.84005563936
199.57796041	-205.827090181	9.56102020199
-216.222604775	275.08531725	6.17202977817
-323.511396494	199.979609832	9.25310117971
-304.433606092	142.079364486	9.69874662619
219.365954469	229.301218229	1.84040473778
27.9659808991	-80.8059699471	5.36401153045
-239.656145072	-24.2600157069	6.17003282656
297.922052695	226.617829173	11.5012934858
164.690835508	9.28436639713	1.84384452035
-207.563776284	-199.474430762	11.6443357451
-113.189691374	166.538664257	7.64535687793
260.883453052	-217.948674539	4.45530362902
166.633747062	39.9418138922	-0.359857943491
-287.199911476	225.299305945	12.3571210785
104.509150158	-87.4775458865	-1.58490954034
281.396398935	-261.179355431	5.69184974061
-300.257069791	-34.9388142296	6.34937371432
-106.733011251	-22.9034279666	-1.75824514897
-278.848445351	-127.903229499	9.77077216421
-31.0593485029	-151.242253279	0.981540327201
274.143169559	159.657680912	5.3415512327
137.448907672	-310.434291066	24.1998635672
66.4863773316	217.298633169	8.13010905915
274.753024066	92.4523110525	1.31567610093
103.649701807	149.813423385	2.09504505269
220.241203514	319.08940586	3.38351447674
-99.9912433992	197.043776482	17.3593003848
152.102623806	-135.004043095	7.10607430228
77.3321532905	169.759507668	10.330366355
-94.6957277443	102.272706507	10.9639292213
-321.62522032	-166.840314755	15.7073257827
256.600683232	204.752327096	9.16785219636
-162.485895408	236.974099441	18.3057753393
-161.656459318	151.610388205	18.4292655738
129.764279439	-56.587969454	-0.690888009517
-255.188762805	-60.317416477	9.18822987458
-89.4830058931	-175.893857383	8.52907324801
-294.499610451	206.474841977	12.392875348
-268.184651511	297.507175781	1.32606161117
218.698235317	128.046461572	8.83494612736
216.914596874	47.7146791267	6.75579925462
-35.1582282797	273.321577329	9.42979331785
-197.063985689	155.928217303	21.1780453533
-283.223479237	138.513293141	6.46469609426
-194.002529945	-71.8086660231	1.43116366509
-279.08246033	-75.2491981268	7.82221643749
112.907348542	58.0223975567	2.7525910878
209.602201539	-79.6223636419	4.55149718432
-255.777727108	-139.458437068	6.71249053825
91.1846696207	-135.646483676	8.58492313631
-303.500898366	-245.025306129	28.0359380753
-99.414545647	-234.262509827	10.2588534588
295.053668641	-315.803127958	15.6632225754
-121.478897468	46.1237618085	9.94712004898
-134.836902619	124.151333181	11.8542975584
26.3606535762	195.956022603	10.1853015722
-209.073620015	-208.382919833	11.0987249839
-199.922442908	-183.973553392	13.4943758096
-229.640052841	222.239044925	17.6087933561
281.194375875	-16.3664911931	0.928781489814
-24.4299661952	-280.061288037	10.7128695092
-79.0086304008	-135.778071101	7.56867215503
-246.970040677	-164.028602927	8.65948915304
-174.283639051	-307.409940277	29.3502694819
245.91418539	81.1882942872	3.28871802631
186.52891629	-58.2657704647	11.6442777768
285.27534996	-208.913791518	6.66570346067
-38.5155325343	179.997567988	2.88575078237
302.598041776	-136.435722903	3.51050164768
91.2396346755	-30.7212383094	1.76933085196
307.686706683	286.098573024	5.2244094463
-238.348519626	48.6547190707	4.03626463471
312.044088055	233.973619097	3.66272832925
250.623259885	173.945589601	9.00758929922
-55.3659568875	106.617006372	7.69898500853
303.910595081	140.625823217	8.11722758935
141.488324357	295.079912098	8.12984506252
-315.079378514	-201.474861401	17.5860326337
-133.91282676	-151.049857052	6.94269982886
201.46957959	-47.4426892964	0.932693886606
-273.729389292	-238.095770764	22.863688691
152.857064774	202.465062777	10.9146352947
105.985759126	311.042625526	12.743550093
-151.289206345	-258.02455992	14.9744978208
54.6045139401	-71.3172657986	4.54566954855
-273.972453438	-241.534674667	21.8097390996
-281.118254527	-46.8722735686	10.6298143741
73.6828190069	293.459298029	5.4243650609
-265.534227191	315.010771921	3.75226075067
212.961987546	158.697987941	7.86519576104
37.9320562839	263.20477662	6.21793668043
30.3747780631	200.058387164	10.0176301221
-41.4743791606	159.494863646	9.15626099759
14.7669863772	151.571544632	5.1970175758
-110.916985047	55.1555057222	10.4367840413
-204.824720907	-251.72578753	21.5539269042
134.40548243	-78.7584158348	10.4848771681
6.92283454868	144.277755219	8.36194756421
-116.51698429	-284.511688919	18.6028070269
234.523393823	222.995471988	7.57854491349
-154.841042638	92.4103111559	8.94014980478
47.4844093989	143.747754109	-0.843805271901
-272.951931026	-152.099869685	9.41307606143
-264.096535499	276.81252062	4.96496226232
87.0973709764	-112.860132834	3.1064461357
-106.573908703	-251.033727798	12.8967303742
137.386975109	292.720224539	11.5026297453
245.618316006	-94.5900288563	3.52822742855
262.408776176	275.810162264	3.72921298317
216.60380844	142.530523612	4.05957460984
-242.912563677	-270.984277987	29.2560516509
-76.2315258448	-136.430744372	3.97308427149
2.84256695275	215.891537003	9.71255882103
-22.0924467051	-29.014661084	2.30589307319
-176.392325143	-37.4093554322	5.57199455521
26.8287542373	-147.178933155	1.97302541633
98.7981595592	150.518546403	-2.48174146266
31.9497296166	261.706428188	4.14783381272
-263.772449259	-126.625328859	9.39254703653
-11.9316101222	-221.291700949	14.0643515608
3.57064215108	307.471357575	10.9677572793
-324.020057043	-251.17814133	31.2247250685
-118.201031665	-203.909629419	10.5967852491
-260.015620529	-130.902768304	8.52758615198
42.5677438556	198.440604343	7.10852187811
320.391219271	-295.254053516	15.6050912268
286.699002924	136.342441266	6.32329606876
-297.226724671	-63.6599094871	10.1905443508
-187.214498203	-31.3208816878	6.88681140428
-275.546484496	-193.459308958	14.1285049411
-3.12936193303	175.00123455	8.13487254837
267.754944039	-322.513970258	15.0743897548
313.72906168	195.959337398	6.78370574446
104.996992849	-27.7308383511	7.4744042913
309.481571042	245.689170173	6.17519933397
34.5061468817	-199.482668087	10.8313172835
265.484025	191.588617969	8.21562640039
279.613268282	-50.6001522795	8.91980200299
-133.007689125	-269.407870385	13.5637892426
117.430098153	-234.591965403	18.8461491126
-60.8042106457	184.256273376	3.50963264523
63.2321707787	-192.425938862	7.12665910656
-310.051277768	-228.425788004	26.2339062456
85.8642674754	276.885067079	9.0694545913
-321.791757807	-77.0561329678	7.61632335568
-32.6807532909	132.120532633	4.26904483941
212.74516141	-321.425077795	15.4298359414
-275.825908933	-289.166553936	35.805900953
-141.223894299	189.857729963	15.5714869704
80.8927782611	-73.6855774033	-1.33471214041
91.5844446611	258.767157514	5.93753905106
-114.289646756	23.8916659929	4.37614561683
-259.881142806	-150.618440734	11.8281769752
113.664992715	31.127337251	7.05816524073
23.5933076241	-218.46072774	9.93288995797
-278.448158005	-305.563087834	43.0636243837
-237.588880087	-267.08660063	25.312564709
-312.292404393	166.109664174	11.1086445372
-178.683000726	-271.701950769	22.4470366891
320.861904602	57.428808002	4.92049345305
24.4227767624	-68.2642644253	3.9855115517
-82.9968558088	-221.258148184	10.6184035042
316.102418998	-280.189674449	11.1811501949
-241.485365175	190.661148666	16.3260838702
-78.5687025065	-150.278848994	2.62172059046
319.022691016	-181.461817735	6.98047202202
24.2168073462	16.2379788899	-0.456592616017
-37.4686781458	-208.623504747	6.59666461264
309.931172283	218.926066596	2.08065824988
169.82964632	225.365207751	7.83249859673
-9.70698924884	286.495712826	8.40117492129
-35.6777669861	178.773248435	9.51366111517
12.9697681008	-219.873057194	9.27210132483
181.152700402	-290.434190409	13.705106284
-72.8273722121	-128.219713293	-0.667137626363
-71.0603649187	86.0884796644	-0.324463035863
185.255675949	288.787901611	15.7569560164
18.362274742	111.171021307	6.23661216181
193.488827598	-239.067701711	10.5902335671
-111.452574347	-222.568692476	11.1212913099
29.1828499893	-61.8239039743	2.67430676811
-229.331383047	-305.006902627	37.5493936533
-185.206766894	-151.549878435	4.56553610184
-303.80865913	286.542745915	5.7599108862
-134.616249222	110.383711322	11.7820819753
-96.329643143	-139.65774615	2.90783947618
174.082765848	-26.4694714065	3.34214916876
17.4759795492	161.338690802	2.79654375842
286.355805162	41.774872956	9.41183654644
249.19316332	-173.156513052	7.98641083673
69.3918076491	17.4777744815	1.52839983507
9.6720060316	-123.805621867	10.2127659726
170.478397272	-129.259018515	3.48364661038
-199.425348818	232.924734456	15.7216453918
163.873675836	122.360401501	4.17901026417
106.604538531	-153.851748952	13.5878875997
-125.492394263	30.2491803627	3.24736504404
156.144557819	-193.117283791	13.3533030448
-164.157024825	-313.612672644	30.3500615114
