-212.709951444	300.365477585	7.27011559545
595.40743357	-66.7073289886	-8.71286417126
550.700808844	-13.2589353861	-18.3608473433
-346.073080198	-129.097444985	2.01442492305
-270.197581554	371.401325073	1.10669091738
-212.633828987	508.818309884	7.06254406011
-32.5177519251	51.1366029469	5.4707517056
-178.228528952	-331.58802615	-3.42285823285
53.3188738655	-376.639454428	2.96057318409
3.82295398734	-184.939207199	2.26528304991
-271.385100095	276.767484512	3.55962121875
270.494784676	232.544691236	3.63740544398
-55.467531165	360.98189914	-4.0601185128
-147.353984665	609.734400444	-1.20894478513
590.858894933	45.3308448831	-18.7867091658
-164.029361459	-164.079828181	-0.456862776005
413.321002054	-356.914835784	-0.446320907696
327.635691887	-27.7879612882	-6.56617892614
-376.715469558	-326.701394951	11.8427254176
-87.2246132008	-206.035599577	-1.80121285226
301.132372641	-201.611106253	3.77280186187
56.9874193398	582.068022761	-8.26605908809
-167.811246289	140.590532991	-3.79818038511
129.125602457	141.729561436	2.52553593064
449.215133069	-349.404522799	3.3139329838
423.50277854	-127.700272131	-1.60775604626
137.431868704	-138.26479907	1.69069536574
-274.739368254	79.8064360285	4.63197006823
601.797084004	428.499528685	-3.74717682999
-299.930330689	-45.6696921425	4.49935551893
457.821357418	346.392505815	8.26347324735
-290.062997751	438.401479216	-3.50527315244
539.912675804	512.373801732	4.12506571158
344.385864329	329.848579135	6.00431425638
5.4063310628	580.175372452	-8.35709232924
-119.769059782	-60.0563275429	1.9152894501
89.2445078148	-326.747570904	3.86554236295
281.515756515	317.06440082	-2.07382889692
-279.950887796	396.5956298	-4.39470495873
227.681526979	-360.211863636	-0.19877879154
-179.142810515	232.754169016	-0.894659693468
249.812812961	352.300528046	-0.453619711604
-365.649480705	-284.024864452	4.86467613082
554.378496946	216.246554841	-18.0526074213
-324.561180065	517.052280385	10.66383755
401.33231606	122.294531442	-4.49354534406
-53.3606652436	111.654660291	2.53366378138
71.3578568845	-156.442826313	8.50082417791
-110.520258357	222.330522199	3.51860036496
286.122569534	-88.5804506173	0.000713635781859
-227.784723052	464.601359744	2.93145146927
-187.849604764	-22.3166877116	8.83560375915
170.279731773	304.349826011	2.94126594957
-266.241167528	123.922685023	2.38936433051
-246.867647228	-351.063142653	11.6826951229
-6.97601613128	312.540233865	-0.746987068812
583.843648377	285.0512513	-12.942279938
346.423552401	-60.2970293978	-9.62389615967
-75.3216810756	-185.672179193	2.08130944205
156.424672721	-354.793297152	6.03280592585
300.434021228	-280.226348584	3.82355702783
-213.620883691	-9.72285727477	0.231395244328
-195.06233129	-153.976646038	0.99364726852
185.710137952	500.664640896	0.15688528873
-95.7111962351	467.105625172	5.03782146317
-169.627487448	424.330728411	3.71378053191
-240.918349551	232.30437343	5.77262813109
368.232747585	-177.425021897	-3.89727755056
440.053218606	447.85858625	11.5309767784
381.014417582	593.255119248	0.608184012524
293.164639077	538.099099042	5.2187110897
368.588980634	422.413154222	3.75689385064
560.425630701	214.056447252	-17.0134323685
-257.132842771	226.71449399	0.45224464767
-359.683432254	-268.761538806	1.03889428233
77.6573813391	384.983889946	1.50608716392
-126.361018863	-353.766074284	4.44972086399
315.304105972	483.041097485	-3.85299537422
329.789727045	-130.526653221	0.89796031653
72.5350163788	-78.6762347566	-2.43596987724
174.431125828	-94.1266573551	3.47054423091
-326.702975329	-137.953420734	5.55896648587
-184.904144952	410.812999518	9.08191760869
-285.1395506	239.189471495	-0.950889344683
-356.729401071	-94.7827696845	-0.661042128649
94.862480401	-151.14865452	6.07785506876
-110.058311555	192.836362385	5.61977542129
-364.222372634	-84.6272344885	10.7617984913
284.256951216	320.827051551	1.34625648049
-357.490265404	-205.402857535	0.85852259392
553.609759285	90.9929324805	-4.8634198797
-224.50432172	1.3141156153	-1.19306175478
409.886828441	-54.410522117	-10.0616538866
341.115744142	-66.2909929695	-8.33759724213
-208.682995829	145.926110672	2.18317321398
247.298683966	224.716602359	6.36045799635
-10.9894744806	456.763617587	-0.281435541879
119.663819405	153.528847882	5.00130949433
-319.364329217	44.7375159764	5.32127608359
-121.108139632	-22.8915554054	8.48841821651
-187.410363407	406.801994126	6.43343412978
520.092198169	-139.136701315	7.6796481427
67.5113684421	261.892803629	0.094821847557
355.796559177	374.038875519	7.70503171748
413.077782077	161.622109425	2.97495192795
-286.975718449	419.773331093	4.46236589279
-64.379423674	-155.067776431	5.29661299497
426.882070593	237.585086021	2.64486060967
-165.139518064	60.7890261571	7.83031572796
484.6188184	141.77733831	-0.92602387413
522.763340971	-261.803460598	-2.95111979346
169.992010623	-27.0913259034	4.59230724253
75.9464668015	-227.823814939	4.50503358974
415.996554137	414.546068294	-7.0968329174
80.8619025799	-171.300060455	1.9098696873
-308.218315467	442.396299702	2.46449232635
487.057809192	-127.613678083	10.8306490719
115.722957238	-4.60661819962	6.21049542476
-55.5844075119	-174.072327675	-1.54718223797
514.368921381	406.555388409	-0.168757863321
-224.001909864	482.805000081	4.94155001064
-137.765790625	594.625448307	-4.48371385364
521.29835715	24.2422759321	-10.7714451058
-347.607105022	401.069665115	2.19969897169
586.105152939	256.009041945	-14.9397976276
-350.70082845	600.904847415	-2.95882293059
609.629252876	-261.950541942	1.75694588794
-373.799784212	204.226826899	-1.63093294758
508.425148944	465.317726917	4.75184338741
-91.0382288253	32.8775373479	0.827117324079
80.7389414314	110.387931029	2.37372166913
24.2125566289	15.7894508927	2.04619533877
178.904490673	-161.968379797	3.30505390642
35.1441055767	13.0658971266	4.86742780923
224.066383508	312.545393613	2.65279820045
-220.829395376	173.711454594	4.99479778828
8.21967890418	-25.4388441187	11.7502765867
-137.089601378	-173.82350979	-0.829124012554
-3.03425919275	-187.407873122	8.68251594499
495.622666864	463.402063754	4.48882153269
-105.739751899	192.456800268	-2.42571000577
363.602731549	244.801380772	-1.95715779677
-110.70805463	417.670127815	7.38075427519
428.790671261	278.183082282	2.82958501668
-40.3834134984	329.955529586	2.20408755055
357.995726619	604.895334897	4.70280643995
-372.892390735	382.553584986	4.54621976427
132.625751523	460.68221339	1.11323967986
528.29946149	566.434633538	4.39113140254
-376.368233098	40.9940670019	8.19880766136
-140.534811237	-278.17833375	2.07137512644
70.9993724517	166.884929698	0.941642001434
-49.0967842161	139.975024646	5.08576947829
78.7475678609	150.420220356	-3.29663169299
175.561121853	374.161051596	2.46893593864
293.164151164	590.216852492	2.65072295658
497.147990456	78.7388328213	-2.66670974726
-64.8010959552	54.4354523657	0.319153316356
-153.602396768	-95.4689543292	4.08934180317
-2.72218982211	-129.85951194	3.33210906449
307.352948045	568.54522942	-2.34328347498
-97.1720575928	-14.8675976681	9.45681797915
-206.927605696	-303.211331299	-0.476486105481
522.680601022	-67.5837078782	-1.922482284
454.217724867	-126.119840216	6.61807986455
-309.935531096	-147.468519376	6.67219860602
107.261735925	-183.352311938	2.41780866067
-71.5002797831	-173.925378504	4.00170548067
292.949188048	-341.917552585	1.56116825698
343.420414951	-64.9739969625	-8.73292262327
422.125685603	543.581448733	-1.57498177265
-46.1010681634	443.057147932	-5.82342096272
-149.090422241	-313.1144317	6.36957205187
342.387034801	367.38272466	2.29211474694
71.2474249102	-243.027279564	-0.186338112503
-266.452942049	234.881774837	-1.20510424323
269.979870786	467.469135209	6.84940409566
513.120226291	-5.65646774823	1.4048013681
-245.712280869	538.340276164	-5.95135634073
-204.554569367	-198.217629062	0.176243825766
-119.026016013	42.0225668204	-4.3771587611
-68.1294145973	-92.7956120402	-0.0043184885948
583.343227582	188.757223773	-19.6542296835
362.155909731	286.169595026	-4.84659179621
357.211555395	338.129554416	-1.95036109647
507.29575441	147.36542617	-4.49500008374
-139.556564736	589.320593284	4.38271637971
-306.061978781	-5.03620445771	2.29664372735
-303.060241096	-20.806056967	2.46637456769
-262.674644595	-168.685406101	7.33381779477
122.173275081	332.135501805	3.63377542372
116.944856695	119.459895163	-0.509653100644
-105.875175335	-284.545421085	4.08555357785
281.928426491	-310.101349017	2.54229808495
64.6895360482	-361.552440388	-2.13990348669
441.791584109	-77.9386713994	0.572023210322
-310.905684353	-83.6852890432	4.83071909028
408.304939871	481.921772842	15.1322736788
-157.100188398	474.389799279	-4.39115887373
322.500624187	-5.65746917222	-4.51783764657
-2.65898586854	-320.382457581	4.75732447851
92.8593499782	576.892033131	5.27889905719
169.757802324	0.0892520559923	4.75623292763
-310.768501273	240.131987258	0.861952869056
431.697292573	219.040390665	2.56247022748
-217.95790989	-77.0220262783	7.46692685804
-152.691412442	78.9842263006	4.18167720439
-362.520968638	-82.4401911355	-0.0433061879703
263.553567393	183.698802442	-2.54219130613
542.813451769	-189.568583207	15.3277808243
295.282827223	-133.114922156	-9.64947408523
-47.2256834794	504.637384101	-6.81876171922
78.4430874873	188.651145988	2.74617772491
-192.557907352	-96.965830123	0.667003115016
-180.2044176	484.43873023	-0.62563952145
-257.258139433	-84.2624731822	-4.2498043148
606.675360573	23.4142500008	-11.4994141273
180.610316803	-174.150317572	-8.56350168714
-132.52731297	-207.660128858	4.61318280402
-48.8030409034	465.478764066	0.815603035392
-100.855992931	-174.328661372	2.89611533595
-317.838034991	-252.999842485	0.553633685571
394.404400272	333.315498922	5.39859595234
-244.641769486	77.5598884739	1.98614034275
-290.349492506	90.7211078471	-1.80444498439
13.1150146776	485.103522078	-2.01378193616
166.170224586	590.981032049	10.6993907678
53.4809757814	58.2656849874	-5.56775684756
-167.650908295	-149.77561027	1.47648954735
-357.858226604	-343.413287036	11.6299754668
-218.445925237	399.769046533	-2.3215244357
404.556943593	38.3972882737	-0.259962939465
583.750394012	-230.50455682	-1.86614312884
2.9486585889	559.09328688	-3.41908137285
-276.284612975	489.655666121	4.82595567403
558.682872454	71.2629885602	-10.1135573758
422.924998203	-341.336108146	6.77447684493
112.077293595	159.18230158	9.26291377057
334.344755331	451.067858854	9.68145141214
-303.0227483	-297.986014732	2.32056059126
-84.4291852948	-35.3950794237	4.86889126914
585.092258307	481.06940381	1.81750343625
193.248583318	197.905378697	0.463569166008
369.946052317	91.0771737445	3.76738133185
234.396077453	588.414767232	2.31447215016
-7.94241453811	157.607189557	-2.68029244195
-88.3765454206	326.867872077	7.0844297078
485.977315347	-191.599655766	-0.467608740188
147.323952234	352.430727386	1.66183048894
610.744208505	-134.782305938	12.204192956
-292.503909272	556.508572657	-1.31541359098
142.063008437	-355.416982086	-1.4174485719
-124.115156284	320.595537297	6.45310594671
121.637074649	-25.3483000655	0.139668867546
359.64790545	551.482273747	4.30744984301
285.361506702	43.8234983153	8.06359270568
66.610810718	-122.636166639	1.4513552614
572.99518563	-220.632451687	-1.03807524323
404.071817662	576.787385901	-3.3576444449
471.566508718	155.994248705	9.09831462049
-143.019266564	602.212762454	-4.23775441466
-78.990779626	-125.432239676	5.24239985481
-304.244380594	384.226075852	1.47844801076
291.931797669	155.901491	6.6106866305
-293.76446733	464.294796989	5.44494024384
-41.5082271817	318.467046264	-1.81806151204
297.157648856	224.968482856	7.49324910303
-72.7228646729	146.94194294	-3.79400164428
42.7370235797	-243.081583706	1.07202999662
540.070286831	256.837970842	-1.34622296518
471.34780337	593.973015733	1.6034336796
335.852107557	311.319379115	-2.74495839335
467.96099165	346.532524294	10.486194807
419.146176017	-362.20663714	-2.03082547178
-86.5384868898	-224.748802931	-0.331102967623
331.102278901	195.165628357	0.480701282521
543.493397197	-44.5015030403	-8.66852998584
270.494628046	-202.532037995	-3.17135358326
574.346886286	240.668257929	-16.0092984391
128.726518831	218.335052841	4.31943134437
399.828694593	-70.7010355556	-12.7852768385
-360.323172874	-378.909822596	1.31876929664
228.249009962	-358.685007038	3.3719273629
-1.35976949943	-61.7059101538	5.18560960688
-65.8879996277	-63.5910765142	8.81271086018
113.045166207	-176.08738431	-0.889002694241
-363.124221374	274.99013869	6.88409282727
381.463340139	-257.440295191	1.78953571421
566.16914406	-208.923643723	10.3770618006
260.566592224	70.8695500991	2.57167374768
173.112111743	46.9363481473	0.511484126897
-176.296284951	-262.853009605	1.60141329217
-24.9053440997	-85.6195953673	2.24932916133
485.710763382	584.243326063	3.45638501589
125.883406877	202.497287118	-1.55864564825
-33.52955021	265.485576064	6.51197411594
541.984875685	569.614822191	4.27499413665
149.825387305	-339.930763302	0.165688630957
-180.348547328	77.7196172691	-3.35141919144
606.759424538	-162.336955144	14.0519412878
463.747368833	-345.177881278	0.625375024217
519.718687997	447.562648165	-2.07997682153
103.015089284	125.388259124	5.9612035083
447.618830805	468.585832122	11.8395518323
510.851073003	-52.2077281123	-5.46102254564
-297.460574982	546.564835244	-1.76486599991
559.590077482	113.622492971	-11.4932832877
400.893104747	-54.5070537793	-6.14033156272
-221.103416855	4.39930891382	1.95372755046
333.546810873	-192.211614653	7.49054598985
-66.8549324524	160.199208151	-1.43555260896
332.430369908	-81.8016291644	-8.54992702743
-141.449079788	436.004063571	2.13235317586
113.954221237	265.893752614	-0.634861696553
415.890778521	258.934153689	4.41413942939
72.7578825208	567.473428878	-0.802395755243
132.128660853	456.353706255	2.66005390435
537.837418	43.1844991653	-6.56306679853
-80.192102641	562.980134624	-8.08982257349
-18.0057667451	341.239208766	0.753651020833
-349.927675258	-370.558179	5.6340053804
316.44220013	-145.762258562	6.87529028614
-185.424545649	-244.12257746	-2.19391161452
226.541106617	209.457106689	-0.765144235461
201.26025892	459.889181647	4.15566012576
-302.126454068	554.433298066	-2.88622085901
-264.586903507	295.909110166	2.46158241795
136.85730086	550.727756549	-1.22473842552
-210.192635184	530.026368373	-6.99777363074
278.831034232	-371.583024691	-3.54237466805
430.241448682	-229.649675067	1.97615485792
455.387489961	235.256888358	4.14715125046
59.8150290271	446.552222392	7.22686363992
319.07450517	-68.8637119031	-3.96865105336
118.868579377	310.864757559	-0.342313200474
-197.138118854	19.3798158863	-4.33406378134
442.989122806	177.674653926	2.92388719339
-210.752048811	-261.532843781	3.55587002969
-347.152585281	-35.472459499	6.1814638573
-40.7788371931	-111.717959511	6.79657539832
-197.356896844	494.667577444	-3.44654365612
-306.596346408	-164.781903357	8.16956379666
-203.51595576	134.354422366	-2.16513220091
277.570224875	-376.462932183	7.19965946449
-194.061136595	465.08390219	5.41177291997
-285.025240305	202.103735272	-0.54301797295
-322.599840904	318.540145457	-2.58554861907
-304.532258276	152.751065875	1.57358928652
-121.505876077	116.436247559	6.54664003648
-20.5142265119	-319.753827658	1.31433423698
408.338316596	-348.826902358	1.0776762682
-305.711081541	568.734764026	-4.84469102629
185.9266021	-374.384512583	-3.52557475499
344.654967438	-302.333527525	0.995716364127
-222.344964687	-321.433054317	-4.72195785061
379.611120035	199.642210137	8.31734549375
67.1568021801	476.595654961	2.31120422967
511.979734136	-241.000755324	-0.847729100808
100.932691994	311.649419918	-2.07036432141
73.5009251084	-7.07474206008	9.29301566387
-221.850880778	-9.83670545131	-0.701668621741
-13.6856462462	268.678748481	1.42557340427
-52.3715145195	192.168742838	0.469874407657
-89.0975747797	529.082893301	-4.89451288855
-309.634058107	481.243310504	-2.46821179277
90.7720698599	-354.964682905	5.49157337027
426.940796868	-91.5064954128	4.63905148413
-334.068581142	239.303066749	4.3658732468
-35.1928639054	307.527157078	-3.21950667734
-158.867273835	302.05096517	1.84654660484
466.507344672	-174.381511597	-7.7630650628
-148.538773073	439.127970591	4.05078942432
197.135976422	563.234943136	-6.27430239576
-47.4952336086	345.940642228	6.03270651963
-96.5375299001	351.864995626	2.23094136487
51.3828723639	-293.289966097	-2.55222873283
-308.166024341	-138.037524653	8.5730673785
-114.686718457	61.3452339011	6.4638028739
270.213073731	592.512058423	1.56256176291
312.213441306	310.126273221	1.71556734709
-277.459220593	-20.8123724682	3.30678143862
130.663114053	187.159347638	-3.25580043724
-380.49147697	499.031517197	-5.60863995681
-298.067365996	332.507359647	9.82406177487
517.412756524	265.027037425	-0.835214388699
115.9646797	594.296716155	-4.43953593394
312.568094872	472.541545785	2.46607117823
-128.154158858	-7.77339697893	8.32436804799
582.050261519	342.53016349	5.0162202714
-222.028253162	530.06391586	-10.113305365
397.925518111	319.493746001	2.88804436287
251.424858581	174.656575061	-1.63225231619
409.610719399	580.068557244	-3.53771763035
599.364772776	-209.101672724	-4.1974969915
-361.067286087	-100.712245358	1.11893202094
386.903122156	-219.074733585	-2.49802317821
398.939703603	-182.037406887	-0.369729289306
391.382036977	-72.7523825012	6.7595792456
326.28674609	595.510870375	3.28911068376
21.5438651796	582.495832728	2.331117096
252.550103568	239.856720685	1.99911454996
-286.940848813	9.88965502986	0.894654198691
560.193278603	-85.5275187132	-4.88482404349
592.854887261	272.391537702	-15.8111081508
-70.1477778396	-370.379659942	3.13284190623
-300.833534579	123.100415377	2.19639401531
180.992813051	525.836135776	6.38614802515
131.680464774	245.250320337	2.47808942293
-140.818065856	-48.4843259161	9.88049819743
406.1723157	-38.5395176552	-4.23735023615
-152.971497248	423.757279831	-3.22393051474
170.37355055	545.276836463	-6.46372525174
322.096355568	-287.43829036	5.57671138287
156.621224606	438.334984395	5.00588286821
-41.4001807754	-175.082884812	5.57486167166
-36.6328691383	287.915975964	2.15356118707
-255.266839639	-2.24951898822	3.00733054895
-315.471862765	5.30335815106	-0.252270352385
-115.383655979	598.718307144	-4.55241850219
182.832462734	300.599693848	-2.84927322079
146.56051786	-204.79001996	0.73354427805
459.554379698	-194.605496243	-7.31957309639
104.573952777	-170.144952933	-8.06241418575
15.0493865968	-299.8594553	-1.89882758963
389.709163242	-70.6440208054	3.53865719467
-380.729220362	473.892090402	4.41226301374
406.419519505	141.107736004	3.06704584583
239.792506051	172.856351435	2.65724431164
-316.438590634	-305.560955655	3.68704134911
-173.629633284	11.3750609992	-3.87337395328
64.4763390882	90.5578984686	-4.81108299605
-178.241747247	317.468416019	2.38041538107
602.072294351	104.236372175	-21.9630657983
109.183083998	216.987071455	7.04368503186
94.1424733793	-238.590799281	0.919610801556
513.206934703	54.2463403064	-1.33126089186
-95.6705154023	30.7783044042	0.308858868467
-6.05838959902	578.574977181	-6.60219607685
-270.246651138	169.356549659	8.58743118613
346.413003296	4.92703046641	-2.04344307842
-373.844686727	-129.944838375	1.28372340133
-340.531879891	-86.6874765336	3.8677707116
289.415018542	-87.5303226072	0.174842070185
-116.515463863	112.43853324	2.3766384644
233.041658906	429.141322438	8.37791664022
307.725588454	45.5834991434	1.70558303425
-241.158028361	-185.18954859	5.71631258654
296.523608072	335.824894695	6.16344356086
-367.732437485	-171.085422087	1.33071135459
-288.74545067	289.037288567	-4.38982181152
1.8968652	-46.4333325003	1.69827395291
336.591868261	492.730827247	-0.186146161901
-56.2236298639	227.201931635	4.51359315933
217.333224446	532.378695533	4.05364919802
417.66846211	-111.546224803	-3.20790306457
50.687977136	317.57648882	3.44410184936
-210.046375942	522.336666258	-5.78401043445
-29.6265199079	-247.964614715	7.5407135305
23.8991820752	591.007646625	-1.21139712386
-106.205199526	-135.680018932	-0.056003001716
-263.302174447	278.459697313	-2.16238402751
-123.875900926	-262.65213936	3.24468926126
150.2255426	324.91746775	0.870887552646
557.558335087	494.621138901	4.58288182401
521.874343386	-301.609419197	-2.65208706193
-16.2060567606	111.626508954	2.25800492412
371.064983749	-244.027325936	-1.6449115852
-295.380329462	563.079530605	-6.94853994783
-242.181476128	-55.6128955351	6.60234683697
107.530170676	299.035584383	8.79686436977
-304.035840777	162.347975177	-0.0458465917021
-53.0903201563	-201.497975707	-1.6209529575
-378.925393834	196.440379975	-0.855355708528
-92.8197772023	-216.244321589	2.60919827499
486.699843903	-345.206831339	8.55993013479
600.895144666	-302.207401489	0.878165653395
-248.890961605	495.520284016	2.96760229955
-324.523057667	48.7713432259	8.67688621081
263.619391327	592.164857484	9.13709076293
-222.393787343	-350.237057565	14.1076914117
604.633799687	307.178048694	-9.88512576269
-197.099462614	-59.106120603	1.95860263007
241.473197152	191.092283219	5.50385112642
58.8908202635	-367.442847286	-2.66152597133
460.246068614	-228.754316031	11.2350271499
539.981333438	-232.873961668	-4.34527895457
53.0098381261	-82.4490161226	-0.36674396059
423.746124264	-350.476051315	7.20872944955
281.445734511	211.514756058	6.20245028364
168.825959929	213.608509298	2.44068321285
-331.377088399	-368.955856237	10.7039259258
340.507083085	90.0990847429	-0.0687749643249
566.864792221	551.324509374	2.30180836048
592.140076337	527.316984183	5.4935795307
-51.832533113	59.1387921798	0.382571514077
-165.161115127	566.55576826	8.83873689691
-245.180761276	247.013693463	7.03646146266
603.789864002	-15.060557774	-13.0523960058
-287.38549265	-13.3511568775	-0.295270355435
125.951458164	-348.072821317	3.35609082248
-198.15037662	-312.358563432	-0.13501428941
256.052527428	470.073190645	13.6446018208
343.869018469	-254.852800287	2.04036524301
-349.21776919	458.118408241	0.849890282077
533.449347301	322.790445436	-2.56768132264
196.952394408	36.4822305961	4.63061850692
347.335938829	342.876898066	-1.62726152375
-1.01073239649	72.5945569773	1.05465874557
-92.5559321504	91.0903655085	6.94215438413
99.5617457151	197.899535185	-0.699616872088
267.678633375	158.237299926	-2.21855786618
-124.518959842	126.473266274	-3.40216768753
-65.6664177931	95.6271546685	-0.467317386843
333.404381243	-236.063891293	1.76509842774
-15.8180288254	217.868142488	0.874761851404
344.937361518	-321.303488891	3.27954684536
24.0778334409	319.701821155	1.00196903188
-183.278303404	-170.900607918	4.61480606425
-149.410738613	463.992264408	2.01520586982
-179.041569859	19.2112948991	9.68842475049
-60.7862695494	-69.5718125263	2.80484212458
-298.185721864	335.603697083	1.07832974679
396.95617306	-376.712154019	-1.39384222529
577.772025865	573.669279155	2.86819100708
609.004009101	112.813606808	-16.0895151927
68.9811990547	-61.4935377554	5.16636919862
-222.880597921	167.47897637	-0.734485013527
-57.4006754547	36.8566457808	1.51794717893
15.7426363489	34.8835742421	0.726315622475
124.998710821	356.546900625	-0.576888069114
439.875674303	-213.601024746	3.58991745261
-338.747535241	551.211486013	5.35249541456
220.953593879	281.124870547	6.74255350041
-302.72769915	309.255244443	6.92843836502
483.031670392	89.6606714504	4.99651196903
347.445582234	405.066692492	-4.42520593303
220.003369226	183.991017784	-2.32629099025
-365.20350018	-251.517473549	1.41982502127
457.254366558	-319.065816191	5.33656337544
540.429752947	524.223985775	9.46733503844
385.995745666	396.814279265	4.04929113033
-128.065573019	533.596302241	0.677765694737
255.174649177	38.5673468914	7.38795319032
444.988415236	228.48761	-9.00378267303
-262.586321816	111.535338141	6.89334990802
0.336600355811	-255.939502125	-2.56579958534
-233.754725327	129.306581333	5.25073445023
-53.3911490363	-282.57804671	-2.22300466862
-212.202252876	276.782607947	0.522115427823
147.428049074	68.9127758935	3.80765766593
425.355758131	-19.4307879943	-8.75853094873
-287.179028508	-221.280493307	-0.382696913706
-129.921896645	-182.368573809	3.36350262724
236.762441646	531.665306663	6.03495357133
-177.036480773	121.515008309	9.41696411864
-290.720790636	583.177885103	1.64640307991
281.415552679	154.235247897	0.780650197113
-53.2072855604	-115.375479953	-1.28510415409
424.676221465	236.629323825	-5.05517466944
228.732736138	-158.419255476	1.65723522108
-12.6447161781	323.529116782	11.1724410275
-141.183449328	35.2022253645	2.19644535061
-24.3579751592	-181.410499366	7.42203106134
475.493389889	244.218729168	2.83312907683
-375.568373178	251.299150983	-3.48417565881
380.574398885	588.934426226	0.695425396306
-79.6594227929	106.842128312	3.61106663767
-213.561468031	56.446777747	3.44916133405
-49.6326213996	300.793759624	1.73445244319
387.85203685	427.006888151	8.99039715237
448.150653434	222.511924274	-9.3253122223
124.891544161	46.6699719694	-2.4243087532
-219.517636343	-274.987655206	3.20323483155
245.39914859	468.579710533	1.54299997263
-375.090313849	35.2786630178	0.0527060621789
497.31825885	-168.340596471	-9.99818633361
-345.441569196	-76.5146382309	0.902332150442
-79.6676266795	-204.457236617	2.58880956235
-347.660454152	403.811122587	-5.26588843761
285.639433774	67.905225342	5.71338348609
-43.9757710523	459.334297398	-0.454970699773
528.201593185	-226.436849375	5.05779294242
126.766360286	393.831157094	3.80847539057
467.878184491	-68.8341340232	0.579892488152
213.738812531	-296.073658858	1.23490847479
-172.056732478	-47.937517843	2.57014773132
329.180661606	-121.831914544	-5.07284595712
-326.036424288	575.143283753	0.274682203981
-362.83602947	-321.021254366	-2.9415219125
-25.1238058679	-63.884532143	7.56621896679
-257.178204094	-64.5919968637	9.3334770665
27.371372923	343.432091073	1.52142130777
-273.26916859	-96.0681346532	6.66415671788
-206.227361184	486.398989	-3.63228775608
-138.051015539	-256.303448699	1.54053515471
-138.371027228	265.9947551	-0.244660904776
-348.393605915	11.8493021646	2.33090335992
79.6009241141	474.655498483	5.20354254614
-233.312497285	605.120529239	-8.2080595091
325.76897727	505.892524476	-1.18989450235
500.97133051	80.8482571215	0.188359722224
541.414526965	-247.781599106	7.73493726586
-157.385157329	276.82418359	-0.80159209589
-230.484029404	565.813151905	12.0534147424
-141.383940215	-297.019489035	0.808015729089
-285.620943944	610.173231067	7.53037215144
-27.4289681155	581.46666746	-7.07447337696
-248.193486737	231.519199289	3.72081703292
402.742214836	227.62770035	-5.59973502412
180.512697045	-185.720691076	-1.36455194296
544.029616701	58.249516586	-12.3429307771
548.950105526	445.850742231	-1.8497891345
199.914301536	-205.792326228	-4.94153186989
562.53829392	135.867392516	-8.40846499574
208.056291079	-6.63659419694	1.09893582298
165.146009939	420.671061887	3.92583519277
566.780574019	66.8232610348	-13.5227295941
-365.764241641	-176.030547822	4.14051461676
-66.3678356297	118.029962121	3.720402103
-300.348899224	562.908295007	5.97061982988
24.7863775457	462.166871232	-2.76764562114
587.242606524	-41.8783336986	-4.24224381595
221.906320308	352.379879128	-3.06602492738
499.709146965	508.926624933	2.80149594285
145.427075584	-79.4486143864	-5.00062402312
278.45467439	9.60922659126	1.70664174366
605.489504285	469.184968164	1.23538892186
179.88790137	-269.321956209	2.00248789976
12.7777142893	551.129132199	0.359873043355
-123.957202258	-369.533036368	5.19054342772
-4.06239316025	-104.01801655	1.39549093827
146.176820609	452.247335565	4.60383300497
-242.422151463	184.367693918	0.936764361044
598.31500413	-283.989557777	2.29077479248
412.938734035	135.131127666	-7.37452676505
537.794784494	-213.884187114	2.80499892106
533.033713932	60.3022277835	-10.6789533691
-95.4389620251	139.693298428	1.44189651292
188.785138654	-39.5276052687	0.203396426805
485.821529905	250.57193215	7.55441355684
-134.474056798	58.8183699591	-3.21957532936
-169.920135996	-247.613954768	4.1989299645
162.070897407	277.037841202	2.99690978015
517.151224162	125.931634008	-9.28265625705
304.846751216	-344.604097755	-1.5527263155
273.853922297	-232.949306915	-4.39830621199
-3.35907304243	20.270525785	0.638849098921
246.903139064	117.855154177	5.85277515898
328.872342892	76.5229674666	1.74135484564
231.442615935	226.951782435	0.162625813814
159.270038477	-118.841641886	12.0743195916
474.737828481	-368.256849384	-3.46972611789
561.289330298	-374.331820055	1.68786543609
-264.341620397	-204.587273157	1.77174713351
161.338991915	274.647193747	3.34433958002
479.204473413	-368.008864798	4.60024769565
347.052733227	-346.46652796	7.42018388979
-161.800228841	244.618782164	3.75274356753
471.228476801	104.461445672	-8.47427036587
-368.228949689	410.151102719	2.13236458705
-195.932519738	-65.6369724182	3.45391985074
-147.708564648	-126.804670791	0.91590050784
185.588680392	54.1674356692	1.86690133245
542.10324109	-282.034521156	-6.48928064755
-45.1443974779	457.876604664	8.33707152336
603.393945949	455.907557515	7.80397391154
337.898397816	475.714290446	15.8142845361
154.234152081	476.574795876	1.29387400194
355.586463709	-34.8392472059	-4.36762675256
-297.062155468	192.70549862	1.46120306183
-146.246113206	347.628040044	2.09752615291
-8.77850938001	482.173062876	1.2896949764
68.2053475355	437.802625195	2.36286625545
-12.3408189983	-102.147279433	0.408603587228
-239.224168919	-240.737799367	5.3033819839
463.784276987	106.045118331	-6.62485172252
102.429619509	-78.8641202671	0.431138171429
-224.837362908	379.556854108	4.605540918
140.405774665	-22.133076895	3.01682190589
-346.515086304	-337.146238394	-2.22229825427
-348.527088714	-298.63415165	2.50941714666
123.516812533	34.5159236212	6.93441572635
596.384579169	339.245433371	6.14773729323
97.1366701484	100.320208575	6.76917300953
174.166994327	547.05136373	-2.72630761012
555.762032698	-256.226969931	-4.08097343292
-118.424596028	-289.38706875	6.88809862659
-165.375392859	3.66553263562	8.40242890419
152.131032944	-361.674919375	-1.94300648666
-194.401770533	121.455475777	-2.84530012788
143.91904015	61.24450062	-0.443155951974
608.468219394	113.242088367	-18.5251639992
16.3006678346	404.418102182	1.88205745922
444.441449599	298.292695082	3.66898822975
-32.7104604395	336.989845923	-1.8950715507
54.8962054411	-81.7950537093	0.00165330748351
299.297272485	-210.729973179	0.704885316224
-304.646591772	112.137446956	2.50376710564
370.017966931	-165.085240494	-4.63236042016
-304.301880455	58.0782399692	6.9100229592
18.3934210179	-296.288976216	1.6005245814
552.933667123	-57.2707934967	-1.27958899874
585.34047811	-281.696919408	5.4816336135
289.357115471	-369.782230985	-1.65989510692
539.282073213	116.686754978	-13.5023251717
-120.797043928	-302.173319012	6.19448537766
289.893711931	-312.905075858	3.20071244589
370.757929093	-181.752039682	10.0134334271
587.066880044	-163.297122138	3.54704799491
-103.116736487	195.300101407	-1.09261039853
326.852271197	299.949336282	1.07940305491
184.397101481	-283.592767754	2.17116139118
154.691335097	462.124064925	-4.56988204305
-191.055015329	-4.35476125586	13.4513363586
54.97403996	489.694482076	11.5211225968
89.4823676417	-273.289675341	9.64792424197
552.614287802	154.0976147	-17.5265442951
377.037815524	-102.277783219	0.022770131007
-100.318929591	454.846875433	-4.65465743534
120.089303223	-307.708566674	1.14088754141
265.064564578	-206.601206387	-7.57553842309
22.1257563565	-213.228769385	-3.50766780067
-379.894322469	560.106157332	-2.01305950728
-121.361212081	502.188841673	6.2568027539
426.009803753	-143.323319374	-0.771169976361
-265.740317322	601.240342059	4.78218253556
-318.21226273	9.65879704626	1.02775010293
39.2573035722	-100.503175743	1.1086274724
-79.9807911968	-94.6720761212	3.0274072567
-337.262261998	-376.796869506	14.5934586971
273.575781375	161.911301958	-6.38466791801
586.492378379	152.331987031	-13.5133697589
530.657465763	-19.3103374169	-8.36392842826
-77.8925276258	315.430904975	0.853351851241
428.877095218	-152.837805579	-7.61112359244
332.80653454	461.426956954	5.88876205719
-165.221266433	508.803187945	-8.95570410009
589.56558407	-342.578335572	2.63032698294
201.372229662	1.8925194899	5.84386975038
559.250710746	-257.776663067	11.0308503617
266.149556876	458.895645606	11.9504382589
72.7875104804	285.554949064	6.0608409796
-256.420871363	428.926204151	-7.7920390806
-252.969593817	263.628009553	-0.229370809272
221.090976447	392.675542386	-2.67467684118
70.3593833448	-346.551623893	-4.78484067756
-312.096833065	33.567628903	7.04848551859
458.133810101	192.114316402	-2.16163673811
136.661017671	-139.413444591	4.12429726197
291.996340492	538.914075625	-8.15029097985
220.597355284	-55.0552304319	-0.405275041044
107.651244258	-134.179304288	5.9644637169
-372.53775304	405.192253021	4.36430054707
388.58136069	329.363435361	-5.65363898328
516.570143811	84.9579083918	-9.23995559207
506.394301554	-127.889290099	12.3389271566
350.389625845	-272.785496584	5.0983287641
240.698102799	399.676067358	3.31904937448
432.408427014	-346.671972336	-0.53517971551
-310.378795798	167.364065541	-0.273546458348
-171.430835084	156.165704481	7.10198321011
531.032954389	-271.211404445	12.5146074465
107.529746475	147.004970503	6.80114912607
-314.892695481	-193.586861223	0.742110142969
16.6000039981	94.1049176483	-1.80763811436
232.762952427	399.411793253	1.49600740904
551.481399589	-153.874438668	-7.24948210636
374.067900664	455.58472323	-0.381103015746
207.154526362	58.4056887554	4.30099596775
-278.308896066	350.27747648	0.377929478994
65.6505831116	454.783606959	9.71621502288
481.511357858	-20.7469352502	-5.75356555993
136.955413381	-157.583959941	-2.05914474205
-138.351047235	9.25060700783	6.29662370352
159.456824906	498.088202231	7.87670262541
-137.045985143	359.771180872	1.10361417685
553.780852046	-276.5177012	11.6709110579
-63.6007000451	83.3854643547	2.59620052131
-361.943774544	-207.575560854	-1.09624421768
-233.88618874	299.846471808	6.13570793126
-241.661086415	525.174852513	6.3164857129
-200.430871791	293.757455732	-1.66578600491
95.3491228085	222.068426208	-1.8121904387
291.098710796	155.063329373	5.41455494788
588.982883776	453.628966427	1.67167853726
-288.854919312	256.250636956	3.73756702307
-228.286525067	-110.397205526	5.80572030832
296.603755373	-118.473347569	-6.58050303096
-351.869864725	-218.619344095	1.56356392873
142.606240829	520.805957269	5.65321730853
239.64135092	-172.239129252	-3.6698879237
603.043723123	190.331066691	-21.7510942331
12.2564030438	138.603635262	-5.34054848187
-363.815966132	228.426444326	6.51434874719
595.08572747	17.6703057349	-20.6918629713
100.017071701	106.822421468	4.45351571445
-229.436758633	391.346118389	-4.09090751223
-168.612428701	526.735929228	-6.9719198259
385.071850856	-351.734951063	0.497214640291
-36.5356886274	201.487938073	0.607553091887
-51.874275019	227.094573227	2.17192327213
135.643702495	114.601633707	-0.756077655729
450.91951327	352.601419258	7.2761673607
538.636396661	107.103857343	-10.2761838721
153.397474372	575.968488686	0.0163794572996
181.967219132	-353.814024095	2.95976205275
399.721141093	343.663416733	7.66096908478
112.70158398	115.157902363	2.28040032053
-151.29858865	418.800638289	4.40971415294
-33.5386974439	-246.863081259	8.09747055566
39.1876992565	107.189489601	-2.24725506815
-132.062231805	-324.967909233	11.0283861113
-294.128756064	-111.159433768	2.51097809721
552.404563097	-154.368177955	-10.84276892
577.307578468	-99.922592183	17.4434979988
75.5561919505	491.635858814	5.58979149209
359.436862771	-66.9534696012	-2.31208323266
452.398179494	330.005533296	3.27869181224
9.55875435702	525.580102196	-6.56945075397
212.296824845	-260.062754298	-5.45712068868
10.091786138	469.432962702	4.91885499352
178.941504876	48.0186426639	2.27449291767
97.0388464655	215.17443471	4.02250690474
-163.001660389	-340.327301883	5.50426759529
-73.6645472571	-148.678823938	0.0809968063799
288.997203989	-163.040327275	5.4618907181
-216.411405595	440.584971811	2.02177056483
551.768486067	538.341442152	0.651568124687
560.447626858	461.939355773	-0.256234444632
292.487347015	161.79737774	-2.89925881322
-124.086339814	607.500806435	4.60482717485
331.921826147	-140.772521596	-5.81179828669
36.907985674	-323.103593102	-2.67250411918
-108.887261986	-285.360441796	2.72164055256
-198.094611653	-261.60409127	0.579110972277
-372.185107054	452.488830642	2.11857968285
349.692752129	607.357151564	-0.424890289923
-340.343392367	-329.393785302	9.81833377253
-9.88309790457	358.40692931	1.99816092443
-299.482103799	-222.945069834	-0.179367856917
548.049381764	485.205313707	-1.26873436952
344.015807335	356.9974537	2.28415402353
38.9535067417	-27.8779900867	-4.49540515399
325.098875808	-63.0815369381	5.89026758037
287.775405114	-207.450664235	-1.87416719443
-31.2738241208	-369.752131603	-0.751096050521
-342.858269523	544.557708647	-4.73820002826
521.984227547	325.737728616	6.11344305114
262.424206951	437.750822661	-5.88033401964
586.279088763	21.3669790341	-19.1976862695
583.978636687	-305.800185409	5.05288937262
538.077086095	-265.350076766	4.36504230783
275.667822597	-368.803686433	2.57196356682
473.023231813	144.768427659	-4.25275828893
441.673983916	-104.292135352	-5.23210578524
-336.622814291	595.14969701	8.8582648519
336.238874661	135.209596809	2.57251220287
119.965294181	338.117107223	0.697994977421
372.524250317	351.657761342	5.21957298169
325.764611758	-341.617293183	-1.06143794375
-370.850291612	-125.627701247	1.28131292224
163.901086843	126.477011282	3.16705265879
78.896135134	585.100182755	7.76519028893
506.513704823	-100.793785543	-10.1342519593
174.400245495	-8.77838492276	0.458613518081
43.6763495854	-47.0984751511	7.38946866831
216.865472961	237.738772111	1.69354345449
390.735363399	287.301455543	5.19947822407
119.207070108	-136.724200471	2.57270348305
422.51271623	149.207953385	-3.31488627919
173.911306763	33.8197527229	0.286121086643
456.036231708	512.790921947	13.242467818
469.041681848	486.875370746	-1.23836300113
559.46129824	71.7390641749	-1.84754483094
509.722510631	-144.712912558	4.92946264682
536.471015831	-119.572288036	10.6904097797
585.648847512	326.735795419	3.49584347031
-379.890584889	450.487916827	2.41177121589
-214.514208508	5.96920849884	1.64898767906
-150.332493949	-252.086772974	3.08121534538
212.231698436	316.385584435	0.82136972912
-331.238391907	366.363882506	-5.41589305448
450.798741149	-280.173745973	10.7091974372
235.679000595	150.836269349	6.68953390006
595.141075153	280.813993696	-21.8709047176
-268.608457836	-214.414870114	3.4669306923
-186.7968415	-75.8398627737	0.427750049336
-261.444585439	-70.0362414119	-0.0177253700718
-288.355032593	-318.892104208	8.17284593857
182.973454057	413.687623892	5.11066993141
74.5281382774	561.043155203	-5.54200203555
538.538613168	-79.5531462473	4.74805229838
535.634254335	182.749554534	-14.3825423066
-256.23931654	427.232588285	-5.63525576859
408.523572259	573.105225178	-0.957826679669
444.412144656	-14.2101677492	-4.67443416406
-20.7720372882	-179.943656055	-2.75824085072
275.200789416	211.036093988	-1.35337908083
-249.158954321	166.912265575	6.21855792335
516.34757643	42.7480634006	2.74728721072
-183.978973873	156.281963252	5.96509768714
-341.74922904	406.637350819	2.35554765277
599.217233914	-115.584826211	-4.32704009813
-196.145661902	-186.853881672	7.21145254685
427.5052516	490.154228418	-4.88986378296
-166.579107105	-74.4462694307	3.29149158273
-37.0388743617	439.192122721	-1.9997486871
103.828923911	601.412781407	10.165459395
-0.762149974591	-310.612766859	3.25724668123
402.357108117	112.146928258	0.347060751789
305.110170792	506.995602634	2.73694451798
90.4337386725	588.289376147	-0.232013877583
178.685866497	516.716900146	-7.44308109585
380.381331769	-341.783889366	8.93319582183
-161.252853037	-263.212252615	0.699962584341
164.621594489	-235.765313465	-2.45079365711
-250.338214657	148.577213091	6.86447855982
52.9402851315	509.958972365	-1.72992605773
148.042849894	-183.001159089	6.02715451994
326.926210361	583.229434815	6.16592455309
266.894931784	19.761250641	3.11077449636
-41.3769197458	-270.30135666	6.86503835393
52.3130477131	182.734062522	5.00540265863
433.072980265	-278.267967137	0.373434580415
-340.52965679	-69.444168682	-0.543425278038
282.021269186	-44.7178210598	2.41335386268
598.637333814	-134.301863153	9.71041188305
-247.251484542	431.717737034	-7.66913465649
-64.4634228325	-373.271965889	2.70992032215
-181.416903679	-132.808041171	1.62200561463
-164.149734035	401.046135011	-3.95069056677
33.5860310591	276.12642101	-0.284778891868
33.3633963217	-211.956851592	-7.30285999283
-180.650332655	-254.334575626	8.05612256223
328.649340083	-152.840898288	4.05082700461
536.618999492	107.245164744	1.51207180341
-88.1621783495	17.2327298697	-1.55357243602
-236.340838742	18.2983210183	-1.33687591124
342.382685284	607.594208635	0.794106522492
82.7118834839	-182.183687504	-2.14992614478
241.078538111	369.964306734	-3.05975072447
-169.898017583	-260.471424827	7.37439945044
368.281253046	176.948749456	4.09430344524
524.42647172	-136.556348149	-8.28531850765
463.77319247	20.4024048255	1.35419971522
-86.0628440956	519.189890457	1.17055552993
322.908768405	443.529461136	0.432451710177
322.782568451	-363.512879561	3.21963203914
66.8907679147	-282.49530683	8.80004234712
-348.280591938	366.364300868	2.08173076906
-293.596123018	-144.626404003	8.05737117864
-351.538371893	543.805101373	3.7339836707
87.2376707737	345.545378911	-0.496127570513
204.933294472	162.012868722	-0.643992312098
-307.138351321	420.796516689	-3.75893185536
339.650379929	-343.831619393	5.36015850838
372.689716641	18.8171300622	5.31547053203
-249.478591467	-98.6644820755	5.75198487799
-101.040169298	494.128054978	2.7182128604
361.198472201	132.972268631	5.96005248877
515.719202847	-254.155566751	8.02394907501
-202.92219024	-188.26378588	-0.34098565863
244.925911908	-16.5650667228	-2.38601403634
358.255496612	194.056378003	2.67403803111
158.990739553	43.6060766579	5.50077431376
84.9057221419	74.6521705781	6.24782081365
414.716071742	302.18065499	-2.03635410262
66.3368254299	572.913577786	7.31561110177
271.617427516	-126.336514714	4.23864222117
-348.040028419	325.52150663	-5.37975060507
-188.567410461	-352.629721713	0.352062537221
590.777716149	358.792506415	9.83617191603
-156.780341732	164.817108022	3.15911720162
96.6492496418	445.035733611	-1.92621838734
248.80518539	358.940262307	-3.80178226294
22.0903216257	240.567833667	-1.47343157144
469.401093865	-219.695493532	3.97102127063
-106.32828958	325.059419683	0.35938358992
522.280283758	264.587603863	4.80022161979
521.72756225	469.424239697	-4.77064339352
273.138529452	138.670349315	3.30847408893
-169.063394764	371.071284674	1.33245483376
-180.266965828	-145.018145993	0.959732906279
208.201066051	111.281539079	4.14766223056
-121.601331491	468.15616418	2.47392973905
-112.975067552	477.020248307	1.13536328928
489.812139427	-203.822124483	7.09454911358
-103.294889421	200.051077384	-0.599001945655
584.276106557	167.026234744	-12.6417586634
2.34678861639	-59.4476775837	-0.2939749609
375.531839811	-256.735180535	1.20949947413
379.763018879	-207.394874376	-6.16193356827
47.7774378878	19.1841622733	5.80477592431
88.5941423786	-228.167186414	1.249818372
213.468136513	543.101838158	8.23273373125
-276.171416832	466.620034453	-0.110704150401
448.250511698	324.687857902	-3.39184498417
-302.107622161	-321.204113598	3.63147456424
-163.595713036	-138.839453209	0.532423584225
-187.449893203	488.741689078	-3.399581887
-217.367498334	406.948762337	7.4687325929
-360.108883946	-248.135484056	0.983022144483
238.523031068	337.132471312	2.40183709034
-209.14754251	377.718600054	-1.96728757718
-161.299308125	-72.8050816313	1.06155285647
413.44456387	-112.008685161	4.63049085199
456.471007878	-283.532044722	5.64270295976
-218.679724822	-343.478486312	1.748836521
-184.243986033	332.282712599	1.44900946399
164.15385318	219.441376182	-0.982188640441
17.42836318	497.303472762	-5.19066104641
-330.558777985	29.0389284294	2.89812139712
-173.796770549	21.6915124606	0.446178570425
468.823140887	-82.7693372442	-11.9593028065
564.735171057	-290.957573955	7.00154137883
578.009363596	397.918156431	-5.09732072387
-1.51952291093	531.2218837	-8.35712481535
483.738108445	500.214136047	9.64146660278
-0.550001238627	295.486172857	-0.250802997493
264.281020095	334.458356355	-5.1893547749
308.212343551	500.239761081	-7.04517224956
340.099441491	12.1052282044	2.22837335595
229.802454653	215.56592053	0.532485388389
-330.808172762	-192.600213901	1.49972305207
575.978939934	-211.396838007	0.10183705906
-49.8288957845	-298.363839378	-3.63681069513
-303.188701718	-12.2718567108	-0.226346644774
-142.787001301	-24.5390076721	7.07293668821
-156.49317205	145.843431796	-4.25005698597
522.250529693	502.308218687	-2.91677633666
223.824809008	151.707484475	5.38647181753
-150.226631341	-341.101563215	-2.30549695804
458.185890852	510.073319725	5.70828680684
-46.3367267523	-254.470757461	6.13624891247
65.4473534804	306.207456508	1.28004669691
-313.61405845	404.508541487	-3.13621224395
121.988280149	470.204371631	5.69050932325
469.602129754	-199.545761064	-9.03345638509
118.127455629	360.071765812	0.320828731302
-191.14123636	596.631504549	-9.95346785625
452.899826427	-272.817061463	-2.98082236371
483.401396229	3.00926197632	5.14165406485
-13.6621225421	197.952679282	1.17993378579
438.733780737	470.87398225	-7.22993319411
603.087459781	-252.749538031	6.39051677186
-90.0476542735	102.43113315	-3.18023121883
50.7250523508	-155.493421298	5.46453039688
17.4953889307	-378.004208229	-2.51788407008
106.448703921	-34.2610933748	-2.26539904381
-155.667976452	-186.096165621	2.72826355712
515.867944151	101.436381656	-11.3469800921
-343.47202876	-141.130665162	1.47654923458
149.772396613	-103.911105245	3.49358279973
91.7156803232	393.462062786	1.26890602009
168.411510528	387.978893314	4.82231958066
-137.693491386	372.874886898	2.54306829598
425.364797536	534.774108461	8.08787736552
511.836250465	183.361676428	-10.2601920702
419.859338684	-366.520520094	-0.332719640062
-71.3859965287	322.617458081	4.36082504226
265.22200209	560.070349504	18.253576952
143.499720204	-150.784675103	0.56049292816
2.75504661763	237.974018095	-4.0944407013
-168.096188915	284.101726224	4.19097587459
-355.927641471	400.585608804	6.88252185369
-324.194942061	21.8815683446	2.92873740402
160.400943827	-274.438861528	-1.36524712155
318.437086754	-214.863986334	6.37698021874
-360.64224308	184.955593328	3.37672889835
-116.488399869	48.5538854412	8.6266992164
-7.41689083434	-247.751827553	-0.679914005759
-233.220928425	-158.273337695	2.61838005555
558.815012024	267.827447471	-10.855459539
498.517584781	143.82868523	-7.61009328067
346.918016362	-153.197784688	-2.2629384114
521.321018145	125.471761204	-2.04841808479
-240.680193345	260.78198062	1.16105999793
3.5376373993	446.803578453	3.15571331493
200.364002093	-312.55776418	3.39999637799
-360.646935523	564.025267863	-2.95031963411
548.956693382	-160.436685101	9.35107509395
270.953332171	348.426973472	2.86562353747
582.18913522	57.2401246616	-12.1492144302
531.765289858	174.47773845	-5.39321421967
-378.329026231	167.097914774	1.53369096218
133.031877941	53.5579708228	5.25009101973
506.737085341	-287.651661139	15.2076561029
-357.476514841	-121.33738775	-0.407498362946
63.3460565369	-333.48742368	3.64039289079
202.403335713	581.277525612	9.84003179586
-280.63627636	589.190476266	-2.92662780514
96.4466744613	-91.763011435	-3.67140948016
142.990818282	116.209687831	4.48138758226
-262.041780734	522.328555409	10.0012636755
253.079465565	1.86791313492	-3.5936202718
389.666279216	204.17300723	3.61132863086
-354.221813889	-271.190904557	6.40115763762
231.076520623	354.572733652	8.05400075289
604.628703275	293.635484183	-12.3960603262
56.607639868	-302.285334916	7.73527243355
449.025093883	519.894413791	2.98973518885
402.632521415	-154.960201199	6.97303419668
-127.036833334	253.653520312	0.129918359518
456.80542733	439.943073356	0.671095743108
-344.410604762	-56.2274373115	4.97334390062
145.272538842	189.731108532	7.67015843663
561.001865465	573.621218642	4.94305292903
562.797692665	394.916747715	9.57715096351
592.320142339	579.868911122	4.69356837526
556.144636056	-22.0103313064	-8.93708473718
-302.882935951	508.077606962	3.15109483454
437.79325468	516.067104671	-1.14343731864
522.5346505	600.497777032	5.22418735386
171.666830706	-211.094061669	-10.7606287397
-364.204687636	604.009471249	7.52957682073
193.34438112	-204.059328618	-3.24232845463
-360.414232118	-284.065290204	-1.98400825317
556.136817863	351.926026527	6.65592762117
210.531804261	269.146838705	2.8038360304
-265.906929921	-120.705017332	1.05060671472
449.104057915	370.584218362	12.9422991074
-287.29248565	-252.219470747	-0.982006312911
329.995151354	584.718959799	-3.62794560689
89.7752185713	-224.263478443	3.08589684565
33.0241587548	240.76479643	0.559847525323
-316.327778015	562.201710039	9.46764787919
576.946825252	-287.520267162	3.54260577755
-89.8346987753	-296.057676178	-0.568143686454
-287.6441207	403.591157387	8.33110300119
-186.724514143	486.763403141	4.5085591681
522.62462296	-233.620604704	6.58106341521
130.194857586	354.448959492	-1.89584118628
460.091823111	489.612218053	4.22431368439
268.872168928	-317.48380382	0.370408558486
143.825069949	-143.461609464	2.83281660439
386.590744692	-99.8390143653	-3.52638274347
-258.741255266	-267.731719477	6.11443749864
133.712443533	188.411889116	4.69687850255
333.298307366	390.337338954	6.07801210681
-3.30428155049	-267.093309388	-2.46435258797
538.292441053	92.3414747777	4.26169297341
434.544949809	-44.7831172857	8.72269027239
35.3658141447	608.617618394	-6.44327515218
-67.0801289895	-66.3942186828	-0.593725979682
314.422266119	-193.994511547	-0.886514811987
39.5916172516	488.387736663	5.66242609975
175.15841812	446.254421088	1.9367256022
452.871391541	432.165585377	-4.15057417535
299.968040751	366.522023313	2.13405727116
-261.845294839	-310.604490643	-0.472198034199
-95.1171126633	108.469413814	7.36728372137
8.01172092992	476.142695993	0.577839665713
-18.473133145	204.057776881	-6.62052868913
539.24360853	-11.3353272769	-3.2511440749
-19.0832088702	489.333000846	-2.07682134553
-64.3983562152	464.416656624	-1.80605692099
140.29559828	74.5096238722	-0.892680600496
527.550266223	601.884863103	4.63020892822
128.006832193	268.153728906	-0.670979760758
-320.812273859	-109.982308474	0.262526460484
-80.8654893974	-128.000678694	0.142416476044
141.630858381	367.957265325	5.50004651809
-253.197509331	-222.719127834	7.70616724014
-97.7413903711	-150.776932168	0.0519951717183
302.678892151	-66.8420626606	-0.523092963851
290.357078829	588.331484187	5.11005459985
52.2867006253	78.8990901782	-3.25248457209
113.501603675	592.717390327	-3.14737944025
555.827012876	-278.693554635	0.753256065563
86.7994861597	378.064015014	1.7361694397
-375.102999654	32.7697490011	1.62080452302
557.92313443	424.783821145	10.0688489386
64.1049452068	14.6566911998	10.1036445978
414.285339556	-123.069807722	-4.3808294252
597.074113529	18.5889729245	-14.3886901275
537.504116551	549.544810925	3.20190898999
-78.3049494487	32.3113127825	7.89538916394
-284.474124138	94.3108148982	5.88602951731
441.216739212	24.0558570584	-0.341074082227
69.7717406689	410.515787577	1.52461821728
-319.893004903	5.9740592275	7.09409318774
71.9135877712	-10.8376498377	-5.43976460048
571.395048238	497.723384836	6.87291635667
-3.279330562	-356.225648742	-0.0482144552922
26.0597838785	397.843028938	6.40197228115
467.980957705	-298.656182781	8.48709040451
-46.7413929225	175.743508421	2.21808557923
-117.784165339	41.9196156185	0.959578740976
380.402258778	509.59732051	7.06869773027
484.278038513	-369.658157542	4.18292379805
-258.039248874	16.0224290889	-1.20520628691
156.106011678	307.848702158	-0.827323227137
504.986195406	251.127214001	-5.01685447291
603.142335845	525.228634849	2.70167544694
213.559068521	227.554907221	-0.627016866271
-123.211422943	-373.913433735	-4.22338761863
242.828184501	-160.27116003	-3.54240781884
-188.41976272	405.963147893	1.06033678887
410.24844017	366.122518547	-0.998325826383
-22.8763296285	256.601582055	7.21266462213
99.2879967958	-213.934284688	4.28840285945
241.828518407	-5.54779566067	4.26856512762
452.145279789	-129.195512487	15.1174352888
534.020472119	460.676648228	-0.142906502899
541.279891812	249.682739994	-8.63059363882
393.284396235	296.605044138	-1.00156011736
419.028792489	-178.183285522	-4.75615885841
-259.013964213	156.460923351	2.55635149263
375.639241538	259.043501286	4.23107216519
347.675371044	-74.1549421655	6.28640869433
-325.608773477	56.979031694	-2.57218190067
380.645558468	-70.0204745611	-3.40419827092
47.6987615258	-216.87590839	4.40094242017
-122.249260234	257.139766486	5.67202169108
-285.595506509	265.780519179	6.31671678997
356.855892515	311.711374181	3.11993618
-264.231427648	-81.9479940654	8.52187840428
149.617563858	551.781042841	-2.64733167017
-107.733759266	94.4427143142	2.41664500465
59.6517560604	303.747551547	1.11074562002
-257.493496915	452.472485211	-3.87423121317
425.73084128	238.500746012	7.40573150389
242.133057731	-310.317050991	3.32537688169
-208.762654752	-283.230258036	1.28981363538
280.281599718	284.185930254	-1.33443552047
292.852610392	433.697889173	7.94718664206
96.1801045425	232.599448268	-1.34367712175
596.333951472	62.8953357595	-9.56677566515
-63.5667333977	261.488200381	7.75731212682
-50.6440454106	252.840934216	0.378543448036
-293.172577246	256.839914976	-2.71378018249
108.678672625	78.4788097358	-1.98031928108
171.755300541	466.044855909	10.4894237255
228.188390143	-144.179366985	9.83131912147
-323.311114687	457.368855331	6.55844069397
603.656843417	200.133739043	-19.3706056156
306.028213766	213.496986107	-4.10969682636
502.89967848	585.500551102	2.7502360378
435.646479846	593.084716433	8.02281165647
74.3145785883	277.76540922	0.0544517697239
414.117014225	318.428335979	0.616008522098
16.8479376815	562.376538175	-11.7837237653
-340.212916351	307.709619062	-0.357649629785
-181.016937397	576.936702929	-9.26444747624
244.37382604	82.2876784191	-3.53174875401
83.3095155082	-205.02076308	2.63996421589
302.199578803	426.978756611	6.2136589581
143.990529447	-220.591215853	9.10619669354
-252.107296114	-360.128217433	6.44402973754
-166.651794162	546.953737664	-0.925337826834
-241.958331708	-346.846526217	4.51469810582
543.008017329	413.844139728	11.7408585614
416.625493523	-352.322572423	-0.533605819451
-362.154401878	398.430479902	4.60085676986
460.399837689	-343.847730481	6.51319194835
-159.728107802	388.415722027	-2.92903248657
246.074353427	-103.343043063	-1.85651597867
98.6078286422	-170.29838119	-5.18193287947
203.299380606	-361.017560242	1.78667021025
-298.477957555	243.46626297	-2.47746573935
298.754619672	508.754678183	11.4441131087
8.81453851712	486.053048139	4.75921605194
323.480818085	27.5637474113	5.54380220735
-325.41835538	-350.627228154	-4.61899811155
573.948199525	562.615798843	5.35712856815
-367.14634131	121.298995186	-1.98479526296
572.066023575	224.817366555	-14.0584802983
283.127895214	589.965081775	-0.210544928151
-267.456960234	241.584541512	5.88349821259
-200.504566208	223.559908926	2.82021735809
423.31764848	-260.29741748	5.00856299678
-367.742636701	17.1150267742	8.13429442784
-213.636314863	171.854401322	0.302863299633
-173.910956806	-152.988618589	3.613991401
343.915302032	576.072078678	1.60741138638
-332.264524166	335.688329615	9.57114259621
50.3966146312	-291.508831488	-3.44196280445
247.278348269	-346.722709372	4.06761217402
-257.818884302	415.355389682	2.70384560819
480.972678963	100.307060677	0.550896483089
379.555476851	609.252274408	4.13231213567
-220.199383692	-366.034436746	-2.40349554451
-202.233810086	-377.108641535	0.485518312013
610.930812392	-125.96369801	-6.42522443407
26.4197363651	226.74113549	-0.766481990097
-347.827248982	425.318669547	-0.198494767531
387.913572686	-207.508579679	1.99231589956
-29.2842804351	-275.485362761	2.50204432341
360.733566649	383.039561732	3.70468265914
-90.3637635072	89.992448794	5.68325775592
412.90636251	-290.876728762	7.65023736121
581.418310319	90.9891607811	-15.0800750599
-21.3341335853	-136.067316547	0.956343952928
-56.7594970589	-186.727981162	3.8583038096
192.139307598	69.9687653466	1.04747134538
-154.631881116	-211.406998343	-2.07730903946
335.583610304	240.288818426	7.67964605283
97.5931851541	26.2820878583	7.66345556326
93.7444054965	-123.277600541	9.53222193079
-323.318976535	-92.2320794088	2.79227613403
