216.8894811	323.012535566	-18.0681083574
-46.9301033643	-285.831237564	18.0126780769
-364.949437308	109.386436027	0.0846526925783
-158.028982675	14.7642812069	-4.30535524622
167.165125451	334.296136049	-7.1512785322
-51.2771663709	-69.2267316753	2.50637259984
-277.724448409	-279.638843423	-0.52145371621
368.417124923	-151.588337589	-21.7904074165
-305.914039726	360.449475909	-10.478889751
-196.099305016	-167.473802277	-2.19649508089
175.580906247	-157.844203599	2.05678421839
-100.858718094	-163.527881994	-2.10477107533
-40.874107779	203.779812908	-4.51005352403
303.581894965	310.576370572	7.29268802682
171.79201446	-311.528776627	6.74214823956
-204.95667899	334.406318002	-5.22933426122
109.077868788	-200.182176419	-10.5355295485
-115.448859534	-141.731356208	0.690277271231
-335.098339181	170.637448919	0.558652086939
163.454152292	-209.830794577	-5.25596819248
17.913120479	190.834690667	11.8552695932
-329.572682918	276.910734206	6.9759575102
269.98636755	187.649608794	4.28621160448
16.3614643287	24.6861167629	3.01976748841
-376.107768127	-55.8585949653	-7.59895138002
141.01991252	186.353643795	-9.9392669092
153.119130713	-367.735913218	5.66967439931
-231.412508751	-16.6680593309	0.890076471602
304.079112867	-225.419748885	7.73466783519
220.550379216	96.2169669755	9.6740519208
282.28975793	175.89893077	4.95679619744
59.8001868349	-116.790114405	12.3044834731
364.858443554	-310.314448497	-7.5328198783
-317.006326012	336.523751549	-12.3793409755
245.085624109	206.732522115	-0.59334582351
165.817302151	-205.491485353	-4.44567458715
-237.639193346	155.087590433	17.6850575567
-14.3275623238	108.047335018	6.82450826977
173.436926853	384.061207238	-3.55690222425
-154.383932671	270.407214053	0.700090685802
11.9179136565	-230.164270753	16.1240418339
129.325011343	-137.341602543	4.20341017813
397.814103542	-141.725158582	-14.6068347733
-358.015423337	-129.320441043	-3.88606425033
187.107821994	-295.290511388	4.67789111284
-346.892438924	53.2899541303	-1.54514703192
-266.95507646	-143.876974303	-5.05373294919
47.3837204283	-251.039503377	13.3670718515
-180.328563274	-59.7983520682	-4.29247924944
-262.298745835	364.780522507	1.37754529873
-61.593533308	-335.976510326	27.1415253991
-329.557179588	-325.781117261	0.860529438261
-132.77395598	-383.082730278	13.84233296
-146.235932625	169.371833386	-0.13344983457
-403.753844796	366.469559255	-22.4911266115
13.1111834041	45.2644959101	7.66050864708
125.939871978	-368.069777761	11.7193668153
348.026564118	223.686505263	11.5216541997
65.9802538186	-59.1703866396	-7.5794051978
164.621476884	-341.303271774	4.39244029187
-374.899611261	264.353723712	-32.2940145213
240.058484437	-231.894447727	4.73462994027
45.2927255749	-360.050868052	10.7777455745
-139.394678992	341.505074494	-2.01633208602
254.18490074	-396.608848103	1.63410256013
-360.771519117	255.840964587	1.31768530393
-373.525007523	361.502080502	3.58561702808
33.5965466621	-41.918717932	-6.75899254572
31.7501548779	-204.777566038	11.2500175504
304.53742723	-286.336619667	-9.77030904332
239.037242907	-376.154420888	-4.34843950905
273.686204761	-292.537370844	-5.24191524096
-272.596076175	-367.228421351	7.40922570964
180.317920047	168.269567387	10.0516872616
182.059059887	-4.80889699642	-1.3303483611
138.501400284	315.336755409	3.26402318958
296.133083582	109.758571806	7.59437562512
116.122052762	344.715637239	-1.65814454234
345.367912684	365.082478868	11.7106666818
-181.553385493	-394.680565649	-0.424703994904
-310.810929195	387.273819737	5.2609658493
310.820037786	110.211098898	3.98936400908
73.3583794508	71.9380956388	1.09290528297
-264.525831225	169.229916639	5.85998802346
-110.065439981	-36.2489125272	5.03980808163
-320.548342579	352.477968907	5.50309724306
284.4096011	-301.331178118	0.799234266575
-304.628945459	-195.30724766	13.6928247891
-359.014952631	-354.340097694	-3.38764739928
359.095953533	-81.2652995798	4.76816139255
399.757531618	254.540851649	24.613268824
102.446939859	-65.7821974162	10.1557328024
-395.453695963	135.474896437	-11.0383443438
266.88988512	373.211453063	1.14517389722
137.587659491	-313.247638181	-0.263903130635
200.537424269	-284.729568272	-1.02268828216
138.501862466	221.693275164	4.20163867371
295.580869256	304.556896707	3.2234310324
227.606008675	86.0294335499	12.0448810557
-44.4928174467	-402.940794176	16.1584509018
-165.573451418	310.117907857	-3.25121058325
309.529932765	-312.908021059	7.08276488896
308.545851535	-80.4489953539	-0.212020646812
-335.992295938	141.791936049	19.9524914221
375.684605381	-261.154752576	-3.4816878967
387.370052795	-103.055822873	0.764328270032
213.3623605	209.561717915	13.3290539118
-170.763390329	-26.2209817642	4.54384122126
-281.34009309	72.7830225835	13.5233811634
234.713907592	396.121659401	-6.94745269439
370.683025682	-236.614789093	-8.35398643202
-117.265331777	-7.09157677373	4.15975699977
-120.593529698	-228.220431305	-6.22435616153
387.347885321	179.795979204	-0.742430127729
-60.9631430159	-119.738873771	13.7643921175
-107.945550181	-118.549175293	1.24656919224
359.181955401	-382.183159717	-0.25395766129
181.945976097	267.41654273	16.4641607324
-257.120326877	-56.3613450773	-0.677689526199
-287.683219139	-333.614570925	3.17989304134
228.339376402	264.192616288	-16.2284138363
-262.990406086	-351.518722587	8.39722852818
191.691068159	366.906223948	12.9076237984
294.144887451	-384.937800981	2.79276814977
103.568508592	29.0490819227	10.3549738557
-218.393147736	265.160850934	-0.499187056388
65.3338636873	-14.9736878502	7.72032565535
-267.993132959	-205.900205159	-12.1552686406
81.921881175	-100.023125243	-6.4727240781
-333.466901256	-145.335376399	-3.72084498971
-104.505972108	-256.471583828	-3.25993157522
-200.696174015	86.1291330375	12.3009892029
215.357840094	-259.881719344	-6.61579368232
-287.349618099	-264.891424409	2.17580012051
136.332713543	-75.0421394513	-3.8626610458
238.28092876	-65.4185326263	8.71119280333
257.193549877	175.595944722	2.0707178282
-158.217736297	26.2658513681	-1.74263012929
-404.669094963	370.393760805	-15.6896161745
-67.0918670637	148.857351451	-1.11380731571
160.548453155	-161.725925309	-6.0952017129
208.310368785	118.904956991	-0.276724860169
232.947724771	-61.9257751658	-0.355097963063
262.436631599	-366.417787171	0.13103215346
-207.886249938	-130.63141877	1.38845059558
20.4678808099	164.643653442	-6.20232448345
5.50417977677	-369.566369541	14.4725559728
-81.8449956739	-157.225122175	8.95567101501
335.412347857	168.873485258	11.3514914592
-392.826382011	-364.970112871	0.993306827732
207.76668421	384.159183329	5.49453932932
347.819053355	139.583287466	1.88797951026
160.699097213	52.9618580786	-11.5823755799
23.0575942379	314.072711992	-4.95201861376
384.185100264	-83.7323105964	22.2272791765
161.508965908	-317.166259244	3.77583947128
332.718455054	263.756945776	-2.05247318755
-117.48368006	294.930530063	5.75551302572
387.971437484	79.9905931739	0.831390740292
229.847702221	175.387092557	11.7957842853
-15.4888542955	206.225080629	-2.88424175625
16.3085564977	37.4965038604	-14.0361539724
-173.313071627	-36.1310275264	-14.3097124219
-36.0562387197	5.28727696615	9.37622737987
-227.900496947	-348.291182509	0.687159831691
-183.722999267	-124.322603368	6.50063641751
41.3898922392	253.90789372	-2.10505345627
-310.695630458	223.646983465	11.503769595
-182.069700117	49.5343980661	1.94154674347
329.769125409	-111.232758975	-0.580994864689
69.6312470674	266.638606694	5.65385903359
315.720154576	-229.815267538	8.36390438112
366.839963821	95.0897578235	-4.55632683258
-237.603487113	27.2163022048	-0.537207905509
-64.561266614	-247.554963083	1.22858386681
121.59217796	21.6119014971	-6.97122702273
-260.890075456	-362.612639696	-0.663503723553
-55.5492956393	-95.2547985904	-3.51783380531
139.624723629	-222.77544528	10.463380622
-110.196897133	362.399151651	-8.75108694523
255.080691566	-83.7431475968	9.29789787698
63.6838501686	223.427663711	4.27312485779
350.334351009	181.509114862	-7.33318703281
-99.8144012388	133.137593465	3.16596585279
267.484839026	167.522624233	3.92881224378
323.510565025	287.968825612	3.87880319228
98.6487197741	-378.011373433	6.16769118443
-374.901311465	-159.823100623	-6.32601757397
214.415222374	-166.339052289	-4.66930398627
361.919389684	-274.203864857	6.93841845363
-3.838081911	228.52582587	-6.3393427311
56.3539919508	-78.5672498364	0.495421660815
66.5123233791	-217.714398174	-2.57547719106
84.8139115572	-243.522272874	12.3573957565
-132.489609392	394.126943156	-1.28469496526
-123.917038826	-168.589068528	-4.87522539898
314.376811576	318.229534123	7.1551734722
-229.231382127	-304.2820192	15.4044070207
-372.728864751	-192.37818477	2.81129603948
394.457569968	-366.76486656	-14.9787374577
177.243792391	-227.021696216	1.77689546125
-352.870740623	184.774162144	-2.7654928729
-231.293801227	-62.6655086274	-5.94513570388
208.612187875	128.682375937	15.884399416
102.584127247	-38.5524033696	-1.69426941513
-265.91352368	-178.637534615	-16.0831947051
-277.585283383	397.176562583	-2.09316134802
-359.148514396	387.834790707	4.77015157382
-244.812512031	-35.7900531882	-3.42264983366
397.040626945	-111.652258949	8.11532479775
145.159414777	33.1908205047	-6.3591162137
-391.31109461	133.65303912	-1.38530194445
169.91773041	10.8525479779	-1.61101072825
-231.442260538	314.070504686	6.76998573984
326.966881452	-159.060162316	-16.9317948355
-205.962334137	170.204754606	-1.57662914691
-231.789005452	-275.068600686	-5.80476284699
-338.228143425	-268.12287403	-4.06862878284
-135.161271738	-181.776694264	7.94126638992
-248.091112698	122.021749342	-13.3215114258
-19.6031018055	338.925542839	6.84455768212
18.5473658422	-11.8552520494	21.1929417515
-360.008742426	202.264020119	-13.0119114918
-128.441738135	346.756818419	3.68765384485
-305.190531971	399.365433899	0.50145646403
111.362953896	381.321993574	5.23785910573
-145.067639852	-186.633891203	-4.8493505361
-89.2003455554	-202.891080783	8.6965665829
-396.671792849	75.7774989885	-8.9887138033
-255.011419618	-220.238143066	10.4838721613
104.142823637	-379.43428295	2.70578378827
-251.529238003	-246.908610844	7.96796042165
64.2515160891	-167.65524723	3.74819511739
381.277750956	-85.7762159161	-6.00376710729
261.2901703	175.595853382	10.3506461839
250.078748857	-283.871788018	0.574518626566
108.916246404	402.345662512	-4.09315055164
-181.456053883	-385.912088491	0.784796279154
29.5862199031	-34.712821553	14.9538234639
206.971686118	-370.009565991	-6.22710230331
297.538586048	219.848103867	-0.0565973866351
50.360331568	165.19803108	5.11210468404
297.724644905	50.1206591968	8.89222077154
296.067053684	-299.202961685	-5.15636016031
-86.7728291874	62.5047642162	12.2411296872
151.057927007	-305.293465021	2.46989291486
289.294735981	-86.5757069494	3.10330092327
-262.647448433	-167.327767345	-10.0313095952
327.207616176	-331.425637767	4.07029759952
327.420443823	-228.979324831	3.7991927213
-338.788150478	-306.441382578	19.5122041694
-101.227133319	-333.838169583	-7.2728850303
74.1437951568	-97.0597276413	12.7080446449
312.978538221	271.561092281	4.26960224556
35.9166638536	-272.103189019	-11.7018227833
-97.9302373493	-344.226496929	-16.7637574057
297.806080948	304.709897352	5.34707605099
-128.850879408	-283.63250399	4.86284914041
136.016677681	-48.3598134194	-2.51452987884
108.702947246	12.2217692373	8.73161415206
-211.924108907	323.698582556	5.0782753199
-326.500516386	-128.191725527	-2.62272643064
-338.730757383	3.11337453215	-4.10815443158
67.6691909721	-169.660158889	-10.100726492
51.8713979579	-305.237111916	5.33077091845
205.775807937	-322.554548674	-0.751499633012
-277.577235288	-345.811146575	1.01783372693
-29.5671971722	-76.6289632412	-2.84254980306
-308.832144776	-250.450569715	5.76950591771
149.213683045	386.79723108	0.390851301476
-207.755926374	11.7323304523	-3.50473518531
-274.755790892	124.497737558	-8.12872130033
184.115020182	-317.592389939	-0.460860284438
20.5002085289	-331.715793552	3.09604628435
-181.657608145	-53.8538869508	-7.50903984339
-382.3000177	32.0349612619	0.705055380331
161.84915129	106.355515608	-0.0680069811881
-363.384314722	-25.8446892913	-8.79885348936
-217.748221755	132.415517977	4.67968212149
-50.1152931895	192.174204927	-13.8482708213
81.6773321113	-135.952553592	-0.054088912186
201.837044343	-33.0519270607	-2.18580912844
308.105593826	-162.73768754	20.3860948179
-376.675795628	234.536383485	-0.568584319594
-302.724095717	-28.7680605946	-2.83144215849
-19.6970085447	-354.254356958	30.565603969
178.34782173	190.193490731	-1.37374919609
364.448154234	120.248225404	20.207634043
-334.576445076	-179.894537734	12.1128637549
26.7336479138	-113.168112313	-0.107374439784
-149.271990891	-248.337362547	9.31482829578
-328.480734279	-238.069305861	-9.08224335415
-45.6849613212	-390.444649038	8.19121265285
-74.6861588299	-320.151112525	8.04291758819
90.4353006719	213.688218314	4.13690987273
-4.93348811192	310.229368346	-7.10630556184
232.999397782	135.038511027	0.617189344818
-387.057631596	280.733776337	7.21478095841
355.87186682	264.590104788	12.6527269164
67.6933069962	-307.545004444	3.09796001622
-289.732194903	-242.991659113	14.6982782391
83.0716283233	-405.609944989	4.40020815091
-113.138503774	-169.623403728	6.32426400484
189.296699127	-57.1387194732	10.0287729231
-48.5005868168	26.0273938345	-8.00566109164
-146.923604125	-390.904261865	-9.96564743941
-192.778686341	205.966096539	1.07944220473
174.739865643	329.265066294	9.60311446482
-284.853779394	220.129119168	-3.06745953857
312.409164611	360.076981582	-4.2487018983
-314.85984834	-242.663362164	-7.61291184089
-353.039722699	102.580102216	-1.60590078855
-85.4998765199	-263.441161935	-1.97025181444
112.854229602	325.405210498	8.86398957444
-192.596947214	-311.335700119	7.34868286953
-229.068971405	-205.124046812	12.4497234121
86.624505089	-141.866072927	5.316624073
308.708837969	-173.202152977	12.4626374571
386.810562613	-251.184151276	-9.75571632544
-286.873241792	-346.520076054	7.47313618224
-264.435871067	-261.938584797	0.616789872338
-348.681302085	103.280724442	1.96890008915
-75.278576037	390.667103617	-3.71395579389
-324.981678281	279.500096226	-19.5587350904
208.430386501	1.75281059996	-6.76274460656
224.340840673	10.7745708057	6.53801900239
270.778992175	248.755399391	13.4135634276
336.719389017	244.916725782	-1.87447698952
367.858481961	222.619459918	9.65022377542
391.426336931	375.180612891	8.07230725394
74.7890711228	-239.204612564	3.28892823469
-144.838712944	301.79117945	-1.75627939735
-267.381752679	-396.497455901	-0.881230664363
289.860218385	249.706467166	15.0839184228
-359.488575871	239.738776768	-11.6495514537
122.622619068	-305.823043337	9.71880622233
-375.499879991	199.57270796	7.17369300451
360.276203549	362.163234969	10.3091344331
74.011759373	-257.48425223	-1.82958032488
31.6126012165	-245.390121109	22.6556098609
-262.221243507	-7.17493657503	-0.674627047686
-194.94585391	381.171184769	2.13883094516
404.600433854	140.063096832	30.4416879007
-398.48183533	-39.68964429	1.9451499473
-219.682482848	-147.958423412	-23.6529448027
-122.868570218	-358.393581358	24.3252462585
-398.174872742	278.263932695	-28.3331385401
115.815571834	294.450778563	-1.19067545861
238.21232588	399.359534047	11.0807052994
250.752959192	-401.779496221	-3.70256493411
350.275918415	144.071253262	4.22634566966
142.06606056	-209.415749216	-5.27210340635
-75.6747849749	357.751698798	-1.57816209818
-357.815885085	-301.434051667	0.940597365818
118.404128754	15.8920582698	7.37549033627
-148.641460586	-114.09974451	1.4650660653
-371.60792827	-7.86779525153	2.40308851209
-395.670278234	-265.897803384	-3.11331923494
-16.2818666447	118.360817625	12.96251481
118.13867634	149.061911059	8.75847527439
120.712935376	355.19221847	1.78543045259
-30.8778340118	61.425088881	3.51088704443
-325.1342207	220.61977666	-14.6800322859
-118.209664285	101.522792788	-5.98126451331
208.896337988	-68.9481855541	1.1502370393
382.207206372	202.367142379	-10.4247445981
275.116462256	-41.2881893987	0.0970331797912
270.48490238	247.115970354	8.75238487877
237.836000933	281.889341415	-8.08780139231
194.272234188	266.973527657	3.18332894985
-247.291290069	-82.4760801999	-8.62736766142
-179.999064506	312.048435415	5.94333612712
-128.823642998	17.3029244246	7.3524055921
208.617595887	97.8190688579	7.78708701635
-119.271341924	212.581724848	-10.4503879461
405.72863229	-100.130596526	6.1588409803
133.463663369	342.950306637	13.5403297459
298.611799045	95.2099725044	-1.74634637951
264.780632774	77.4364379586	1.92946967244
-222.78469319	-329.321973926	4.88246343012
-402.3276974	-173.880543659	13.4324098731
37.3654250245	381.639656314	-4.49588175329
-355.70126634	-184.706117593	0.809695974211
-150.944598961	-271.125566881	4.43967113728
300.655179045	110.603763583	4.0886762481
-341.488835009	-47.8441062616	10.8028132563
12.3260160422	-247.694870787	-2.12744465589
-21.7476357784	-315.710587714	-15.3921501211
-349.702397152	-243.389845591	-11.4532169553
-292.020399004	-304.025455267	2.417884173
-174.489877786	165.620211016	10.0515660622
-259.767611874	314.485796074	-3.18514143406
-27.9834060039	-242.167056145	0.165531156088
115.343480217	267.660683465	1.52656021911
-361.38531771	234.21254504	-13.1870576103
-262.562902929	-268.574498201	-4.82894270174
120.184605193	25.9158405775	5.93372724643
-35.9163984656	229.95369028	3.80994836285
-150.256717721	-167.840332741	-1.26521743075
-0.0370264303112	101.210269876	-1.00219807658
64.307989968	272.775051391	-0.375025649795
-273.752481184	-146.176447246	17.8646943439
-277.587583084	102.435279116	1.52780267555
346.900370675	-397.515115544	3.60057901117
-402.942747212	243.092038413	-30.015724825
-187.791807502	168.260876444	-4.51997932344
198.940010161	297.391567786	12.258979056
265.470743825	319.468272616	-0.494064817087
20.2451403308	-64.2897466631	0.802909050377
63.0059429868	210.014203173	6.44296757385
173.330103751	116.092567638	-0.40732070242
125.392654773	-63.6108750792	7.15858647162
-98.2334546767	-121.435290564	-3.56758649812
-5.44011202239	-146.932643914	6.29120426176
362.354063164	340.732648411	6.23437347181
9.80399007056	-154.501986772	12.8899649557
340.815564626	286.227769678	11.6055152261
-375.377709102	-338.002049337	-5.93195025935
-75.2072407817	251.412455508	-1.95558782093
-150.997157101	274.317837741	6.96063707275
-244.454065329	157.075436619	-15.6269494899
-192.846156315	53.7622586056	9.25913582571
-387.422002409	401.378172426	0.659793083775
-209.194656721	-95.3297712777	-1.20182655331
54.5165729333	-131.455949177	-4.16185923281
-53.3833507391	-1.53043933956	4.89724283227
235.411093082	-183.118864177	-1.84396259653
9.7812470976	-356.59807552	26.1283294944
54.3701577657	2.56412455944	9.88217558019
205.992539405	-66.2988771948	-5.47999582454
52.5373221657	-326.210503091	16.4296384355
-290.492176346	-96.9567592383	0.246441823982
-91.944272651	365.840693323	-5.56799471928
345.627892893	-328.724625378	-10.6419760053
40.3064149609	35.4431224524	6.5703106656
319.637114188	-157.878457232	1.20354613027
-357.61548531	356.136633724	-21.6687745307
-75.4420068473	19.0386576389	-1.05758458554
125.852672657	-375.094039225	9.06110731592
149.720272278	75.7500022547	-9.26550879229
-375.100669308	-60.4001948802	-2.06563036368
328.48771034	140.415508382	9.08701926368
-380.533074777	-182.022330916	9.84648197365
-49.1263362244	135.816012754	-6.03795068467
-389.692326193	-278.501353977	-13.0453881201
383.9316907	335.360575745	7.08496875543
324.577118041	-46.1815707488	14.5495746571
-115.759417269	105.670866375	1.17629646039
79.2626304769	-118.766106472	0.428628660725
161.306382544	221.761486085	-1.3477617408
-244.82035461	-16.275080046	-0.365628553149
135.439648847	347.138293723	2.45908045572
241.203849702	338.454175175	4.55265252676
298.279497801	-8.69325609573	-9.09425802384
-34.8631070025	-76.4731913201	12.248116861
339.290439795	-51.6188296408	8.60383923558
-267.398881177	-191.829417407	5.5185796928
367.693133454	338.170717086	4.40959563018
-92.0061411584	-85.9945107751	0.44924360843
-201.071977754	244.919429723	-1.64553313009
143.289787969	245.420439096	3.14461505416
-127.988272871	368.110562324	7.97590752853
329.069270095	369.643650443	9.76425944897
140.133824764	-252.677904473	3.21885347099
59.9521932767	294.051499802	4.91370932387
-3.4504928505	-77.9197933085	11.2887807373
154.292033066	-79.5955156029	-1.32540022777
-363.82923588	-327.505477311	2.50638065714
53.6909637316	-310.093929264	-6.82978231504
-160.899980794	55.6174857121	6.33855372699
-335.709500762	-135.112582993	7.34855810551
-8.34750496099	3.99971919675	4.61589678808
-357.326560766	150.193976053	-8.82073919016
-352.233620337	-312.322771422	2.82921562821
-219.828305159	137.651378523	-4.35347864684
-397.235487048	206.958653447	-5.57117389314
-3.48053569247	-403.541944783	16.6161381267
-118.818146506	96.174103964	-4.39919573837
-310.697466435	185.341622079	3.86842895189
390.129263617	344.166733546	27.856521543
344.785604908	347.620045629	8.44413423458
234.612992676	230.80084637	3.15900095573
-11.9519009369	-130.563822422	1.86181537942
-99.9262459802	-400.017392827	16.9155807355
183.970654369	192.028551784	5.01523923362
-188.870611149	52.8362721731	6.67140387744
-12.6276153138	-68.709577271	-2.18231705
231.964858765	-41.8595794481	2.46441914447
375.653243476	257.230745495	17.5389611142
5.37669422318	-276.735918416	10.5447071634
131.324304046	156.608961528	7.71781144969
59.739365575	-225.69806558	13.1482343864
-318.592663229	381.038108475	-3.49286198785
136.179992237	79.0756813427	8.12612834215
-144.155225946	-349.968635561	-16.8641018187
-211.952129135	-124.611462743	-8.07443268739
128.793650467	246.71929118	8.55480525755
-117.362276476	48.7810802609	-2.50071517108
148.667298819	-312.819679071	16.6367329412
-202.850357192	320.172348094	-6.43353414898
-60.7085327938	-344.82636188	22.8647487087
-277.816538332	263.553077978	1.32928256827
-195.439230032	-267.432753956	-31.1344953436
-147.227988431	-71.3637154964	1.00533847615
7.97827633489	110.044382333	13.0390352772
-87.6753361554	-181.355073959	-6.70509617927
332.426695852	171.39751732	1.37074011386
-125.374427293	361.210935596	6.08140426657
256.239066934	-344.174989782	7.62684398135
-228.608181622	-4.78851176069	2.68072015546
-268.196651512	264.190602339	-0.115755612263
362.987518643	-136.796310315	-2.5591254497
-17.5152430057	-258.213610121	14.5400175146
106.153066514	193.101963732	15.381235119
-66.9451868068	-243.118533731	2.25937849672
-49.4356510527	-251.350151733	13.0871619439
-45.5818138309	250.219189328	0.442685721518
-320.596857909	-121.89723758	3.10844991284
184.686621031	-149.562516958	1.78624100213
372.256882277	-247.517536732	10.7568989982
337.639233394	172.549907914	5.60830719554
-38.7073471704	-233.930448959	5.3956529601
388.197265423	41.6466238052	13.4381766509
228.970272543	398.39476043	1.13874684001
332.102156629	-117.414263297	2.30784181186
361.95516342	-97.0929730796	21.3245934703
-90.2066779577	-203.642822032	5.61273084586
-185.318679504	50.5748663591	3.68275218307
49.3373787373	308.637490153	6.96151261929
-174.631321519	343.918182945	1.6659773258
290.451589193	404.642165572	5.1522551904
-169.508138534	307.28246816	4.69428209654
254.513074299	-315.246035456	-5.50944856941
-195.270135922	-284.704007568	20.2655194311
253.15207835	-148.184087859	2.62970524461
164.944713834	109.745582308	-3.66378039601
96.3134643207	270.137202037	6.06075484308
-33.5556115301	379.408099793	1.61849296561
-292.120264434	-154.533489396	-9.36025462439
-74.326953731	166.588238362	-10.9480351463
122.000047732	-271.087529618	3.80336601193
-64.2094439878	-256.98859685	12.4859334672
200.471041522	-280.734507265	-4.15990062352
-372.165532699	-97.3393194263	-14.9643103518
-60.9947249423	-227.981691423	7.02695691125
-14.9253821165	-190.010310295	17.6102915084
-359.114657903	-400.800085901	-0.611708531082
301.929260494	-41.7751728858	9.51968187777
-7.00913058573	-170.102011167	-3.37538762023
258.649494799	-33.7700538951	5.00537032012
282.124645045	240.918832533	3.78434972714
-12.2509291813	169.325619087	6.8017717076
-350.090380539	-224.686274352	-22.7814130312
-69.5403918054	98.3234948182	-2.34194423309
218.645830534	269.72275174	-7.68093785346
97.2616637198	329.246438671	4.71969565881
-351.872110622	289.769500006	15.9448471968
-251.870957469	229.499984972	-10.1141094572
95.4806893335	141.932961171	4.68815212973
-161.52248013	-157.99138656	7.44877042008
-130.465161455	-153.023095423	2.99053971631
300.127699263	165.35354582	3.46414184604
188.200284639	-15.5563038671	7.71286379884
-266.607253206	319.010121497	-3.31496629451
334.374080973	-305.084847807	-5.69523497842
-166.356401917	352.86725637	3.8599800857
-288.89737605	9.08637636216	-3.41509739118
166.73487834	-148.7440974	1.13771756194
54.6740181329	-38.93209449	24.5254951473
-338.881478601	225.38880145	-12.2817900733
-82.6834041096	26.9785092934	2.90693723062
173.358168885	298.878069062	7.49440572056
-319.755743815	-198.805914839	-6.312351917
3.26773387256	-324.760970152	21.3879890468
-391.354467317	373.346494464	12.2628664585
212.714661364	193.617559326	6.39238164474
353.182706699	-293.363496417	-10.649956723
-121.444816693	257.005993243	10.5396466282
227.560190193	-131.410816933	-1.20871874606
-171.249875259	214.893492428	-0.218464087531
-393.901876894	-138.513348596	-5.26511764418
130.655372714	-195.089908231	17.0871392409
-136.117704086	69.5023470934	5.79359550282
-116.411913922	386.10441849	2.05056696693
-81.5406211834	99.5494108228	0.214607334015
1.0999825878	379.103453603	1.6875950627
135.368306564	87.0295334879	0.576744227773
102.196797849	65.9047466492	2.59189942642
-103.422151875	-122.233225538	-1.32414708216
-91.3823650568	-95.5145643513	7.09772779844
391.30585202	-186.74945234	-12.5479885039
159.480132781	-316.606837158	10.652570093
-363.555330445	-173.921857066	-2.47813680034
89.4010947937	-183.094361084	7.41246614236
97.296574938	330.256933146	0.411845101323
-68.400809511	-19.7394019267	3.89923781927
118.517895288	317.962567539	-1.8632435462
125.944655557	-102.598234401	9.48964294176
-352.586775107	-158.876406713	4.39127150308
109.028332344	84.3734601704	-2.81782069402
-183.370166625	-219.622556621	-4.08590899353
-58.7781788963	190.574503002	15.6356020341
17.9325876867	153.945361196	6.4861150734
-208.115531235	274.674930924	0.805341464175
109.724770828	-380.313424252	11.1544857063
-326.821196774	327.497225593	0.913267262618
-198.938951544	250.4919629	-0.338214827565
357.588179234	-401.310732811	-0.345533815888
317.21902662	-58.4443378362	16.4374208936
-47.4220733443	-177.386170541	-5.0039558465
182.747147304	201.522113961	-6.18430667691
45.036147189	-310.450675506	22.1834139972
133.910883547	-337.23349915	0.0447225795297
-390.629339477	-146.389710282	-1.42636526821
51.2208225747	270.363654273	8.48645000984
405.041550937	-15.9319558115	-6.13786100485
50.9620604342	-52.7669118256	18.7158798183
-129.62027699	-4.10487217301	20.3924772675
-392.748737685	21.4991679779	1.875582661
-326.297974102	282.717872239	5.71131369707
-304.667053415	-400.150215288	9.67921242016
143.831957613	-100.428335654	1.24344674629
0.863061669852	59.3280145285	6.75886213217
-121.97152046	218.215703685	0.962257645471
-262.940654028	-376.832855271	-0.41999566823
-355.782129301	309.001042393	-23.9335149793
364.389819125	134.740274799	-11.0927177823
394.592270253	0.431438889389	5.32245793287
-95.6932800476	-239.664398784	-4.54173383445
-304.12462032	-208.070394287	-7.47685854092
207.640640196	-364.239432429	4.47816426011
-12.1022402301	-337.91604761	0.307661306047
245.523117129	-288.586709712	-4.98183141821
-250.924847259	271.6683873	-2.78892676829
26.7341957669	295.042407473	0.489221666652
80.4757347599	223.56484684	7.25510812121
182.52697206	-291.611671216	-0.757890683322
-258.739581613	386.65153474	-2.43357727884
289.981543578	-140.317878673	10.9945261274
134.437405098	30.7486211154	1.57379523635
-13.2161659037	402.5688161	-2.85097990042
381.126011685	-182.602864007	-9.97485201033
-93.4867462687	353.656871449	0.818044375615
-52.0769064537	-263.873467907	11.0987068551
261.766803906	286.912858534	10.2337041204
200.986561284	-313.459010583	8.24605281224
250.629709113	-63.3058876881	4.30090973058
140.898612401	2.28996552192	-0.661468385237
-223.924741955	237.874731765	-2.55098596324
-186.450583543	-59.7321920747	3.89882408441
292.255708054	-373.846435061	-2.33839733173
333.569284332	279.363254955	5.84917944272
-353.029338253	-347.042854804	4.02476038033
-140.259885655	93.6518898954	6.37719319281
-57.2205737554	80.9102939338	1.59058709813
287.05866637	-282.610397772	-7.95371295425
269.662143038	304.640100782	4.1601168282
-365.453582968	-265.831505048	-5.91031958352
-68.0710750713	-140.160655857	0.598831424388
-321.839749732	-145.503622498	4.81592204689
-183.940174947	16.8361327401	-5.55820997133
318.726045049	-92.3276680521	10.0656701353
-319.728292093	-247.881033076	11.3653321754
218.474376209	-347.525082285	3.14809682291
-98.156293434	-76.8806194688	0.936623880368
-329.90690474	-298.966747872	2.21309535524
312.911670959	161.639933181	3.36785257932
65.3918548135	-190.087205024	0.423168208909
226.869067304	-217.021023329	13.4465459693
202.175837047	75.4337013652	5.54292551168
-27.9817844556	240.258701579	-6.53829510965
-50.9942552529	155.777178382	-9.14108656463
278.867752182	-10.2615417794	-2.69173571207
-342.741972825	-306.533283514	-1.79913143681
268.520852058	-19.0102058805	1.5531373618
296.120489241	-314.018989767	-2.05352031064
290.690224899	404.524497609	10.2005642389
274.169241037	389.671412429	6.59350094726
-134.447246834	-170.700404332	20.2478495465
-57.2117321871	67.6642303988	1.43106040431
-303.860399634	233.433184223	10.5863701185
66.3698714952	-208.696937623	12.1654076912
-149.198019288	-296.111318902	26.6330461168
-304.55451037	375.447902483	-1.54619443489
155.15361235	195.30231055	14.0948646225
112.028015436	129.82089627	-4.22704370786
-267.969403198	176.195787087	3.63215638177
311.319652613	244.739631532	4.88962261747
239.304987432	-200.604037316	16.2422997203
-225.978138843	274.319099856	3.57707804357
-285.096125365	111.409004722	-1.53541066782
-262.852207858	-202.313800454	15.4686589137
385.499295088	7.81972491756	14.2933814176
123.602719862	-366.522646458	11.8066177731
132.561571815	126.402683852	5.44077582401
106.845803441	307.811303494	-0.126288098571
150.82445926	-62.7566474409	7.63205686229
-19.070197159	247.671659148	-1.47982921529
231.273452725	-241.064408114	-3.29444177045
284.927137786	34.4355416536	8.15945976617
353.539209359	-361.628450123	-7.25766215976
354.156463821	-311.874667289	11.2726812685
62.5280525669	2.99915768779	-0.0324680203062
361.129305916	159.05445223	6.4830218885
-126.517794447	-52.2183582115	3.18705545996
-251.773683244	206.416741255	-1.81033736597
113.298464799	-168.627903271	-12.0361768213
-385.309002135	312.024537433	8.39531969012
-105.211295117	212.550510139	-6.90497893992
371.026368226	-220.124230469	7.38498840427
98.7858848235	-185.369313283	6.10374370842
76.5127238183	-313.556817407	-8.16486272634
-313.491530825	-62.4385410289	10.1885503705
187.807706327	76.3654888953	10.1259611919
-270.226219422	-406.495575586	5.22412337396
348.238552336	375.881679846	10.7688736032
-173.495247103	220.083779249	2.5401547312
-77.9493540018	37.4026155819	-4.48194822355
-338.970641161	387.251667691	-0.114891575242
-189.947302237	236.940811218	2.5490543441
-299.171496518	138.238573872	-20.804796236
89.7349599699	-242.803875181	-1.35954543762
103.70799656	198.778967835	0.773688492566
170.474425068	-220.217116756	3.30595055732
350.096804289	121.034198883	13.6826031974
-194.661668719	368.126114276	2.73209864823
274.280931597	-143.204294487	3.22736995455
335.4880288	81.3499001923	0.275527976626
195.173538244	-35.3034192328	7.9356483596
210.318198928	-112.165752535	9.48991626157
-366.43421082	406.738048028	-6.97629725756
285.302008486	195.466602037	3.1695511303
-64.6059564267	165.646136212	-10.6560614693
-173.437556381	-20.3040760838	-8.71539304991
106.2538048	-51.8902096244	6.44726605799
268.780795043	86.8428992273	0.905038046475
159.948455537	-150.722407678	12.1912807029
-162.052706751	18.6525595698	7.97557804181
391.676229624	-248.593329328	2.61464568969
64.4877701531	-388.914656435	13.7313433571
310.533503513	139.302839811	-0.134902730104
-34.7421587004	306.277151857	-2.52159579547
88.8608515024	-82.4091904573	-2.75865353927
-366.740991444	-169.00624115	19.1585384057
-263.6962167	272.000930213	8.50005878585
126.299188576	-58.5523605221	-5.14969540861
-35.1526251537	123.308405044	-1.9707143458
-18.7594338547	-24.0297864997	3.96458687842
44.6208927657	281.431330645	5.01356811275
-199.152830633	-179.587325403	10.9939882655
119.09929987	76.3720772513	5.56664416175
-106.527891682	105.701843434	2.29660595643
-78.2043003328	17.1569987427	1.82107676962
282.887827089	-212.07788728	3.90808127778
-203.90327172	60.2308709284	-5.0990231819
-150.871149607	143.379069541	1.47578471953
-397.667091154	-141.439286864	11.5489501465
-392.553973798	-405.997318329	0.588104360481
265.413759626	-1.79088114882	-0.394367868673
121.105389371	-268.420360979	2.93628447066
390.526430847	-160.539626172	-11.0557809625
-248.143123481	268.592371693	3.57505190897
280.592986864	308.512834373	5.21418429555
189.644340809	-237.65122416	-0.904929032067
79.5574757972	111.95049331	-4.02347186146
295.406037425	-316.199754731	-1.92738499545
-107.168588596	192.112317644	11.8817199051
-394.966376381	118.490015309	4.17411337318
-120.930066774	385.347943884	-2.4601771916
82.1004780201	185.097718745	4.22613808901
227.168507517	107.014575943	19.3520852288
-174.436261568	-37.1271367632	-16.5718152667
135.786228642	141.595573315	5.16054142079
-230.247200199	59.7619169223	9.61501841949
283.841381116	232.165998978	3.57907215152
-89.022515177	-36.1026025551	-4.94757880294
-269.790037667	270.080994745	14.4923765733
-197.667645325	-55.6960900221	-6.03260362001
-384.704831421	-339.580474329	4.14269846856
-215.022784038	-211.854034115	25.2733667537
-379.912030462	-309.468418499	2.37748210912
-58.9006514239	263.180030841	-0.267898782043
-53.8006373255	403.625224612	1.50537712876
201.562420889	-341.735911078	3.42486993468
-312.694971332	-236.65596986	-24.0247265076
-35.6756684856	81.6356664902	2.25838198532
-292.589814926	272.090177998	-7.01517749007
-363.891115694	-360.896068238	14.4929012466
365.600099685	-176.998686953	-2.60364240144
228.893796232	117.571261284	0.136161235152
323.119636468	377.648153913	8.14550586026
196.21081838	-76.2827223563	-12.5078113075
200.156284807	202.479718744	-13.8871625702
-290.14573826	15.0235929744	-4.19409652423
-394.791279306	-349.910158924	2.31901000253
208.667144866	-109.770432077	2.85511551412
-131.902289545	338.499399578	-4.46769999974
224.849525305	-371.769375452	-6.47057940555
15.1821669905	-178.234573975	-7.00682864445
273.382698981	-51.2906020671	-4.78518613589
-205.42420973	249.914583787	3.28688347192
396.066420088	-388.484751105	0.286932369038
-351.964381354	352.794086261	-2.0320685478
40.5512298353	205.464906156	12.1904039433
267.325832186	77.6027196436	9.7935956314
39.1459028049	268.056596587	-0.114472199304
335.316868831	275.324297405	0.707801928138
-39.30249956	-210.125514092	1.58053123723
391.999379006	-183.342416657	-13.0530751866
175.278073949	-334.535481225	8.72861563377
-98.827605033	180.667419479	-1.19562041328
266.589436541	-318.921076461	-2.08824251098
333.918119893	50.7200133503	26.0291173668
294.835952711	-395.267450791	-3.52984678335
-392.327373471	-35.019997991	-3.21035030289
-137.545971746	178.04696935	-2.65317057772
-175.550780511	298.397029044	3.06553710498
227.387376751	-354.510884265	2.44446176792
389.58643878	-274.923409686	0.907539054242
-234.359389896	64.6383496685	4.40140738487
235.566326572	-337.982835932	2.5330950025
-358.395755783	386.771718733	-4.89549098779
255.696788278	342.864227226	-5.30548012523
-158.377839242	-72.0520949281	-1.57945413511
-137.559487565	-237.561354811	-6.24571201908
-378.21327888	298.060312295	-18.5495289216
-233.641527032	385.385926131	-1.80579368794
-251.751102776	-270.73507637	17.7838676055
-64.7310694504	-90.4556603569	-0.306529745836
-319.167591509	232.388200348	9.90128362583
-221.471530178	245.110641862	-1.56555440531
-374.764477943	-188.945385166	-18.8115436169
-94.564490207	-343.123456372	6.34093300297
138.859758795	394.208663229	4.1027973792
342.572941383	196.852318885	10.136287771
208.051054656	-195.681750463	16.6224439254
233.756197145	-165.65694596	0.125989719921
-73.8860807286	-145.582123923	-0.453620278879
-284.801576247	-340.568165946	7.03854928405
101.051891916	-76.538735271	-13.1819831039
-310.249442303	98.4527316683	2.9109436022
-347.002349318	-101.832100266	7.64654988787
-363.879513131	386.369087287	-13.4699049593
-374.1188965	122.522119547	11.6821839988
400.145684582	336.604313385	23.3484418207
292.973898816	318.868123399	7.5363012143
-180.629093523	226.881806511	2.38162014907
-387.927568139	227.715515478	-15.4918731967
-150.244794385	179.230180171	6.77147346504
296.318881925	-26.4766835404	12.0820197168
-116.149159247	325.204232237	-1.50015731811
-194.504994029	-171.559044727	6.02619844951
-241.786052886	43.698270172	11.1627448231
347.298131735	-393.863727952	6.19812162159
-231.828003723	189.17015679	-4.81449327816
-345.261751959	-19.4560579396	-0.994593060225
324.510381432	357.738201237	11.4120388041
289.288348782	21.0213877295	-13.715058214
202.569327916	-333.788073641	1.23452406259
-342.920291333	-292.07405925	6.72476806909
300.036913749	306.938352901	7.26381253011
366.943134981	-168.197327648	-8.85618510002
63.9121064879	-9.53019575587	12.1904627308
-149.004788296	-139.260619439	8.13227793996
234.647073199	89.8884749825	17.6060995594
135.775284022	393.639447463	-7.54018504876
-86.7635123412	131.62570757	7.92253158845
-117.361379982	-363.743872528	18.8603000361
142.53947243	379.928176194	-0.708746256159
-208.761345222	402.129209614	3.89828907788
221.216298072	-107.004600334	-3.82814263064
-11.9883035053	234.895879096	2.05323265282
-217.637609181	-182.085486639	2.02920839619
60.1477314838	299.749800906	5.448979312
-130.335741861	116.128660725	5.32683187158
-93.765228932	-272.914716566	4.08554376284
-159.3309582	-247.932069289	-12.2530950379
119.87311249	307.108654063	2.92099129145
282.806763444	-388.639843232	-5.72734664449
262.486967591	140.43069627	-3.51246670257
107.742846792	63.4200181663	5.11336749971
-91.0917713063	186.421911639	-6.28441715317
276.697553513	403.485519509	3.68685865488
366.762352668	271.117964105	9.96654099064
205.600427339	-344.675822221	5.16818996344
221.48616858	252.78125854	7.83508378185
-370.685207785	-161.089517018	19.8697238669
16.2487296282	-42.0397742493	7.31232741664
400.5545784	325.992783113	7.88820949965
-162.68233645	35.8084536755	-5.50386018658
76.740163337	-2.17940845321	3.94569188553
135.965126771	-195.205819584	-13.7761902125
129.182948846	-396.849888994	10.0442926856
157.992442711	291.668871599	-2.87618303831
-206.138003802	105.463429953	-2.35306800398
244.043894429	289.730077131	-14.6077046599
-178.903653392	-160.189263665	0.966106935392
381.821411138	-319.7248702	-4.4887019194
-210.924518832	-220.692727819	12.0724833748
137.218925839	100.429820027	2.19626498274
392.084553959	-243.830096162	-13.5976718654
-297.947502343	-26.1004228927	13.3108395191
-171.144128086	-51.2851822115	7.70195326128
-335.048325688	-297.78771174	-4.65313266889
365.282353034	34.6781218802	2.46256838284
-147.099235284	-239.468197346	10.6686245376
184.435708908	-282.584611452	9.38647565549
-388.950829646	76.8690770073	5.48682924961
-335.819894616	71.3519059127	5.04742254436
91.3665550463	389.441104041	0.531840927935
-353.821587215	-296.314585573	-9.28632209583
-375.645786537	204.186566881	-10.3829108345
137.992109435	-12.2814135766	8.36728404469
-16.6536649598	351.708788748	5.25139144059
-82.7230634797	-51.2117028509	14.4805967079
267.760679172	11.5026703822	3.24718145393
-123.34385405	-23.2169136846	-11.8524265744
-40.6423474828	28.1692022814	6.73729948484
66.4357058828	97.5184150301	-6.45842291293
66.4820525178	138.634461192	-1.5794658849
-378.030009307	95.6873699941	-16.0314315756
88.6772713604	-345.059148684	0.0717041514519
-27.932812714	252.01928415	-15.4075484278
-78.8335266047	245.182074515	3.71094776601
-194.648945008	403.762955561	0.54865447125
-360.465125046	70.4537613596	-2.39731087814
395.436383064	-113.733687293	29.402838763
-42.6173522476	244.790186374	24.0732012388
64.9200730855	226.102598668	2.82662005802
-32.4247322498	-54.5082082747	2.71833803509
351.905820902	-123.060456181	14.7757433676
-109.943394747	-67.7779850279	2.55265272551
297.973193492	310.110923205	10.1573615591
-194.779772291	91.3926344661	-1.52194942105
-16.2275418488	-206.518772368	12.294992575
-135.541950106	-301.340500471	19.0713926424
173.085864389	339.115437634	19.2845578802
-101.505437901	5.00014615156	-0.212650880025
-262.209755333	-37.7693714722	-3.14037137143
4.44750730243	-187.588640285	10.2606698563
261.682440887	-259.772639148	-0.918971454567
62.7723545641	177.145474601	2.28642037068
-378.776798792	196.880211197	27.8163075229
-171.461288054	-378.959553493	-11.2970961272
136.567294525	-304.511451586	-6.53853798091
-309.799916611	-375.083846095	5.72063409547
319.158794107	171.179306096	-5.52825406218
332.330591118	100.898320481	7.15813876502
-168.817153117	237.560053765	0.225427801374
-29.9285419307	-332.816737945	7.80878746769
-352.325060293	387.32521083	-10.1979692732
335.762852549	167.915372822	-3.28168423029
-46.6518306968	268.116418205	3.88537405781
-60.929352914	-97.9908354405	-12.7872220094
-91.6123581686	-173.603921302	-0.464240813829
345.28656945	-379.381742218	-7.73907704839
234.534788661	349.718072913	-0.139398026076
97.415233696	106.845968823	-6.52490638513
246.405217176	382.41750765	0.826856872206
240.848453994	6.41902352753	-3.66289743423
267.960422948	177.07148727	0.715224693033
43.5966975964	-129.982306748	2.9946259763
388.938043362	22.3484958573	-21.6551241274
78.7518611163	-364.102652605	2.19080233961
-225.516119559	-299.298553766	-2.93878581066
-276.620421748	-33.6415439208	-1.54818984188
-23.3635645016	-292.289924067	15.1058431881
389.180158851	-171.665422726	25.8410361799
-220.070512238	172.952200973	22.1278773935
-79.8140464693	-86.4128173146	8.81510497956
230.799054501	153.989035522	-6.37466028122
-18.9103072305	87.0956579169	1.42424398716
-76.9949597219	328.771005821	5.68103285376
158.663668144	-241.518861014	1.67785550842
115.818594916	-240.255775813	9.96871012426
-172.747873878	-232.263091903	-15.3092415402
-283.454332324	-351.875458495	4.69103832863
-174.258113822	257.004511493	1.10718636506
-2.46521024215	141.7181514	2.50315872177
-29.1272464884	-373.557949342	-18.0196625687
187.492426476	368.449405926	-4.85775967782
222.230328596	271.883318815	25.9562756381
403.966975962	-73.8509259877	-2.54376324055
68.9529030606	127.705219632	1.53072886703
-188.796749166	-397.86530241	2.24362621534
-334.50138035	-242.830878406	-10.05674236
-166.413238535	105.359051737	-1.06287084293
-58.7806888777	-379.749672127	7.68800749652
-312.063740825	60.8651530871	1.77152992984
56.8722905845	292.446633206	0.851597036771
245.630679939	-198.455263676	9.43003590283
-86.2213862028	244.187260833	4.40156267976
369.635248595	-170.6055958	-13.6119994794
28.1733338069	257.876361589	3.40442734725
343.933787127	-59.9422658852	16.1846390867
-5.5087282021	-286.404645851	13.5650495888
300.343812824	-160.558007922	-8.4287491168
-213.578852154	111.445519584	15.4792651571
-270.031168529	-147.992612903	-0.254002847135
-248.121833287	364.568806286	8.99110071783
-190.481474508	-153.002150117	6.25348304614
-208.371835276	401.50765883	2.52663081835
167.65080572	-221.859936668	4.51056860469
-120.858238421	150.964035403	1.62378104385
-358.130228806	305.91258967	-2.40454408233
-253.87072166	-321.665584896	10.4097728488
127.45762002	81.7370244979	0.727747237544
401.10022633	166.186842462	-3.85777652027
71.5284811434	-141.947085955	11.0556948838
-274.491094912	298.014961654	-6.49644846138
-108.159535042	241.509461919	-0.521594732316
-236.39085758	-97.3085313583	-1.7275773174
-387.638191569	160.95596566	-10.3865387894
212.61652242	152.217819478	-1.9086054125
-137.988831962	-26.3599458902	-11.3326685475
-392.0001652	41.0452274461	6.07030744533
97.6307005862	-0.842366227845	-4.77249947907
103.966793698	312.739505362	5.29638313143
-261.362290285	324.975686337	-0.711777975403
-347.535955656	-130.614386742	-7.88356149444
-401.655696928	122.019481723	18.3175590486
145.905420302	-234.017470228	4.12083917714
-285.659192985	106.796815925	3.59150408217
55.7110659793	83.8020249536	4.50630142373
-101.046881752	-386.425532926	23.9244852326
-400.137411394	-115.867985539	3.83409013993
-396.627071714	201.916442415	-18.5518606116
-139.488303798	-23.0932283059	-5.32042897042
391.19038917	247.86306277	10.0159581931
-50.3488687405	220.49506733	-1.66442492228
386.274489024	-266.190383913	16.4009155922
-195.872451003	207.610401432	-1.25299374427
-56.660453827	121.35867108	-0.485742581797
154.531345477	-378.923704703	-0.682039781965
131.125995436	29.1381629965	3.86024668119
330.981092615	-72.2771713594	9.39542528201
165.06425942	262.950196558	-14.8328491761
-146.907151662	-159.169939606	14.7170787606
-139.196314247	51.770733359	14.8524662624
-204.449436041	344.972223664	-3.18734398197
374.205427644	198.664020621	3.19855246311
168.604293264	-72.0137534899	1.72144975939
104.74836955	-352.353763954	-1.15749608403
-343.021624724	208.997440678	-11.4199461671
137.080198233	343.838721805	-3.04388220216
34.6940081276	-230.1087567	18.4798142024
-14.2662179028	372.403089013	-0.80630296841
86.4122082727	309.289440596	0.889185105092
368.647896311	344.354878486	-0.414970311935
2.89836621924	319.730289103	3.4034893191
-50.4914519684	-227.741781938	8.57850420092
156.96822737	129.150503054	-0.839652107432
-45.1297580511	54.111966568	-0.251262387038
354.986928094	-157.173834929	20.6156000987
354.659795636	-203.901170076	-6.04146403125
315.999315164	-184.942105627	15.587895154
182.29638485	-285.698808134	9.38917782021
-95.6281493335	-59.3443736729	-3.06861074356
152.341864585	265.727909518	3.7748722761
319.749406541	139.80417303	-2.67618884728
369.220255926	-158.055279145	-1.22481908001
-170.424399934	97.067229327	11.356150159
-90.4898328931	349.997128973	-9.34951669334
-304.871351722	-195.116244679	-16.0344164113
75.0963764353	151.553628654	-0.874240188473
355.156765374	31.6079891832	-8.11547469155
29.4159676529	146.50416923	-5.19585377845
109.076826992	156.403353187	12.3693203133
-117.26274658	154.972847682	1.60646492641
-184.860591349	352.13926827	3.03878293988
-350.46488717	-304.18146057	-11.7045052035
138.466273483	-10.1474894246	-5.87903695649
-53.0330186906	217.523021298	-0.654777206485
-133.35582144	371.561869053	-6.36292561964
259.541136542	244.05980995	7.51455860667
-25.8491886416	-188.420394031	0.26757588357
-134.508408813	98.4078906497	12.2237091884
127.548337426	231.313482923	5.98516477157
-220.628538999	-250.328382923	17.0724118799
-307.281413395	227.115420055	6.85111248191
120.958015333	193.614849837	-5.75083916836
280.633749286	-157.301917184	11.7105731711
302.791900414	-253.162986844	-0.322704194675
-301.113427034	-71.0566447614	-0.673596085834
87.3357746909	-286.230710513	10.8502197937
235.845940458	180.648851325	10.3370294532
-117.03552744	26.5827912802	-3.03754298607
-356.192371387	-129.250735541	-7.34752983573
-360.390434588	242.230462508	-13.1438038766
210.715435282	34.5457065606	4.14078952544
122.300061956	-82.1561002539	14.9058157886
210.54038074	226.29847204	15.0095021552
91.8275002673	-247.339695571	9.81680465898
-198.582691006	-72.82387582	5.38348829095
-219.835705067	148.606232656	14.4670507334
-193.038183594	-39.5842622686	3.38797296942
-44.8670730423	5.95061105394	7.06106909755
4.12674309527	121.125495168	-7.57510404715
-199.820308448	-248.11942848	-2.66403668846
152.737811298	-154.426478991	-8.17999366699
-173.642648245	-230.029737673	18.4005061356
17.5132079621	361.91635211	-6.25723527518
-29.5167660436	128.140806581	-10.3272962158
90.9816675537	12.8225789837	1.1693711159
-169.219568815	248.467382382	1.12022436973
301.905659797	381.625982763	2.39352450805
-181.563923849	228.485074406	1.22772622681
385.724009155	-73.3186415566	8.19296381386
-145.216315437	-401.943047678	32.3199112432
344.414986986	46.9710055959	-4.8437151766
339.210774668	95.0156646937	12.8103150827
-45.4183850304	-39.9988516552	8.39560393558
166.079675933	289.041568793	-6.47715564981
-83.6951974989	-176.288885466	19.3600627204
330.041824505	7.35101047988	-7.94975575633
92.017827638	240.888608532	7.4714939925
159.329041334	-176.004228113	17.592905917
-46.910626322	-380.193209229	-13.165541122
275.594044142	-92.7224955534	-0.0246912882309
163.855533126	328.53007031	-2.91688445173
340.829443233	-5.56390107943	7.31376902369
95.9088347473	-379.675656003	0.593152402695
-67.3110457565	-184.07554627	4.57029735556
110.541165312	-334.960829548	2.70703882773
-164.079444159	-149.612653857	13.7662962852
406.277319911	272.785241828	0.296786667737
108.053816868	-180.857777213	19.3690034611
62.3143260884	125.689802344	8.75498008486
227.501891626	70.4893417615	7.46953043355
335.139991402	236.191050965	7.14966546281
40.0416864941	-233.311607281	15.4744913688
176.576468208	302.445809842	9.39928786005
119.487151804	42.7600840355	-3.46341690307
-157.536112162	166.774405355	5.2365027839
-370.892586368	-160.799159502	-5.47326439493
279.633484718	203.399178396	5.35627105043
181.580984689	-94.9790098805	0.853862674697
-145.589512425	97.4321247707	-0.987538058802
-140.174658146	-283.325127469	-2.61844766834
-271.237116262	210.158765574	7.96364423457
-297.20733601	-292.524801011	16.4693606484
97.6670919757	-271.434130539	1.26037371113
187.968437283	298.851242601	6.06024953795
-287.76733641	-32.05991957	-5.2407486447
-236.865839114	165.164400541	-5.14442394594
2.18198458141	196.619454552	0.155725669591
-106.218241682	-326.48203784	-0.714287595762
-124.431921847	-96.0632462335	7.62423392059
-213.283869018	358.018360618	-1.09453443232
-134.288499365	-301.709997479	5.30866392486
-12.0188548835	-148.692230526	-6.16931637789
61.6144843627	-288.03709576	-9.96872140194
87.599652871	-106.822572067	2.42360401695
-331.503973533	136.313374063	6.68479987117
-9.80341313943	-220.067130583	4.06256715479
-269.657776353	28.1138284691	-4.69951297721
-12.4185681926	364.196075115	2.91863381676
-156.781841446	-110.676448111	8.59489273269
-116.106129585	138.44185724	4.53565985482
-50.7486844173	-277.692130038	14.7227724627
-49.4117510065	-241.744858403	-0.373865920536
172.978590316	80.6559356632	1.8072587544
-256.826436985	346.370400206	6.67704863799
-352.254323285	-151.703332769	11.786749789
-113.218094403	-177.60716183	10.6603772298
341.500944884	-403.778620581	1.67360614905
-290.867528697	267.628317283	-10.8876706926
-108.098627319	-169.443122453	0.468244305357
-25.8212190959	209.84510251	12.0675487899
28.0790612175	-287.520407896	1.95436732932
-28.3899139391	-249.692013117	10.3348157149
-172.751387682	307.255908691	4.48416114522
-212.041926231	27.8791880115	8.78841381669
69.0802386668	246.499782634	3.74285954568
-205.155811654	-251.540689322	-11.7245051887
-6.13056394912	275.294690363	8.69196843227
239.21095771	326.661419335	-1.36742681294
-222.155901096	73.7445617181	-4.08419645915
237.778419121	-258.328613477	-2.03008294186
286.08988682	189.91876899	2.16761650678
206.697354953	-229.164036087	-9.67181262699
181.474117062	184.727014502	-14.2877925509
370.640629774	158.028194522	-1.02275990978
317.575956692	83.1578262701	0.643045131221
6.86249130066	-196.094829378	16.4600782314
-17.3314210502	144.112421294	-16.4167548003
-212.755271998	-99.3343802719	-1.99682383525
50.1675222976	4.89432924514	-0.183634214165
-103.896060796	-175.550437949	-6.91216249521
180.26443326	-86.3938677041	2.4406160952
-355.231327974	-100.281763435	5.23024134336
-17.9711482218	-307.489118165	1.51452474486
393.208384928	-223.807725391	-13.6705464883
24.396782142	-71.3835128315	3.39065272003
109.200827841	-90.7094597943	-2.09513467437
223.682157234	184.29657818	-9.33695341675
-140.114038555	-354.569994317	-15.2169525572
-256.32622479	-253.86552612	4.29641182932
-59.1898520642	-271.588956012	3.29605299063
363.031858852	-139.133425208	-15.0652285379
-177.989501805	387.989499712	6.55456389616
15.1608193476	307.398923262	2.29078229277
150.881099891	-119.424289949	8.36969577316
291.775217791	131.365908637	1.09524427025
369.329333905	68.8225004943	-2.2671138117
-56.5858090013	169.208827019	-4.36247188467
37.9003725073	-37.5358007268	0.847393487362
-137.674475794	-118.156995238	10.7212469887
-260.946465752	371.487037801	12.6075604155
-53.5618956318	-118.377971804	9.44748473885
-308.21167031	-287.023619047	-1.87065933236
59.4212231266	-336.052871262	5.31896052055
-152.544279182	65.8694415274	1.14939261315
146.213978061	-187.733908569	-1.64975628262
-252.641546389	-216.738645075	19.7966698375
278.935595531	269.57159089	-9.1716783172
-334.686250536	-94.9366873257	2.60346704533
-162.478719233	231.429980122	-0.109527649886
117.392186825	195.876500105	-3.23059663727
-170.22732561	69.4372223152	9.57039526151
9.18259042748	163.604447405	2.86422836352
136.116426061	-190.979126822	10.1629801255
-374.106951015	382.708930875	-10.276339644
192.830096662	327.789966609	-8.55777190547
-206.840849947	336.296486677	-2.95719786323
245.900319109	86.3135286197	5.11139474851
348.399111046	-30.3448833349	-1.53596076276
-159.555186103	-77.2391776261	5.38482570736
359.863837367	-330.62322386	4.85766057619
-154.129196465	-69.5634856189	7.10862086707
55.2351853106	232.081870334	10.3628919954
175.629337948	-221.297268606	-17.6409687878
-19.7436235968	-16.5122151333	8.12209054046
187.43908948	-389.504795723	11.5881938365
305.298307014	-105.574815003	9.73554023918
-183.908846753	180.22794922	7.60146728038
10.9569177928	266.37033267	-2.86640114153
-30.315621434	-91.8461549744	7.62251837131
-57.4768905431	-134.330201559	0.577270380564
186.856661651	-338.134503786	3.60772775449
-404.773607117	-67.4110380413	7.56334174639
230.718149936	298.904083872	18.6794943648
-366.44211126	-163.683193989	1.18160219524
-33.0892408801	167.896220137	4.52879946869
180.262417247	-387.742556092	0.601610775428
-384.929252614	199.477916319	-5.93644392389
290.816793136	-151.034726465	11.6336841832
-164.845124456	-85.2149545943	-0.156947058741
-301.568727736	335.622656423	-4.32101198249
256.757092651	315.769338199	13.2837146762
-246.866579135	-260.558948545	23.9384396843
67.4630996656	343.798116096	-0.441667971247
199.494117878	-70.0080784223	-2.17017150419
31.3240967695	234.450947512	9.81297309194
41.8609759925	232.504729333	1.3873294067
320.104315123	286.827783384	-0.57879043127
-85.588105802	-318.147523243	15.7522851123
165.696101934	50.8141590891	1.74941439028
-109.426119977	288.705499011	5.77211216094
201.01407569	-148.418443757	0.622121030155
144.485239302	-254.239467557	3.71850533712
8.67050941306	-57.6460613853	12.5070521377
-192.715680335	-163.098832272	21.8390530507
96.4999520515	138.050240718	3.99415232825
269.585213506	306.777076831	5.25703046951
-35.0955786107	394.927216434	1.931498015
-298.543629389	-337.927815394	3.18648114057
249.926679542	-21.1726006416	6.74195607613
-221.639854316	197.855536009	-1.88454361479
-399.411380323	311.568978256	12.1103273018
318.364226284	-53.5519772611	16.3225992919
-24.4526122179	137.397932653	10.4790939085
131.421432017	333.66433269	4.42290113135
355.808461903	-54.6702907338	-8.37219782017
360.862240872	310.195979763	14.6812043571
-378.532107702	342.821229901	-12.1547494699
133.316983406	-15.4141218145	-1.34127013788
340.057606879	-129.025832045	6.73537777012
-144.630804777	-369.583988311	-17.5664286331
203.412169135	39.604547353	-0.24213312073
5.16554700647	-113.803953778	4.95579020778
40.44349192	58.2305019321	-1.66365031677
240.740710648	-290.707351822	1.48245925487
-64.1720361262	-2.63197744467	0.575903145383
58.4929719169	222.51299746	5.30139202012
4.94279598199	187.413300659	-1.42657583413
-149.314954805	110.88454553	-2.06249671099
-86.3464693016	350.753705488	-4.04214433627
-331.009231972	-196.148626205	-3.28799839839
224.735288441	71.9536678182	2.28655702905
-258.874015013	-152.99396492	11.9282860175
44.9679885923	46.5512121393	-5.94474996634
30.4081879852	257.652615482	-0.399293994361
-120.640621538	-137.535486592	5.03332700856
-198.024336397	-384.175582508	12.6665754108
-345.600323321	383.894989812	-0.138036507393
303.534210779	-230.909235703	8.48674842022
191.361027914	-138.06180709	11.6728122155
105.309150615	-402.532817238	1.68248448203
228.518478984	294.002878207	17.9156655788
