-182.087155721	230.586457917	8.10714797908
181.830709701	-135.734920631	9.13309359789
3.51139451629	-237.905928344	0.576644509078
195.843522857	284.990620788	-0.151018564339
241.516673685	-17.6174360995	-1.89310783247
-95.9254432539	-278.332201541	19.4211834606
-269.613067337	-314.728722974	-12.3398150766
-54.8864731767	311.880416836	-1.56251961652
-300.560898654	239.94118372	-4.73479455574
199.397755205	194.877216091	1.15400933624
-160.223249319	-70.9200208695	4.34868314191
52.1508815313	-64.7696735094	4.82031728407
-203.973699086	52.0611363341	2.44367591666
219.876609388	-135.7767765	0.516526176121
232.723133076	-159.111424569	11.0546193235
-216.469576307	-244.191719158	27.2049046099
94.0211928986	-74.5965551477	-1.44536414311
-121.839487617	-44.5923292979	1.92574047897
-22.1126372295	106.274053864	0.7510200709
160.190520574	-261.554172464	-13.3618399373
134.801854293	20.9679327725	-14.3171331003
-209.434131125	-93.5750785782	3.56190144801
33.3689197526	232.010624996	6.22180723146
73.3060585313	-207.356588028	-2.78965161995
-248.418637691	-38.0198371765	13.7411995247
290.943071752	23.992541622	2.6814474815
-269.319866101	-277.76987659	16.8174689448
-172.727159815	-280.100439752	13.7263708095
225.738458888	246.022914779	-4.41871258859
287.170360001	4.04997220796	2.73368869653
-24.6130685941	98.804257771	-5.055117687
209.542337305	62.6290642869	11.2442976339
-180.518858897	141.386859974	0.152811298752
-218.123625151	-88.3219218583	-10.0657761647
-186.397042753	143.991832255	-4.45728749376
104.819018921	-132.514515094	2.4942671646
-42.0779044139	-233.999841429	2.96184307721
291.544748402	-278.233505095	7.35297079349
-189.889107892	202.100945762	5.55261719268
251.444170429	111.895590625	-0.77971481788
-134.595747812	-56.7909136069	1.14661530799
-262.250441196	203.646065492	24.0669475675
-68.2627038567	-282.776580152	24.6492302311
-304.550918866	290.586430939	6.17316873805
63.5543252749	-24.260926047	6.91881047847
-229.627333922	243.667442097	4.69874822123
277.71428722	-74.4909217727	9.91112862671
176.460692866	-26.7490900451	0.806405794377
113.880672853	119.154006028	7.19033507375
-0.691407084892	-178.644785025	5.27472797933
-299.775221223	73.7381518022	5.42010434585
10.0102979844	49.8719795657	8.01304492825
-22.8382058661	105.177921467	8.06019979306
-303.386344808	80.6689094883	-6.24059653298
198.337222201	-220.818901906	-6.96397183426
283.265768679	-176.575751373	0.233638704539
-192.785706758	-147.418073499	13.7105182337
-215.50079861	-6.76149894997	17.2397083598
307.85602244	-235.967901661	7.14372330066
-73.2131752388	0.745667323512	-2.48270467164
-239.872256185	-126.963770467	3.06114464871
153.938357861	-171.51007637	9.56218059087
-205.467116384	253.286011543	5.7412787731
299.058632342	222.777645379	-3.4325725768
-227.800952308	-65.0438360957	23.3329654191
214.64516256	102.727896722	-6.72782130336
-310.810538346	-273.504128017	7.72143540643
26.585718798	-103.575019379	4.72003796861
210.935957105	237.357633637	3.52936874817
-24.6956716743	7.54805203364	-10.0518580802
-33.6320440642	-98.4549724384	7.90248901216
-159.72444246	-195.807311685	-15.1236838418
-53.741748025	-195.795814623	7.49979700108
-139.595001098	50.0082080865	6.05451663203
136.676942208	54.6849512963	-8.84963971188
-204.892195021	-13.4539848829	6.50105145895
186.880161612	81.0920269815	-1.25581452624
-28.8968589088	-102.362302184	1.94291966875
-255.225755474	69.4267524968	17.328170621
-19.559625161	-6.13986636359	8.17481354024
-99.9852546507	82.1023427532	3.07863748594
-152.967949694	-302.684072456	12.1953479558
-56.7565719294	-48.8774673233	10.2591211804
28.520061862	49.6823376122	4.22382370971
263.458488901	-244.513891677	5.96375584467
-80.0855127416	-186.079932126	-1.69004755535
-311.701332804	-171.68937419	19.3147952415
28.6758950355	-159.883933162	-1.17184855039
-83.9223317843	18.0966356861	-2.82804413859
-191.48440814	241.276344107	7.83763321479
-220.116330801	219.642624235	12.509663524
153.080078316	64.0521406242	-0.486966932028
247.782373127	-212.486177237	10.5083690475
123.05039744	1.96671473607	25.7889970833
6.22663392117	-230.357025571	11.6892997039
168.66852591	41.6718151433	-3.43999612494
291.94088306	-177.859331582	5.87924741928
-163.424985878	299.449812639	5.69462095381
114.59508019	312.339147677	4.52349405221
64.1587395542	68.4000340319	4.65077307498
-277.154820872	-146.694094028	0.924882186145
72.6501691276	98.2271378491	7.04676690691
-221.305275944	99.9384428921	10.8792408697
298.848655901	230.648428865	1.78717650756
-188.544961779	297.297518707	8.1330849908
81.1363552158	-293.823201972	2.50551355771
-190.734470841	-159.875630294	3.42896986044
178.007011432	-50.3074498715	9.39920660546
82.0970464946	-277.446921653	0.888459898459
271.23023192	118.699844487	-9.47616750368
-260.718847922	-201.501107822	30.7278587594
6.49247299057	-225.889994667	17.0818594815
-81.1492487794	131.833405703	5.42029035697
-193.034379891	278.038956958	17.7120077148
125.310324939	-45.3801605886	18.32380893
290.391110624	2.20144956716	2.11630912176
196.770142565	-83.2192449922	-12.8481427565
-42.2121631339	-145.173311037	-3.36753622511
-137.832976867	94.7442648588	2.20908739427
-241.169057443	-221.44336228	24.1006513521
-84.5509360983	-76.9091397153	-6.72930057644
196.458915991	-204.847418741	1.25339971605
-89.1128342093	-109.024895672	-21.9352711813
-126.840697805	-210.570030415	1.85873522875
253.480745461	-28.7497842139	2.46219741213
303.769301601	-4.05199415347	2.468184144
224.893625692	-287.183641081	5.13352947015
-181.698426528	190.267736768	5.40808580354
-311.199839468	244.211377928	-7.61350316615
13.3794113993	-77.2284730709	2.93162760668
76.3471146206	-266.270874792	5.95609421996
-309.302198094	37.5357756613	1.36260491164
84.1214483522	205.419496426	25.7752853736
193.091278609	-150.611740458	-0.433972293719
126.807094336	65.7211338498	-0.605559167142
172.066937407	-37.8669986812	2.38669618079
246.667481637	275.319967721	17.7481631805
156.049628399	225.707767592	1.53884868008
280.167650739	163.161428673	0.835784347892
-58.5416208896	111.890676252	-3.52885155961
-77.4439931847	175.545510362	3.70307550273
44.936882934	-156.852021606	8.33844005331
61.9161266486	192.172966821	11.0004801303
-260.245820599	61.4302006311	6.29038936196
-292.276492819	-63.6307221452	15.4819008719
-82.8486416873	-236.932363488	21.1421465322
-0.133127658178	-210.028435116	3.15318533531
227.717502873	-172.23909815	16.330049731
-34.2461442577	-299.424965747	10.1727656689
-124.028803559	-34.5297235659	-2.86715367579
-238.132667968	-233.077648924	4.3467193183
-195.466801382	-85.9036184355	4.24107045358
-125.74313956	-194.089359584	32.0293272026
47.3306782522	66.874453415	10.0001337496
196.75520467	-276.508510285	3.12021437068
40.6457008604	49.6176938889	0.518260338683
-104.949905346	52.6574597841	4.24056334999
-286.462343559	-134.405395133	3.10174907301
54.990775857	-283.052712239	11.4232161334
-30.3555655421	-22.341532023	6.61925276618
-179.788698472	150.766861718	7.64891500994
-52.9688767598	159.216416953	2.36687913911
-64.6356051542	-70.9350258318	-4.86542642849
0.0345893366899	312.879127508	-3.11195472737
129.958072045	-99.6839907574	-15.6818806549
-6.47336254843	197.907375634	17.7320195513
60.4858523205	-184.347040799	2.59909542612
-104.995843278	-8.73050601465	-3.44751311849
-223.333749683	168.850399915	12.0663282418
-22.9678747384	220.81042116	-10.1404183581
148.781893591	-6.49475939828	12.3555009141
-86.6419147321	-105.094737977	-2.82009503568
-193.953732124	60.8601492959	6.40989001834
9.26052925364	-118.069149891	2.34160154498
-238.938393429	-257.266805869	-5.20626152555
13.8401515292	-75.8604903764	3.43610977219
-95.0059030792	-44.9381944051	3.26298338166
-199.88668932	-62.8477989366	10.7697485586
-83.4840358618	49.6290377879	13.0173279356
191.103296839	-223.017643617	6.85960862115
67.6992660272	-9.87834183597	-1.94171326067
-195.413337277	96.9929049797	10.240650197
1.71143282853	-279.640522775	1.2749518533
265.433492053	267.195672279	5.15734009665
191.539828973	266.534565815	-4.47321209012
-229.422578738	-257.678217375	12.3712657085
-312.654328355	-125.239936776	31.049587792
0.578778379003	-221.810556635	3.42628556362
187.760908609	-287.021732771	-17.3998505604
25.9295463979	-210.283846367	-3.22442011506
80.3897861561	242.29372506	7.5002283425
-138.884907164	-285.653006872	8.53482390277
-27.0358925601	-14.1397118145	2.82347808109
-298.969773854	-243.963255214	16.470583099
242.920526933	-80.7758862905	9.28556252477
220.762820565	-288.367041487	2.81144660335
-193.097158607	150.132729672	14.7779344462
-133.413148	23.7136205858	0.549881938479
230.494069109	213.212341936	2.54032492417
-185.814933422	3.98252939497	-5.87468267685
273.600728715	136.325043461	-1.22397104504
293.66913466	-93.0153530319	2.69933863494
242.520563283	281.582157387	5.6151795799
186.2090183	-27.6226162508	-9.05167930949
-186.453550751	-97.0001964844	7.55879167177
49.6264586666	302.636418358	-2.14804100726
128.512248869	72.2386594944	1.11772965371
215.165254827	123.393215109	-7.12660653538
304.650781308	38.0360410642	-5.86173880016
-282.208312749	10.1734398542	-11.9023636196
198.904486654	160.363237128	-1.24502255085
-189.171614864	180.272740521	16.924632343
69.3336873666	21.332660037	21.9872826639
139.504288844	-187.601861572	1.73801880363
-157.018432812	290.45309269	4.81948953532
-272.379716705	160.922090844	-6.3168521216
275.493873506	276.497743941	0.731768531506
-60.1904310878	50.5090725796	-1.82195148687
-91.365595809	114.413889018	-0.281595424768
-82.4806391319	52.2009673851	4.37450988922
-74.4671334074	17.8542520799	6.31534116342
108.857086693	264.02494665	-0.419484242557
-36.6496743471	305.102278321	-1.89687597831
78.5931055774	139.173842451	10.6950104373
201.050105305	47.5531902288	3.94904497503
272.264224206	-30.1169263096	-2.40275469908
182.637673414	-8.02976486555	3.94626647941
130.702082591	-284.207884103	-15.200445468
-22.5182969982	-120.143578905	-2.0989585383
-281.607376095	-260.076823465	10.0125271131
176.860760194	199.731768882	9.16620705984
-278.308956509	-292.774892852	12.8289007384
98.880889963	-5.76645141795	6.968248238
11.9526034294	200.766730421	-12.0058710477
212.025510117	-266.212993815	-2.64534296393
170.86681014	-37.1718355248	4.76357983736
178.403060628	-297.662160899	-5.33443430451
-15.1539738331	-33.3372235713	-1.26609573345
270.489854119	-142.831266473	4.50019849652
236.138262196	-204.968150194	1.75686213789
198.849780681	38.2121029875	1.48929039447
-155.743119273	184.675322589	3.29155806795
-103.516883368	-289.985489888	7.82905753101
-40.4683156342	237.057591786	4.35384162178
215.597459971	-206.875658331	0.0375469658383
61.6963975006	-205.49775411	-1.74429639016
0.943240117656	135.388114465	20.0015802985
-155.821418428	-74.0463150558	17.4525870413
-270.020237383	-190.707291954	0.380455842237
72.545349568	-92.5360344676	-2.16972619973
-132.776377324	204.13948105	-1.11953741272
-39.9790780827	190.861996755	8.24090053502
-84.5925176369	-253.082296127	22.2698431121
1.80199982395	50.104363615	-0.536253208682
206.489393535	-181.402597734	-1.10756476344
180.99886974	146.73088854	-1.10502560595
-0.404021391643	-280.158503325	-3.38719271047
275.963044222	269.66127961	7.22940997756
18.8847255042	135.266548731	6.62673528595
247.908267514	74.8012711668	12.2578201957
-197.388444263	39.9537023368	6.63735417018
185.491360365	235.344345198	3.3399448338
60.2484381411	31.1678518185	13.1443514061
0.956055291957	273.25323071	7.77938953083
-48.7820643239	-135.275643071	3.31229037941
-4.20777023004	-127.272203007	-0.862524405407
160.16678636	-298.68578982	13.8869865668
-234.288294496	-95.5004020806	12.0181757189
-192.893556932	126.008438791	3.12872815138
-204.186440614	4.14594743331	9.76382890441
-210.990729095	114.615319109	2.0837334846
-248.093923345	-230.341448445	-16.1279303818
-87.1947946901	-34.2411897321	-1.05995019478
18.1143488642	181.317863315	6.90308946577
-163.832711599	-118.664982708	1.12043323996
-171.975467849	-263.775957392	13.5238283449
-28.4210865431	113.073255916	15.6278965942
-216.183277121	34.2290741525	-4.61942175966
184.456581093	1.46253882012	14.0200675388
135.788656116	-286.543239966	-11.3157564755
115.295653955	-181.024994484	-1.18180708971
-164.113671913	167.450138476	2.26127460681
38.1613771271	-288.254416959	9.10507680901
256.931059307	-253.155617404	3.10443054502
-112.022118257	-233.380829764	7.02107269933
-309.222932169	-178.610264917	-8.00302298695
-40.2863075235	153.826255833	10.3255379382
-248.799986939	-108.569661746	15.4294237799
200.070819033	-275.58942174	-1.43069818685
29.846769181	-310.266871885	12.2688781344
-24.2329010753	-39.4968465636	-5.31222605179
-233.92079991	216.210133305	10.3660168735
70.1551890056	183.540511061	-0.221670065085
110.333443406	95.3082951682	-0.353201689209
-252.235719757	-215.44866866	22.9701254065
268.664997544	-109.535371436	4.94396122515
185.765555128	-188.873507517	1.12496450018
223.555429804	-89.6483421309	3.52823544126
-183.55388619	232.500530518	7.40884546806
235.813933713	94.4339661463	-0.150868700375
-15.2958005104	254.476698824	-1.4086463059
38.5658589315	-191.714748652	-0.750522894526
137.194075117	110.366453926	2.72605913702
265.955871558	297.319189874	-5.96637330156
-172.21020122	299.578252941	11.4976812035
96.4029296582	2.92345699563	1.06370995448
291.519685891	-187.687348345	-3.02062227697
-138.798390393	309.038531527	-2.14294112899
-88.5829513134	229.62631225	-1.80474481765
75.1702221209	-292.173710052	0.82288213766
177.06249037	254.509526583	5.04302345672
-152.664325325	-269.856949661	2.97904232909
1.33215895898	97.8682851008	-12.851136948
46.3113897019	-65.4852804213	10.6602423577
99.2587962519	87.6710750896	-3.70587798132
102.501494454	159.532475734	6.04713838239
-216.125981061	298.245095493	2.30827782929
-126.150800823	-220.653838985	22.2264181707
59.0125551822	47.745660596	-3.614789796
278.290728233	-167.52833428	5.6153630068
216.621659557	286.505442692	6.86379354452
-44.7608660512	-0.978602931553	3.73124177752
127.658594623	261.403582645	-0.112684216464
248.253913957	-255.039851106	5.98684169999
-223.800583396	-154.813391427	14.0474197543
304.983600132	141.522858009	7.41803979579
241.354441172	294.989467095	3.47385682074
267.723685723	-268.904631239	1.94739751448
240.780711847	19.6796810753	8.49033602475
-214.373758324	-153.449092785	-12.3851539582
301.523209887	67.3844240654	-7.60068012712
-158.86813015	84.8936259231	3.28546110782
249.540466766	93.6931499538	11.535268087
215.185836173	-182.446489903	3.86874018522
-276.875333882	-26.2866894031	7.01828078355
233.417980723	125.13992575	11.4801397368
-265.783280248	62.7431852477	-2.21653986541
-109.904864973	164.047147306	-13.4063070394
28.845371728	-49.6494755189	8.64424309219
-132.594295837	-119.414048589	-5.86373075566
184.004853738	252.08205456	1.26526067648
-136.163117922	-118.118417447	-1.58765213194
94.2913354664	-62.0723507095	26.8898610989
107.081653926	90.5382744613	-1.90589120065
-37.7116702585	131.580280179	19.9502263061
-134.679568124	102.324656833	1.64312645962
196.906686287	-180.204915495	8.44233702702
-290.289184591	91.0368686236	25.9464788426
25.2916264714	-28.3055303876	9.73293028132
309.82664423	-117.475931341	5.1706523719
60.8280134423	-51.0222588951	-5.70132801741
-243.895130934	203.308617958	13.0184308474
-190.708495226	56.806213511	-3.11729300222
203.747189829	-120.550238604	0.816419671336
-294.030958438	288.883327156	4.8084543554
-187.005954386	-52.9275323208	4.97120617137
298.078034829	212.032121955	1.15890353384
-45.9596101789	-124.135067482	-11.0424329543
-178.950552837	143.622501378	-8.43714082828
-128.412250872	-20.3923771558	5.50943298942
195.533403159	-11.7498037861	-1.22975614635
70.6554357135	277.623163443	2.51978701494
242.516042682	-113.65443424	-0.900348762581
-177.233103897	-164.488951079	4.69305382787
-116.014055593	245.942935724	17.3237378872
193.555460374	-4.90643949877	-3.84695526253
45.7292750167	94.5196360872	1.14338010056
220.389013521	13.345307945	-2.05491404858
304.330089733	-69.8251089272	2.94937708565
-56.663208332	-14.3657810895	5.43821486173
-122.476943464	130.868977095	-7.66042273004
25.1231291252	293.818632904	-1.35523024641
-186.846582702	-205.446150683	-0.384728739558
-312.990201936	233.159317312	5.52635017181
-147.425768098	-283.613301995	7.88646501228
-123.223646259	265.483475683	1.00234799002
-284.460107795	208.24827747	-2.27709676218
-166.223695324	-83.9711589053	-6.24772788412
0.247825195989	-157.682722167	2.54961291202
-19.3204144174	-60.857459696	9.40255906003
253.680146958	-40.0978914214	2.75861592207
-190.879184184	-124.693377699	7.58316327348
296.451768855	145.92496496	-0.593680518194
109.83014353	-142.57760695	0.604869614142
61.2949444932	-126.635481544	16.8230188455
54.2458668969	-210.436383115	8.77433251325
96.2145373123	-261.176288371	3.27647827533
-77.4047475513	311.817425111	-1.73503406933
-195.375348951	59.7113327552	10.5855470406
-229.318138865	10.7590307265	3.07244884404
20.6213957083	153.913316298	7.26977125432
101.108062353	-89.9512323742	13.2616186946
-37.6390484745	216.511188611	2.27435877992
175.599797119	-104.522921181	-2.01642363341
257.633676586	212.911578763	4.01077875036
15.0443929023	304.084071754	1.72232898401
-103.406825154	257.780999093	1.00369300203
-227.278800351	-103.236989287	14.0929874175
-275.995556907	-211.839968821	-9.7896027105
104.100355276	-254.865193865	0.971541630585
-32.0784024367	-40.1557050996	3.4729829854
-99.8865810613	15.2093405913	-4.47783522007
62.0630556913	-102.141555249	18.3657475159
-179.419563044	-1.70367720975	2.79395758187
-245.884706415	-216.583804338	27.5145070495
-216.607169111	277.386989712	-0.904997151344
245.452664288	-295.704205844	14.871060648
-232.659734649	152.708506904	-1.01886396117
-24.4106135438	312.009483144	2.09931287609
199.950732211	210.383100342	-1.34903131501
228.900816554	34.5089595385	4.21143726585
302.984698263	271.791863707	-11.1785958858
-48.8711463521	-89.5417479239	4.7692927929
67.3781461854	98.6327281891	-5.24781358577
92.7422839861	-178.980316952	3.96743542113
-261.004294164	-5.99384714393	12.4700026905
-38.7070582665	-48.9084712827	-8.02667740155
-104.731311515	178.952627597	7.31010862354
146.664033539	-38.1356399164	11.7594389401
257.781762013	20.9948787337	9.46461491945
170.950674086	289.851310504	1.34013340162
44.6127026046	-127.054466865	-5.00701860575
-35.7708924095	206.557446692	-10.2012417768
-152.556685146	-308.854134826	16.2632940582
200.160810236	-219.32540029	-2.0831813797
29.2022570769	-277.986654148	-10.9240691272
-147.739530014	160.442794773	-2.58831725423
-196.031890334	128.602597518	11.4272726433
-305.508533391	-58.407369229	5.6102835766
-140.624887816	175.39886138	-5.11383540407
256.071162503	44.3342128547	-7.49884867967
-179.450790675	-65.6312514775	0.428626169057
96.7260281595	241.510180274	3.68913504807
267.824118749	-244.73421153	5.65728997579
102.496641231	-83.9535803395	-2.49573396259
-263.588808709	162.83642942	29.6643633185
-141.619544731	-83.5782190199	5.69124792027
-308.504837549	52.4881161204	-1.6235039799
-211.934023633	85.3121673316	12.0176429994
148.274498557	-262.845984341	5.86079623278
-241.630305248	241.792642751	5.06491264049
84.8238541894	22.6779387217	13.2982090763
-268.399299976	75.0776696525	-7.9113974176
103.391092639	-108.774057545	-8.53467029473
133.716432027	-50.3122530641	-18.4481478996
217.402369588	-146.394452346	1.38922483738
-295.795116524	230.856776154	-6.72203753372
-158.60839515	287.213420014	15.2758577365
48.8684564724	-54.5919891997	10.9938040812
178.251981694	282.796077968	5.90620281615
39.2517841033	-197.84644538	0.826257731176
246.679376399	-131.819048092	10.5941517364
55.1436539307	33.0639862434	-15.2580570467
-21.2571299441	78.370465415	8.30535341838
57.5904257542	-20.9707212734	12.4221202095
132.90534716	146.573133794	1.17677250852
-9.31986746734	-294.567601991	7.57003346013
293.53050362	-278.060280129	1.36753774102
203.411529903	223.538493498	-0.457950076342
0.577148025643	-231.904467162	2.73176532798
-125.972951851	133.04750854	-3.65634545045
-258.673329797	195.601084569	-1.55205130647
-119.479587916	-298.686529517	12.2218096072
34.2224906616	-298.88987899	25.3959031292
-126.495371231	245.988507739	21.3325128023
-305.371447241	210.580606667	-3.01315397442
-78.6876283704	-272.225496956	13.7573517401
-133.980769435	-68.7927505945	-13.3506230883
-299.263033383	302.036153445	7.8554329901
-7.63878197262	66.9222106089	-0.637124689759
100.703057144	-238.548783954	0.502014257217
-189.001822507	113.978296283	2.08463197212
-217.427691504	-163.462743689	16.4707548562
-66.1693950127	-1.63920294763	1.20333179143
-218.692336602	-210.7597173	-2.26697814443
232.597243847	-1.39830032222	9.08818159884
39.2154361578	17.8618418148	-1.76357479111
-206.645796659	149.053318484	-6.24877624259
-117.767521561	-273.721310341	14.2621553828
172.029736639	-4.18618681705	-7.16458234728
-65.4320541667	151.53421391	-8.14840707894
-57.1108783724	185.431704729	3.94497975307
52.6220549113	99.8004454812	-10.1987910014
-73.2142539051	301.551151129	2.18561592004
180.030052168	130.497251535	4.09159881798
271.888286133	-133.024169579	3.29753814379
87.3676167444	-68.7596597461	8.2757080354
242.043077821	-247.149059779	5.64618406783
-183.804726862	211.580193049	9.57342300079
-242.050734194	-271.405043962	5.31834386836
-255.136713624	-294.306119183	-5.63182373079
-6.55751334622	-14.1276653962	4.91365740239
-120.677154152	238.215460773	6.67408716988
-239.066003659	-136.642160749	6.19382267617
240.550505728	110.059088292	-4.24231502308
-164.893027565	-154.649892877	-5.44046429235
119.485928567	22.9405746529	-1.79431500495
104.917949192	-165.195490491	-0.745465199425
-185.65258757	123.65075836	1.95803855124
236.504396531	48.981341449	5.80657502003
176.409938359	-47.6496810638	8.16632872825
-23.7639475826	-179.929548306	9.31179594119
215.275095049	93.9638488704	0.920236086029
68.7029331145	-42.5668742726	-1.70432099659
299.452863566	210.377516523	-1.92231496954
288.393384398	308.484607634	-2.4464960293
-299.864651381	282.708993622	4.39439640586
36.9293219745	-300.371226485	8.87284156253
132.516813702	-18.9222021073	15.9547154185
-157.150941192	183.201251444	19.8774263661
99.2336497005	302.589684149	3.75528560373
-249.703630517	230.982430748	6.24648132361
-226.312402721	-14.8628316968	30.6077013566
-112.686119726	-38.796235502	7.90560931896
80.8657205386	-8.33814641098	9.5361191951
149.020281298	93.0410313681	-0.373800385565
44.3705559134	38.1895740162	5.25231231693
200.293780866	-252.972386343	4.00690956529
-276.778621685	25.6498152735	5.97229057533
182.96909306	82.1120294047	4.86937588774
-68.3558825603	133.15801804	7.25488126293
166.634914949	-31.8300102481	1.23096907305
24.3380730988	2.96198948409	-5.15512951043
296.3809545	-258.705273649	5.30510067451
241.186237589	304.506758493	-4.90945448516
187.944182153	-14.2053518824	-3.310464616
-45.5023869315	-283.598584143	11.5240511555
83.5764678193	277.971448211	5.61143833213
267.632357943	310.678080145	20.6275633164
135.519673707	-41.9179439556	-1.49209468422
-116.946806663	13.1664339546	3.13747320035
77.6006126578	-43.4072605778	8.83055148197
-97.7029025742	-173.366967787	4.918605432
160.254501738	-226.372056658	10.7596789345
70.9146424956	20.8837766505	19.5807486371
9.97582243143	-106.636814016	8.60476948768
-111.116757363	241.01009786	14.26140431
-247.38459703	42.9076862112	-10.7665142307
188.319534698	-293.594355108	-9.19989294083
309.325699244	-4.4359784616	9.52610124401
214.209824731	-185.151701785	-6.16270419779
-131.233522786	-118.839377601	-1.03780315865
5.10587649456	170.419456688	0.891095574194
-8.82488535684	-300.504306199	12.2908625356
134.309799675	115.159276294	-3.49642913054
-189.122718607	97.287588807	9.63232398666
181.074118114	-11.4804692797	13.9953490139
124.381438492	-44.8896478813	15.5409651171
251.321106084	208.852946726	-3.89271772727
122.206137455	-96.7345446498	14.0544581512
93.8733036664	-0.53447129409	26.7559351402
81.8018943647	10.6932291185	1.97439397971
113.125436899	123.250379882	1.37121123766
258.015806835	94.9315185982	20.2531368176
67.4568076209	84.2302411917	13.5205552233
305.409673628	-112.804408702	12.6535876517
-86.5900845136	-250.663277235	13.869348093
-84.9055963143	189.519030528	-11.1516494084
-6.644328668	-96.4109387406	7.25098529011
-136.959174695	176.532531458	9.53931335443
-210.503979425	-37.3527199196	-21.2013597194
65.3013110017	-270.361262423	-2.53556013429
-111.810678907	-107.674570525	4.35732080646
-110.270396609	220.856897876	-12.4538378448
-156.759413157	-186.213556063	-4.0767487756
-4.07086688423	-264.358013858	-19.3268123125
242.466554621	-143.294877087	-1.58618599134
38.5720977105	-197.813374656	2.62943211502
-268.162097689	289.258727396	9.18543121621
-81.4215304472	201.644184603	-2.49309800492
-66.8670515754	209.484182991	-2.35598920546
-59.3805908766	-57.2194835893	-3.94968899149
-95.5187878528	192.609036024	19.9629833354
202.127209987	281.809695911	-5.07583724012
-305.919934248	-155.136544395	-5.48154861513
-111.510990941	-47.1866411765	-8.81133510935
124.03276784	-125.887973689	-6.02050764186
161.409106404	-285.469690157	21.759735657
216.499842831	122.976022865	-6.28914521837
266.754173941	226.727757103	6.9714026919
-146.503082642	172.971267969	6.86404969779
297.500678687	35.2663238459	5.85716832697
-116.912889555	252.877778894	5.96565659068
215.537437963	277.828599189	-9.24490574168
120.228719592	-245.097164404	-1.11318613655
-20.7249143783	-229.541767942	-15.6523871589
-254.072405247	-4.69028184355	-16.0821026922
-112.111806963	101.995553842	-1.22108877632
-108.679584125	-288.925399114	13.4315084035
-199.693099519	-102.393035925	-3.78072417485
-4.5795543591	-213.774179953	-11.8817986361
-297.032519805	-4.51027866026	34.4323604024
168.183179442	-0.380019585435	10.3576772624
203.320323221	237.732328504	4.30543241002
45.1124358731	-113.897532001	-1.61717718186
-311.613572781	-198.547567606	12.8915751303
-289.298139692	243.901238005	12.442635118
-49.3592045489	-202.083521569	-23.7189227497
-45.7714062236	107.511608222	6.12806812093
-257.600130467	102.912714368	-4.13103988047
102.409460606	-265.643211683	-3.69688235172
186.891384778	88.8063797124	3.0155065019
-252.056280691	-94.1868422317	14.2160375968
-285.038484203	45.0527588934	33.2600407441
-204.200953965	-141.952020714	-1.40840484424
36.5238603975	-121.098412644	-4.95867950139
-278.335704245	69.0193012769	20.1920904161
192.562964285	175.308173623	4.10762834185
-306.15207148	44.773912653	-5.66925663571
249.367507022	-62.8366871668	1.88488851049
39.7129908298	-243.728197516	-9.39299538063
96.6281692631	-41.5231183202	-0.0782368164322
309.51552173	-186.931854887	6.43672523121
-18.1249895417	-13.2861232321	4.75625468897
-57.3366237694	142.541585107	2.60687723963
-10.1305866693	288.939222672	-0.131649442957
-87.4712730988	-194.9934208	-11.3164533944
125.313559994	266.034398605	-3.64908505981
308.395575438	-46.3608550784	3.80443752617
-280.752604411	149.015110134	28.302595712
-228.31094127	112.507375481	2.55413181963
-187.78336274	-146.8868275	-3.33277666177
47.3066393166	-95.0035920356	2.05894812975
-281.761689732	-297.556648866	1.71705710667
180.970287727	-289.608617551	-5.84010905057
-300.444594123	-202.513006805	2.09522900789
97.1090238948	-14.8801042833	-8.76299353917
-291.591096233	-149.007061773	2.76795699655
-247.105790931	-156.386984804	-0.595671450803
255.40825545	-190.333149867	-1.17961698299
-58.257505127	266.727067379	0.57575521189
-301.31491048	-271.683198856	3.13127098997
-106.14642559	-96.8323107402	0.316979631391
10.4073180227	-68.9586225074	2.54101845653
-117.138610265	-199.254721816	-11.094807483
-290.830171157	-5.04554982694	19.2982414522
201.82320653	279.119906093	-5.80534507246
-94.7797550927	-310.932507142	14.3188875971
212.952641903	-55.6058855453	12.7418380239
128.821620049	-39.1889710042	28.0833505088
70.7731966271	31.6601677565	-4.46713070715
298.211204277	98.9739008122	0.166111880572
-103.094889634	-32.979945761	5.27701142521
-103.684615111	218.223973013	-10.085410467
-277.2985455	-52.7886173053	18.3228001875
296.713669988	-140.782469582	15.9508956853
-119.936793501	0.692452459413	5.67270659382
-181.021931172	27.1315369089	1.1501598436
210.063528231	-196.654700146	4.68940098685
-64.4369676156	53.9494117559	7.24141214347
-150.142897646	298.508899922	4.37553145486
-250.170973338	208.29031399	3.59628266878
176.501236382	196.157487454	5.49913013099
-140.880746503	162.377159737	7.26347108255
81.4418690938	-161.682479118	7.25837038075
154.429996386	27.0091979543	7.50513330699
188.694569789	18.7527619006	1.3985613227
-265.452254737	186.27249422	-7.35928600524
55.2543318852	307.98654859	-2.09867403069
-44.786770536	-43.1512970362	1.06485521661
240.704124286	-34.9796596255	0.604017965965
220.536987736	-179.041081754	1.28817371614
-128.886403338	102.164212457	1.4420896437
-256.544059469	131.456033973	10.0529585364
295.578427949	-169.381414986	-0.760717669709
-120.071156634	183.926614217	11.2599069735
6.37254853132	8.35601150555	-2.18193168628
-153.203319099	238.489489193	10.3494669067
-149.134333497	193.979279988	15.4712184519
-148.27514031	251.989326485	13.6504090754
-228.792728428	-54.805700157	16.781045397
225.89429865	139.500843123	6.7381756221
75.0928151519	171.506529282	5.61806026586
-79.4043100914	223.937945235	11.6507074806
137.191526407	215.66712875	-0.674075055297
193.693632328	29.4301478551	-1.05922894179
22.6616189034	236.046318018	-10.5205575424
312.665502176	-232.670609878	-2.52494378782
138.864530323	-237.199557305	3.7992461181
225.905519421	-265.266808475	8.53241662164
308.083240317	-249.266557807	-0.895047822535
125.713192768	310.720577278	-0.602674662808
124.038425546	-307.151278744	19.0221674241
101.927236674	243.283636881	5.37722580848
306.901378774	250.913530244	11.1038150533
-148.631502559	198.742905547	8.92666335278
-196.362144967	-46.3185497837	27.06596553
155.696262202	268.989035859	2.78911167366
-221.984664809	-17.8955762148	-13.0788748861
-190.331943712	7.16613881617	9.56549850341
-150.074029044	-122.117730975	-3.93522441143
6.49963466743	-300.819882466	-14.3283516369
-299.569839449	101.970559936	20.6125672276
198.354949364	-104.878347229	5.62363122317
247.331163039	-117.278868402	-2.3219783038
161.379809478	208.211828868	-2.66342683632
269.815757989	-259.601664545	9.12756435125
113.771870174	125.406024314	4.24288379225
96.6435629553	-209.140156588	5.76188074245
247.531738661	102.453484348	-21.0243700045
-144.335847267	131.004128349	1.63573187755
-208.318991605	-29.8262443425	-8.58570093133
-127.900525705	88.3772023979	-1.81595069058
-83.6585430943	-159.072080571	8.91799716339
-256.743016963	-224.071042181	15.9102488347
-54.1490026475	-59.5699397276	-3.35528276303
2.29743124375	44.8679381993	3.63921175224
148.457106178	-80.4056326679	-5.55810154659
-273.855103877	-236.865010302	17.7487357176
-261.374993788	47.5968343539	-10.0335559205
-11.2491621979	-272.748409155	25.8148041753
-55.3784073068	-216.508428252	-1.00931250898
-243.078153703	244.370983761	17.0608369837
291.07509358	160.926244275	1.01656864713
163.95026316	125.231564381	7.0093034453
-170.352335213	-271.519148594	2.81625213963
-235.929736998	-254.076843334	-4.43521496719
107.083589974	272.660998809	0.51885682179
-180.037158679	86.8557449657	0.109389297549
-141.411449043	-226.042506349	-4.76969262021
52.985065272	-293.5748901	12.6915594156
-197.171463708	273.764230129	15.8639472612
285.001573748	311.760586273	-11.4448670486
-262.202417689	-237.790777304	16.9409396226
-134.472052415	48.3830702179	-3.90526810698
-78.8686912036	-129.419161004	-5.34486729793
105.201852056	-149.764350561	0.143872383293
-230.546951641	263.829135995	13.3331978824
140.985924817	-44.7707496455	-11.1744731938
-121.758334786	-81.0034527567	7.85904125359
239.926165528	-257.136928202	-0.065137543768
-219.274792371	132.379990797	19.1354568371
-313.73300978	132.435683186	-6.06448566158
-65.9552893479	93.1566493032	-1.30535037838
-277.042052768	87.8324512658	20.0657881575
255.965189669	-201.325851809	-2.72086717742
68.4335238811	-161.680755008	-2.88702309632
-238.215970017	16.6270918808	24.2212456771
272.326527624	130.630802891	-3.12715429084
-6.88361223318	63.8159120784	3.4096680962
-7.82983302993	111.902660915	-4.76463892494
-170.968368591	-43.3297733302	19.6173441831
-197.809275358	-21.9046034658	10.9222797559
-210.669736454	-238.617090525	6.1355062363
-115.93865344	246.489435657	-0.787761135941
219.795499368	-116.934428014	10.0943997112
313.101785032	-136.172990336	-3.53626788609
-231.590525428	296.120474149	12.9496249645
-184.975621058	120.48003945	2.08436417771
41.0907615844	199.203921792	-7.07191440492
306.694047953	214.106553949	-4.05016597552
-148.716799277	107.394725539	2.14441948213
-236.324204863	94.9797379251	5.75942981878
-58.8161102533	-40.9448772323	-4.08503067463
246.308383042	178.594994428	-6.11072009678
-176.791239597	75.9626387237	9.1126756793
7.91107971102	263.988996111	-0.0740052526448
-162.56836581	62.0096977616	8.80520967325
201.00020067	91.0018765408	-0.493705286193
49.4597142613	-265.720732771	-1.66149127291
69.4429540757	-277.565542907	4.48582318949
-176.408471846	46.5064164285	-1.49285523272
-136.617880211	-297.014781047	11.0070083705
-191.330502479	-59.8384270168	-6.0791741926
-43.1925715347	83.4811330816	-3.06223784097
-255.996140327	124.318566006	-1.43645140974
107.074232432	-165.300847796	6.52253731525
-31.265424793	-88.7651525472	12.9235857327
-67.883646176	-106.117658789	0.907787061318
-144.857641955	286.646908888	1.88228731545
-94.9448695642	131.230569256	-3.96899142388
15.0039438926	289.835408965	-7.70663166973
221.440981796	256.443092379	3.92720612752
-188.461704352	-137.029652989	0.283204422579
91.2053871579	-167.88167551	3.64571082768
77.0148138917	275.429148639	2.91539960585
-313.726023738	142.701085013	2.67537931998
-51.5291555631	153.243264364	0.615569041046
266.717323576	261.211503013	2.67864431003
-12.5605452421	-151.953891318	-4.56154880379
-231.59735615	-136.491912915	2.75819912555
-171.445501773	-301.237429158	8.58579658531
-252.407747232	46.0077748318	-12.1202495934
-129.905691045	-57.8677511824	1.95338204062
-298.827775287	310.716178543	-3.91919497279
-240.963744076	8.846597018	12.6432475409
312.651419303	49.7919085732	8.1874816343
-244.393659514	-10.0220399787	25.0810264916
185.979189243	-235.138379423	1.37267991894
153.319279197	-273.142555229	-17.9453199757
-13.736876938	79.9881316987	14.0985514109
-170.885588647	5.3176743251	3.33891886871
-301.314982819	151.215743244	-2.56771705862
-122.723518086	-112.632394883	8.49509851224
-64.8339331204	68.2484228342	0.156910115537
-283.086506168	213.359993076	16.8074526079
228.246389094	299.841513068	7.33930071478
295.148744594	198.311511393	0.884923746567
212.603735959	192.230579437	-2.24551324132
-264.316275271	54.8669494286	2.75865994637
-299.231642069	-42.6150081296	28.6506661299
206.988067779	0.454599394945	4.38871725193
16.5498439674	-132.38801923	3.64993752255
-4.44056970406	-241.467036181	4.59962200519
-300.62602489	144.114010974	6.60694940756
41.0917969447	-161.481870992	2.55673375864
-108.889976336	-38.9513017276	14.2426272744
297.169537978	221.714115975	2.65098774442
235.085708113	-126.519066712	-0.205725068668
-27.6807805197	-51.9433437918	14.648511449
55.7978091737	-124.914913552	13.166514615
-274.752549095	-311.934765391	-4.44456765279
-258.550975946	165.034350295	-13.737693474
-27.8382488427	250.948795075	-6.51465129044
138.708463899	133.394123388	3.85414521734
132.525115039	-32.2625167167	7.3442264927
118.012474811	-177.605323537	-4.01559756206
226.309890035	-280.447786581	7.15925299707
12.4952989535	-207.450756273	3.24189994029
-76.6295589933	210.998857397	-8.31785464395
-123.788952637	-264.533382002	-0.684394553006
-241.934345765	-10.426527072	18.0688091189
-29.803688341	-78.2664139071	-0.704791642809
202.079229843	-64.3043440471	-1.47710916345
178.447470181	-184.604051219	-2.54573203561
274.056158766	-26.9855804402	2.50216319609
251.03810368	261.782370488	-5.55026424358
-172.592616682	-9.71222654984	5.15896691177
-254.458106672	210.121596418	11.2424974982
29.1964156005	147.050210886	-13.4901854374
133.164595225	-235.266278603	-2.93705713304
-82.9348534876	-42.1835019903	-1.62905813339
-235.902067437	98.2762058441	2.04006633953
304.788970005	20.5708072892	-1.78210978695
244.526609411	267.976205481	-8.10068579917
-212.39296557	242.26398496	5.53272302798
-278.140801952	-3.62671043402	29.5152221165
242.02898776	63.2317524979	-9.38843000507
-121.712073464	187.475277608	-13.2910100746
-53.5119997274	-263.435838854	16.4859168249
-265.733656706	-144.320570114	10.9748800889
-216.120909942	63.3314521029	-9.46993116566
262.769133349	154.636669598	-0.901000867697
209.832411765	151.194306736	-1.64553471419
-253.935004008	-167.644457683	18.2812315774
178.174511851	-38.6502028773	-10.454908508
118.166612382	-43.3686005569	-18.4396164699
-223.944492035	-32.6667755202	8.41631812789
-25.9949087186	135.632617112	7.60891468289
79.9227951264	-220.16599987	0.209092935457
-114.086410038	-215.800501792	-1.28752953507
309.800975928	88.4108471769	2.52788764706
-1.52210973097	-198.854798818	4.68753535146
128.223161591	-97.9114941403	8.27528166905
47.6310785294	-38.3475316803	14.7908875556
75.5223175037	226.705915332	-15.9438820057
225.191441397	-195.261910207	8.89773789002
-249.169890032	34.3436898375	8.02807524355
-79.1795589594	-14.1322703864	1.41420482569
254.458057778	167.127816866	-7.75440817158
-111.119495974	-298.140503438	15.9669701909
165.653506481	-257.91704023	-8.48527207055
-141.588935594	16.093363468	3.91490511787
82.1517054839	-113.405389814	4.13598094432
-46.7734312685	208.942372336	-15.0672274016
-187.467313278	253.862597033	5.29624773593
-35.3278697702	200.46118639	1.01864107505
-215.169117444	-241.284200108	15.0007759029
91.654330626	-151.590575596	-0.141423897494
-99.8880127296	-177.544071523	31.7154939804
153.467655039	-201.301919627	-1.18667629973
75.2302785327	-23.6351197135	12.4800590244
-215.659669926	-193.500192591	9.25875246095
-148.2884525	-32.9847799747	4.0252335182
200.692788601	-208.861606489	7.0137675111
-316.300235971	242.308921686	7.907046729
76.5851874353	-258.235619614	-7.03162836403
-302.300049289	-123.869128194	11.8870440046
203.398473022	200.25080436	-0.73657126903
-0.828979463299	260.472110572	0.386051576469
-227.892773535	205.927257007	12.3603059557
-263.038693398	-303.057656643	14.9925760765
79.632689006	181.563043624	19.1404902457
227.423610802	-301.942293443	-3.75774359385
-312.616511894	29.547702434	17.6540975072
98.5506488969	-122.965535349	-4.78880817737
31.7395692048	-152.622017487	6.1395744136
201.698750468	-170.413308314	-3.08489505149
-300.070318726	-211.522435246	23.0122424966
38.3988103821	-159.211585813	-0.538675705
-177.024843347	-135.90452139	3.94050880828
240.44585898	-108.743803458	0.761537805342
-179.385348506	-249.740999561	7.98017260509
-273.082521018	254.546182516	4.63759853219
-25.8066855457	-228.484750937	21.8796488786
-269.884614841	-57.3794512492	18.9695326709
-68.6914756939	253.388957247	-1.54750105252
116.963364225	114.838345725	6.6175738193
308.283334486	-60.2551419573	-17.6825530335
113.352347045	-39.6542542261	-5.34758121766
183.863281229	174.55075408	-1.68833982024
313.183234312	122.140169451	-2.00263118917
251.607147535	-1.25115077487	5.6750757822
-168.582368339	-13.5446598296	17.1681485111
118.302685013	158.785185211	-0.934326531026
-203.139683604	274.931873655	1.15890889834
-253.823296068	-150.319070131	8.67858805848
-41.1734956608	-94.7918262689	14.5752864471
-221.852761895	-185.553672894	6.67055762572
186.487714733	-299.907533893	18.5006482869
-208.859392324	155.445932221	-7.59798084672
-17.8364804373	250.257580325	19.6333399241
176.374921661	-125.079343143	-1.78687140922
224.048501608	-69.2017782274	-6.39954881465
-149.170456737	-283.574141556	10.3606256698
93.5488716286	-245.492632687	-2.27255180151
-118.551347757	-187.20090476	-3.96495939033
143.982506434	-175.549989874	7.80993387068
184.417066651	-10.7609073903	8.66268002853
-117.570699686	-304.450063664	3.79718673977
-266.377513364	-82.5090377431	25.0883893312
-51.024760095	-148.886427756	0.24906067003
237.831242374	246.901429396	0.84934955687
-109.570976214	-92.2576524162	-14.2735608794
-80.2317304387	-157.952696874	-15.7170943985
247.207252408	161.036248019	2.42215255416
264.089204352	305.520428216	7.62240728421
0.196073947187	-102.394442897	5.30440222008
-213.212061417	268.894383628	10.2054076286
-7.56315614711	143.969196558	25.7724841455
266.809091495	215.999574486	5.07959926301
-86.8199404278	-48.0153125471	-3.14050063308
-119.702231267	-193.863958089	9.33462097481
-154.961599158	-190.329215281	3.72468796792
-113.972104228	-139.407719091	9.96755682367
-210.967794992	285.657240197	1.91285667705
-19.0565849347	-313.912223855	7.47131418397
-249.391568603	117.537631539	4.66953412467
303.473082644	259.574655005	-9.58559277
276.625352322	181.589508094	2.77828490952
80.4447693449	-215.034488243	0.464886867987
45.4458929981	-129.705832511	-1.51487698226
209.509371053	-187.017802245	-0.782510842353
-27.4064858382	-134.223125406	-4.21551253063
-168.054355328	10.455760275	0.962766778097
-38.8141780207	52.448189722	2.35442099492
50.5691740224	-66.7400639567	5.47489654263
216.017766386	243.491962754	6.68681092654
-95.9926805156	-279.809182724	-8.6078049967
197.051643375	-81.5250987699	11.0825473723
-287.41969968	-284.498055654	-2.56720848496
64.9372811451	-232.255981727	0.967031824063
231.85688949	190.85850895	5.05393541245
37.7357980978	155.912901951	9.53797783082
31.4646697209	-162.606568663	0.405678602124
140.645397311	66.5535411528	8.6729151961
-204.06577343	70.9655666794	15.187529668
308.397117877	-313.535641769	-9.11040605878
109.836177683	-175.066127335	3.41284722768
-204.479184648	166.058352861	0.271908957387
15.8187905194	20.4269277248	4.61868789951
211.102117397	261.364033144	7.72797571929
96.3722649193	152.229126906	2.07700537841
-182.125472716	-155.706585136	6.20395316376
-308.124693157	-166.123673092	29.3041188535
212.447601847	91.7331667336	2.16003309014
-11.4210896435	-282.623037384	8.20934003966
61.4027780067	204.155285468	15.9220393996
-92.7426244011	169.372003385	-13.5106236098
279.952379831	201.924735933	4.34243148095
134.358278642	42.8512586266	8.1100628685
191.636507902	198.880348222	5.05178270521
-158.238771016	117.726772293	-2.28993297499
-49.5762303068	-61.524337637	-15.52068137
-72.9976882824	-174.909700165	10.7772772936
-179.120676278	278.836398185	16.886190595
-233.700274699	-113.45624202	-3.76591066266
-178.602963902	-239.265446469	18.9243800932
-39.0792682095	250.862441846	1.36087849243
-251.852283264	163.806149579	2.6301303379
-253.934814307	229.347368479	2.56565357385
-54.6847484983	-235.42504545	11.8773953733
50.5130865386	218.852740678	-3.8056613654
-25.6243042079	114.84853879	9.34333246163
-169.864651782	-169.58565217	2.10789637569
-206.38923423	167.53826956	11.77222223
-13.7043765316	-215.962749212	-4.98064801331
34.3820109945	136.767811498	3.19461953866
-109.259711068	109.681106439	2.49490661437
-117.736729503	-13.3042458356	6.18662428879
-14.2406046164	-21.4826339965	-3.81156272197
-2.56469192963	214.769353339	22.7562949485
-66.9655765488	2.9099469712	2.82158511275
207.194455998	-228.25161409	-3.76899665441
177.396828282	17.7216480498	-1.57635343624
135.081840389	-206.260962872	-3.54095548859
234.289409591	-113.782444966	-4.83522548223
-311.961914222	-78.4504870774	25.1396589046
-51.7714919478	99.8061800066	12.2749609957
-284.965140164	200.153028464	-7.55673708772
-184.350064062	-81.3217241682	-4.35067613925
-249.042928835	-160.268581375	21.0361517798
168.826965903	105.591589811	1.97103119659
-117.104691125	135.240873919	15.0277398864
144.648941273	47.7162902126	1.31505481135
233.460941323	-15.5508267973	-2.15739043916
103.263302357	144.926149872	10.9600039098
-113.315887331	-21.4342865459	-1.70884417882
202.169901087	292.665671285	1.91308139733
33.5421069917	-17.4508418843	4.75295703888
41.9569745909	30.739491707	5.35591403931
-49.1944409335	-248.511061588	-13.3542530802
217.15007773	113.56188729	4.36471187269
111.380993651	1.10918421952	2.26486775015
290.721030277	63.6431528012	-6.06258632296
-152.934421438	136.267969028	-3.96865691123
-257.349062419	-79.7830864974	-7.18851667351
308.752323035	300.4913935	-3.40196021668
-103.417627332	-112.599634341	30.9592288587
209.336383659	289.388965177	4.03016130016
65.4417892839	-159.226245329	-0.383125522437
230.458888107	-311.537507869	2.71906174288
141.775447837	-204.430155297	4.59166148218
22.6818258791	-236.41041338	6.29965138743
-229.297111524	109.309796804	8.4756285823
186.435496104	1.87726757317	5.95496002936
-103.754138148	-231.823952768	11.0553779052
-288.760462783	-137.263832551	7.9805901242
-44.1225548402	-3.36514490145	9.3941646078
-299.029609851	-132.754427717	-6.52082164312
233.21150414	-196.823990113	-0.339824100763
-267.380059924	-194.215586861	0.763585955213
157.63055583	-173.99639393	10.7749535861
-64.8357167748	140.231273972	-14.4167435277
145.485177253	-276.404520863	22.0682790497
222.528385104	24.5932228029	-4.80787439346
-298.197277815	-310.016903136	10.683526664
111.822356542	298.970045609	5.72656056919
71.5703773336	-89.7445639215	6.49093585278
-5.12456268683	-15.7603836467	9.33575553586
245.249359188	-128.425522752	1.86159639224
245.640461198	-43.9528843685	-4.6395967867
292.107201855	-168.790078869	2.68129946371
11.2296384195	-71.0472443366	2.56726562283
37.1765359577	84.3779298402	3.41568859412
92.8428387683	96.4030705979	1.31444461122
-153.51643151	-265.888768464	4.99526382774
14.1522753941	-143.903984846	-0.617782106855
-50.2901714112	137.794553227	7.37328952717
-60.9451295772	208.495739164	8.58459690316
-53.0228739941	120.049942033	17.2029480122
-42.0457130823	-192.35592784	-16.7179233784
-213.607082796	-22.7735392318	13.766147222
-267.611996247	-249.703890431	1.70503548132
238.37899657	297.452735697	-16.2240215149
-287.00300252	-226.073215584	0.581518740399
-94.3048514374	309.910508432	5.34354799139
-241.801565331	310.010902401	5.29528209458
-272.21594965	-9.48415605986	-4.58406284709
-112.400187869	247.252686468	18.8911426171
35.6845753	156.601032631	-18.2971252797
-313.513037714	188.542505491	16.339550395
-302.849310051	128.122621917	-3.04453634937
-274.688474905	191.983750981	12.8548116322
244.301388308	-247.563139686	3.06007796611
97.0654251046	-259.901367481	12.7514915629
-273.630395695	233.008270516	14.7687869572
-13.8044416114	49.9267967038	-0.370525647566
131.628893859	-105.825668037	25.5576302627
270.576175676	75.700380525	-9.72407689993
69.7241500514	-143.223255611	-4.85890959695
194.085043402	-97.7942382682	-2.77056510534
263.856619383	-259.799947591	4.19537754472
-293.962544057	-187.069855444	-5.93613847728
128.074953524	-297.198006417	1.44813425058
-234.736626787	-218.777312055	-17.7709926425
167.466403889	-162.408345955	0.19503717694
151.093271611	302.735268145	-1.92405308032
-154.579969201	1.14890370082	-1.41706929832
-25.8623335745	180.139774309	20.8007197133
-95.0452819644	-250.538369834	2.21905172459
-240.93845732	-171.241601102	-5.67592055997
-194.415646741	110.117566254	9.71234867766
1.04213891932	75.5462813371	-1.75299075364
51.1474073949	-108.835745451	-6.74375239411
280.627907321	-312.990155022	3.97579174572
169.216333468	-284.794377788	21.275727708
121.363649933	143.066205028	5.267407363
-213.369428038	167.641793247	11.4313714748
-41.7538006172	206.167149555	-13.25715318
254.589914116	291.560249675	2.33006367761
287.217453951	81.4655422115	-7.96024844987
244.32008044	223.452372564	8.55017535815
-187.686865185	22.353223765	-7.30349633665
86.4375770837	-74.1841004999	9.21136169534
-149.143640616	-89.9086012256	-6.45102131611
228.811752348	124.401588155	6.33552467945
292.723136417	3.48795394406	6.05518706345
-134.504006119	133.106711639	1.36029540385
312.955788723	-30.2199223955	13.6291361179
153.494559517	-128.110034558	-9.44432972638
-276.975582715	51.3653128215	-3.45867414118
-171.323098198	-172.795728272	2.71447348876
-127.340761305	293.522399162	21.824320181
199.411998788	227.497327011	-0.622154546012
182.850920027	-88.0857432002	-5.96750144951
212.129210085	4.85852155567	1.01384540846
37.9793110595	226.478092255	-20.7134559438
-56.8770780969	-258.466375728	-1.02326165148
-79.6694085159	-107.989408388	-10.8825117265
-35.7735042658	127.58529096	-3.33730829956
-38.0425591245	108.272033287	-1.60785775332
117.284059935	122.659185244	2.64029315887
-188.5126311	48.0612019956	16.0621510316
-213.728998594	-49.5923279319	27.6664061799
-108.429119308	-72.2630749427	12.8585823871
-243.652158065	-293.567411666	-8.87569061053
-48.5742574841	-205.64303608	7.24755795209
159.322453491	-194.544981729	-1.63012155177
-208.091206131	185.659888734	-0.571424243016
-308.938448784	303.572245995	-5.15994457971
95.2223184571	128.740882669	11.4105518174
34.9077886652	72.0306046613	4.57086996505
67.8314635099	71.8985188446	4.10977332605
-5.40721266361	11.1596746992	6.29638112744
22.8216635423	43.9617074158	3.03805403323
-133.814419358	-33.1179521384	20.3497422204
-72.1282416463	301.308063188	7.86643843516
-12.0841288958	-49.5617224112	7.95545765424
-93.4826323079	-34.5668615962	4.75984125569
-67.1762331822	-12.679590873	5.31080979706
47.4000845173	175.696266369	-14.1712767049
205.862772851	-115.866767437	-0.814124998063
-152.510704955	20.7011348012	9.14974531019
51.3445819229	83.9034042092	-4.47593979827
-310.464628035	-279.328865529	8.64692785847
-199.382440194	58.0685027735	7.76261021593
-66.2281619857	-41.0787978341	10.5707286604
-295.304358013	-294.951023213	4.31130093835
150.295752117	226.771853666	2.21655629036
-181.213336827	143.243714492	8.14122057478
-287.633054529	158.239104423	0.415995386821
170.609605987	241.525297415	4.67758060881
283.714304527	306.384146536	-7.98149873197
-170.08804726	-212.776518938	22.9780649678
-225.8923829	-163.277090627	5.29383874664
-275.657698253	209.558863439	3.2405101304
-15.8334907024	94.199652045	-13.3159657984
-33.2226207004	39.8973436873	-12.0445027276
-213.537984876	145.597134319	2.39002143707
-47.292260179	3.47968847261	9.43108694144
6.16662723711	77.7904123422	8.11280441363
140.936366926	-63.5453614514	19.9058980437
284.299724884	7.36907089502	-1.57315380647
-4.64902852436	38.1153491654	3.41072158142
-277.854173058	142.122418957	9.52487366791
81.0248237652	-231.712666487	7.07820712516
313.497152712	302.306024965	-20.44733366
286.521527149	-129.424172849	9.10825503061
-172.956134858	114.58932448	4.71819321058
121.314430122	-61.1150802081	16.0978734954
-15.0056529087	-85.1119065608	5.27454230682
205.613148922	43.9811029276	-0.240319190218
-131.688016829	-198.069219073	11.2017936054
-68.9489638486	90.3726685153	9.48982409733
-8.71394382352	-96.9136800503	6.48171456303
226.264100045	45.6711314853	2.30565330446
211.056211506	-311.378167994	19.7145157737
269.699994083	-99.4082835314	6.8242574662
64.2108560563	-245.507461461	9.44035267116
-271.29890892	256.778411913	1.00540055514
-102.9931757	-61.5051950712	10.5453083277
222.416900733	-98.765903286	9.40424585104
-153.757424242	95.3293842462	2.5142129649
151.585554498	-106.97341659	17.8338366857
-275.708333876	27.3829386206	-6.73081044053
-209.400236365	-198.268822864	13.7838136731
156.881425426	-275.596715321	-14.6133594283
151.168311381	-101.431233747	18.647537376
-104.1328229	284.940561067	11.0092014512
-3.06782411949	214.399138612	-11.2752442369
39.1964061241	-100.400659357	11.3311716709
-23.9160867123	-280.203101696	-10.6528932499
-8.21599375069	-187.22968414	5.70855521945
239.014298407	-92.3150841592	10.8434538082
10.2455359658	72.64362867	3.41784005293
298.067766365	-195.482741557	-1.25650047684
262.427147513	-200.863788554	-4.60876518462
-168.425742983	214.319876442	4.84081754851
-208.032167576	41.8711201	13.1616871344
11.4178609903	-209.547624638	12.9485432559
-161.112307317	291.879708957	9.45047650232
-115.121763815	54.90166151	5.35231713621
-132.545896904	-262.561548355	14.4806485813
122.494063161	-50.5228580888	-14.1534008955
-262.006792784	-261.395755439	2.69816096129
21.1107239445	-129.532110618	0.38667457348
180.280476939	-285.942193991	-4.12593425249
258.724081942	264.660240073	0.908539991867
-303.205906596	-217.637990165	12.309999134
