24.7981813338	-300.113810581	19.2684704964
-202.010195957	-245.183658257	12.7805411838
424.801126448	304.877698106	6.26768756208
-69.439980053	-337.947975923	-0.98250320431
233.019937073	6.15119981444	-2.13113037774
-324.114407253	-180.177970669	7.89346000994
349.47647146	-197.761233912	-6.27457292591
-385.20747595	166.345312482	15.9702742042
82.2285646144	-389.54218816	-2.92370333685
-240.973731448	21.4531917634	4.86360653581
259.885472374	-392.923482389	-8.83922874054
378.335538653	347.705432642	11.1035907643
-490.967130801	37.4413504522	12.8147560898
-185.813548604	-465.417849621	8.35316463512
244.404691496	-389.987151181	4.94824734658
-313.065032042	-452.843163193	-3.78997261734
-403.931140818	-216.196942577	-0.489928151638
-392.500084054	-246.552613693	4.42982747246
275.574158744	101.511199152	5.32966098837
-66.2202461353	-50.9581630785	12.1045755031
313.463291964	-183.617544955	4.51439953527
-95.6109329976	288.713822941	-6.57752532497
30.3600464565	-72.0727280111	15.6712004494
400.749542581	-239.513422586	9.82511057545
-22.2117833054	-383.473662957	0.320039227467
-401.248410412	110.155890057	9.88640082031
-259.25535166	-484.554350069	11.6307987943
-436.653725548	-13.0274476807	-18.9467143951
-205.564658813	-147.668612227	3.69612167238
217.667560212	-233.291351195	-1.89474624624
-427.003371529	-86.4077712856	7.72369713657
301.065938646	474.568766445	-2.60003281912
-450.905506751	441.707515256	-12.0598683149
490.2146508	233.617766479	10.9283816544
443.870410861	-267.521446017	-1.93339796813
354.38410569	420.369016823	3.78282343763
452.362155197	467.538809569	11.501095315
286.964488222	321.735877482	-5.95621136289
-491.806917404	356.585407172	-0.963007308178
-179.420079273	-77.4604831561	6.60412684768
-456.6333516	402.310076629	6.28262672213
465.428801326	198.139194156	18.4647630258
-275.241334861	328.813225156	-0.80570032602
-265.714889715	-179.289612265	-1.78822967634
117.203752277	1.3360250063	-0.862200461892
-35.3815905102	426.433331901	4.33092583336
-384.245384841	444.926708507	2.65236223195
81.3320833227	377.917940499	6.90841869527
262.762104602	350.358728773	28.2292872263
317.77010585	-443.311234427	-14.6892011365
-367.435529133	487.784349514	-6.11468403157
145.650873169	47.4915836351	-14.0104826868
482.523698582	-466.127955369	4.6096872308
-49.3780614472	-133.515583069	8.15086705028
-193.539193825	142.284557994	0.705459189838
42.7908665809	-164.2733827	15.9673519569
90.8540149243	346.543470224	10.0977820424
360.180767123	158.385253039	2.08244031864
-487.775113256	-479.785645322	0.000140535404102
264.299097882	245.060056883	0.406569025089
489.242247549	363.085953412	3.79557570616
14.7196453156	484.336138813	3.46149353506
291.135505795	47.4911338609	9.16285563024
487.717633997	127.314952641	15.4451765729
162.470840592	20.3477364746	15.0464379381
183.297814433	-243.553449752	2.19690804078
-12.7983240827	216.112648684	-0.00155676252297
344.912017519	136.682103959	-4.89341756352
357.190544498	368.578452983	6.14784488708
478.268573652	58.7965856313	-11.5230245792
-226.999794643	181.333767056	3.27762544017
144.094554365	-104.631540408	-5.3718947552
-38.0060681131	-485.737731819	-34.1883313778
-423.484595906	42.90363662	-2.02764156936
-120.395467732	-151.422490082	1.91136663369
289.154075619	-145.298144268	3.97350173148
-72.4750877079	-231.150111956	0.127108761798
431.695028041	-326.227823311	2.75571325853
-460.953374337	146.968195096	2.63873375424
-93.6439286461	-490.437391897	9.1953817337
-479.80757639	-406.72394382	6.40055015368
249.671519771	-212.153048436	4.27668486719
485.242861509	57.7089047074	-23.7338972029
483.800917849	-266.643321264	9.03915303062
108.556912847	409.39953844	-6.64022744811
-456.955942685	280.830102153	-5.99488084047
314.456975938	-54.5791856919	3.28198893162
346.806544118	191.035282713	-6.61604913201
-44.3243676905	112.200572045	2.78308694003
382.652369769	-288.408264694	-1.11762184268
-382.534653689	129.687719401	3.48626168567
52.8424513377	-410.838470544	2.24112692946
206.785189215	-447.882552357	5.07504140621
-131.319810929	393.050194875	8.49895836939
-288.205992458	-112.78024054	26.2435954517
371.292955619	278.859091481	5.08823103165
283.615249241	336.803379614	30.3649942769
391.65188203	21.9925907283	16.259294645
-126.502388832	112.039497899	24.3828140781
484.125856087	-132.522005336	-3.02652425871
-19.8317181386	-379.235579292	11.4228527912
462.344334634	-165.650774609	5.64270372883
267.420125875	-89.2696378467	-0.183996225345
11.4914246459	-113.669536037	18.4074159434
-322.567188965	373.07905041	7.62606714092
-494.57994369	431.163195682	-8.16435132814
70.5107455526	-84.180032572	2.17096839959
264.786730467	-97.6588338176	4.73562509153
-77.8765687519	486.081203768	1.30282889006
-376.565341901	-260.030129325	0.624194603244
310.392908298	-404.471190474	-1.45027907197
-481.363052258	182.940995524	11.2376192536
453.369359892	-148.502277919	3.34511679803
-285.082967568	-98.892420782	-2.60204032788
330.108183413	-244.378281686	21.615233145
490.12115918	390.012618292	5.83198699881
-96.3465434099	-357.908174219	-10.7449567784
-206.944779887	75.8974917898	4.99139228992
317.587377488	371.329439983	7.43242475926
132.758445225	472.421137927	-0.136645515816
180.099630147	474.514033017	5.72247601445
-472.758032761	242.8596648	6.26858932152
217.571308121	307.16837207	-1.23240070396
-73.7922904328	383.629892485	2.56257635026
122.091204438	-402.883790857	0.81678787077
-139.208606341	-98.334631497	2.44891711649
26.1846038954	286.153094351	-14.3081281567
73.1523552282	-257.494743362	11.7501822511
291.840462436	207.372091464	6.95131537586
460.098202039	-100.801812625	8.41847652986
-474.132925833	-141.556297047	16.472643671
-86.2871631599	-234.062968025	20.7866590469
-389.877189684	-332.800212584	12.6773784632
-15.8462847477	-447.949689511	-9.88630001566
-261.789990053	-25.2770519786	16.4235961624
72.7730002628	113.711335874	-6.12037476531
50.3686901789	22.318049744	-5.02731022158
-114.080682527	4.23366605832	2.51412651715
20.283031988	43.8366421113	-8.8314243082
-270.400536091	-335.964932903	-3.84079709598
-138.806504883	-477.315931553	7.96775159725
307.755504615	256.771756807	2.89302679896
-168.40374295	130.935683486	3.87871961128
-364.982502411	-50.1326519219	-1.53003733181
-319.626344494	458.974139411	1.06392152927
-38.6471270553	303.045104375	-2.66268200725
273.690843451	-53.0104673906	6.2302248755
303.472164979	-25.7950622515	-1.17301736317
11.465659641	280.553670616	-10.6802271629
-358.083084643	-312.371401554	9.6419718322
-379.436690291	61.3102543459	5.64772124117
-410.194088028	187.28145209	4.78888481114
-183.163178114	-360.459905474	16.3947649101
169.988996881	57.787038183	-7.21464235816
313.231272391	146.68866821	1.38640926922
476.041199538	-376.654386602	-6.32244238596
-313.89593616	-21.5578577529	-1.53946627436
410.091170604	-29.9669363721	-4.95334170934
374.586417839	364.475618376	16.8252468603
-218.028642814	-116.349132862	-14.169678238
-298.822758969	158.25122525	-2.76472470309
98.6775348473	67.7634312618	11.8980029336
-314.322050362	-97.5261682559	-8.21314602928
-455.352059708	416.527241498	4.84192220019
-388.340685295	156.963523206	1.27747413755
164.710905554	-354.070684709	3.10269933644
274.083177091	-437.157276846	-9.04443902627
-28.8910370369	160.78527505	3.61512192799
92.9297029245	-65.1752003466	0.504005142013
-480.275805654	223.749823612	7.26987294424
-444.544195717	477.98707357	-0.13101984879
-209.087699447	77.8612140806	-13.6781133603
-355.029436191	-430.747404676	-6.97532452372
-168.951288194	467.037561362	9.42664310607
252.901342544	181.25030684	12.8553158137
-313.483131844	-55.092722213	5.65555039503
267.69632714	34.5408787199	1.27022958382
-114.268074803	161.472919003	3.37576147765
106.526735178	-458.596404106	-10.1675139781
169.03817861	-327.6553811	10.8267716796
193.714264699	368.693434585	20.7568848675
-351.04385101	-422.218922317	4.30021979534
193.507665872	-147.472888273	1.1381289223
-112.803119353	168.658890065	7.12633043165
176.407130176	-352.032708826	3.02017053687
-493.642700159	256.408120497	15.093963349
-49.168761634	170.578590528	0.106427795352
-107.576933082	-344.389221181	0.366117768966
-273.734782712	-399.010926275	3.82549265829
211.554135915	-280.176406315	-4.9900614324
-272.237118835	-468.69328172	9.63105445936
154.346590674	-310.008113237	4.8509790295
-174.692171882	282.757854567	14.5545476082
-179.652631494	366.388280402	2.82719220478
108.580934093	-188.683998732	3.34526100083
-103.945990638	145.566053811	8.77631575151
40.217586454	388.523347788	15.8208398871
-234.151771281	341.903959467	2.92341719389
-436.069950639	-168.110903161	-10.1679209143
488.443406714	328.383110708	-0.647727235528
-36.3346675003	-12.0631144888	12.0290217127
391.827596042	275.665401345	-0.592837127873
-142.314719779	358.253765529	-13.2292095573
-144.160628965	147.593135207	17.3415820657
153.068601522	-220.817135336	5.37865472074
419.967028265	176.811706651	23.8835930568
-448.389587937	443.338042516	-2.30334375435
323.918356768	-45.4966616176	20.6266766164
-237.882396935	-340.953528446	3.36050683672
418.409444091	114.828368603	-16.2083926322
-290.235072442	-106.259007512	-9.87331563957
328.368045277	-364.409329184	10.458472664
250.688778556	112.81015835	-4.91075980419
77.985304512	56.1074201616	15.2021040117
2.54055041138	28.6796327354	9.96925991249
221.185812267	-396.50434127	-2.26415040809
-387.030911852	100.741717535	-4.09421045916
349.508906934	-297.626958164	-4.03757046595
-484.842114889	290.7872326	-10.5181351806
-308.602880816	486.780042278	-10.1465815656
373.719103881	-172.790077506	11.015814818
-108.030645231	259.018693414	-8.17490384999
-468.712888293	-320.241912642	19.2723525316
-425.206206933	135.223478238	-2.05921354861
-216.928899388	-245.435403583	4.46532787155
-3.35086134483	72.7277960781	-10.3382329801
-344.60863242	414.220217321	1.96927326441
235.603838101	387.940697637	-7.8258428478
-165.152215861	182.872521017	-3.69123912376
-118.961713096	-420.344739959	-13.6234397054
18.4149448232	433.046399584	-2.19676200535
-401.726050368	339.033677814	1.93416008295
346.932459769	342.753837744	-5.30410620975
450.344180962	380.809655846	5.8377537857
385.994118218	-130.808115308	-6.82398992627
7.99429913655	-351.574211223	0.0796982432294
-215.257309432	-350.019572743	9.60174484215
308.817068399	-422.877894535	13.6216502452
-398.668277968	-389.130034744	8.8302204437
377.390099708	371.967517468	-1.17762741336
-484.841278214	-255.210321615	3.889709266
-191.363268215	111.638947522	-3.11155760013
-173.932038174	38.3198566829	-4.14421932048
-364.31851106	131.734890103	-1.44269231871
-253.578256362	432.32806327	5.99581475775
293.537722026	-99.8040787532	0.606503005507
-191.489842144	-156.21674335	11.6151375638
-58.4108911264	-355.640648093	0.330869816322
-87.0343090931	-302.75059436	-4.31005900315
339.509854255	-420.011262306	3.44465855302
322.383390421	456.668737681	7.72448442454
-243.789732006	-128.83042731	18.5691907647
-168.218858989	-379.853649038	16.5774858657
-110.732102591	193.895230342	18.7105686394
-409.034212056	122.512740931	-11.368852617
-4.09739614008	61.3953478449	11.2574885749
430.38593291	-490.940137651	5.96305362742
447.842325584	162.709485521	14.0756464752
251.77110426	-87.9871029084	-10.5496152263
373.710232963	392.523134386	16.2459320996
223.542594017	-489.69354345	4.04566116274
-116.017563737	265.797844383	-2.44675203179
312.926700461	160.343399503	3.89807663731
-26.5821880917	352.856325436	-10.4529628237
-309.011597461	211.681568837	5.1155821947
90.6463923116	60.9174532396	5.15680820371
442.719944243	196.1540969	-2.15850553985
179.145393252	-56.6913352899	3.0156565239
-407.240022973	144.728679967	-2.30749759656
205.552237708	460.690775558	4.86018318159
55.184734269	205.462580519	2.1441453727
333.15357508	-447.051076219	6.13307020054
-80.8133137735	-309.471068007	4.43762264019
-242.930105977	131.809321713	-4.66297389779
65.7502519821	-424.630666862	2.68859069882
168.667517996	-337.917190144	-15.4221530442
354.594789819	-277.647648951	-0.362708219581
392.733396572	-431.06177663	18.2545778521
-477.1239547	483.274697957	-7.50902796617
-285.030288756	424.262812056	1.48395034256
419.468056678	-337.914600116	0.270129756238
-86.3995961236	-241.856037423	6.83099229048
275.648732289	4.48966131524	4.85743605017
177.388026083	-112.577567881	21.9745547233
-154.991286582	384.249519831	0.743200084477
-9.99650958376	344.870364228	-7.00181679107
287.384782093	-179.313252321	2.03267877821
-277.072802206	-241.579348864	-16.9096668515
-104.179156094	276.629852092	2.98241666549
-163.672834694	22.303897859	9.97250250829
493.4671639	-40.3298554815	-14.4783333179
266.454138718	-415.664777563	-6.97850213382
-362.589583981	128.767038318	-10.162731126
397.162528967	-17.6354370476	-16.3125005291
-274.927698775	11.8395268591	10.3409032023
146.550276082	-18.1355455136	2.97051636789
-43.9776158539	-158.521267956	-1.84215278473
-436.843172585	131.067956022	2.89440216716
-315.829059257	-157.389866034	-7.15261895209
459.348066532	-265.245691715	4.16844502387
-324.197963711	-56.5980217662	12.6553658809
336.639045054	193.424127664	22.2266229654
-374.874336551	325.043685627	3.69338507301
362.52437132	-190.092560915	5.24204465537
492.265315341	-225.717738468	-6.01334289058
-185.888669899	-491.808557812	3.84160230109
345.779599037	91.7390768727	-8.73199289371
389.33339902	342.526502097	4.32243226069
-182.781024126	22.756709372	8.49541192678
105.814615933	382.974121874	-7.69749171058
-223.076696649	-179.073712859	12.0775184003
380.450534492	-130.604242957	-16.9118645265
22.8390817478	-161.548811846	5.08278259641
258.732668794	-406.816674661	11.007308981
-96.3521752507	485.565351475	-2.13000565673
316.024149648	-327.764608693	33.9800181572
-85.9130845153	41.4696346908	3.42614469898
-217.853220755	-81.5877867421	-17.7083168537
-320.138880284	386.382657121	5.60779484906
-389.203360291	-267.709304771	7.35775212226
-384.542260674	-182.365012698	3.85407375438
-18.3680431294	61.97416551	7.23211549241
-462.208955241	-384.022924649	18.7488845688
-364.99971615	441.904926831	7.90659767446
352.71674641	-201.915379606	-2.13847344991
-467.100799817	31.9440038509	-4.86935303151
-98.9757721664	279.659482399	-3.55231220304
8.38832667758	-97.5315272666	17.9369105871
314.882967164	-93.2344674474	4.83385178686
-430.470212453	-210.564508394	2.84153956192
-437.561084761	-251.783058507	1.72338829291
-363.424558603	-244.580265877	0.742429600739
316.500966508	-182.499017671	3.56494073923
-55.9813476491	366.546746818	7.88627100083
144.362227938	-158.479251782	0.929913108387
-51.2025891377	-7.4010551177	4.98665134238
362.204904419	-306.858084747	-11.8131623272
266.314618496	-335.525597562	10.7190894292
147.877892935	114.487978437	6.63519060646
-470.757579731	398.224296203	-5.13152400986
-319.466412288	292.821507238	-4.04090378587
-301.439323369	123.130927036	13.3951218974
478.985838439	168.170809094	24.9320745368
1.95076215757	-19.2644257524	0.956814161893
233.431147478	-467.56450572	5.33629436186
349.181488397	-263.944757192	-7.611809461
-13.6629267791	-480.381453486	-27.1444925972
2.06153642372	88.4342559603	-5.05452036882
69.7025226055	346.996180056	-2.93432362379
218.081696114	243.377454627	14.3332945177
180.871171246	380.400793996	12.7828911881
269.012186561	109.497466074	-2.12425809276
-145.777011523	183.649285968	10.7221408083
352.446227314	-221.161517306	-15.6368583677
451.924414452	-177.38983188	1.9189549554
-278.533372908	385.187390403	-2.22211914082
152.263575276	471.000522128	-5.04747100742
-345.6978337	474.679395943	-2.11205345839
-32.038662857	237.322239335	8.5281053509
346.855680263	-253.927859601	7.59776366273
-1.84851747604	359.009547851	7.09787466276
127.794078902	-0.985272774569	12.5755459224
108.259498963	-332.372490107	13.9580195044
-279.750125501	-346.312862279	0.664700272315
219.18617301	445.531878895	7.90926853994
-214.412950035	-266.646938288	12.0100108024
-183.03950629	273.242775851	17.7770626974
151.217895604	-318.177360836	6.18894559285
198.026542137	59.3751451894	7.2313084051
-377.915522197	410.918212466	3.38637908108
186.757341811	-196.929382236	21.8361187657
-163.337975649	485.749477039	19.6820533571
274.260092278	-194.886407343	-3.27376495496
-176.208828176	332.325535775	1.9303307992
489.499381708	351.540253229	14.9184990772
-221.455763494	104.626023624	-7.80623560244
210.678730341	264.067864177	-0.82018900255
-427.072831269	185.921973551	-6.49449352401
21.1349345231	-181.975137008	9.13873291891
325.138215627	-89.1079804575	7.57990889702
-481.412162728	445.51141213	19.4564637756
-260.783780056	279.4792311	6.28470105203
-6.87091256416	-233.461656768	-11.9816173285
-64.4955191581	158.997700113	8.58919992107
241.424490224	317.688816794	-24.7996006095
-255.121718864	-47.4136531964	22.4949922045
-429.141733019	360.968756095	1.88899701357
388.079279869	-173.685148979	-8.56533538873
-367.090027422	151.926103143	-3.66213092243
-65.9220193749	95.9711450718	11.0669702618
-329.772854616	27.7655540193	4.33483103798
-396.767788926	-211.862412595	0.686199081181
-435.703794928	12.9267969082	-0.98849907269
-61.0068750022	283.641180697	3.6613142076
-149.311197342	154.526430351	-9.29238707977
-346.447061607	389.140265877	7.59576191111
-175.516608668	437.234416058	12.7990181947
488.372783412	219.482964972	17.6728785748
-148.594614179	-114.633310275	-9.41802611604
-73.6458949662	-475.000801303	-21.6740197727
-320.799108135	48.3559159256	1.80405847446
58.8850029197	-327.005139848	-14.2414553076
-479.656421359	-268.041029958	9.99083257146
280.594643616	383.716638805	-8.68386334618
224.078453769	-125.916400159	3.79768383072
-77.4557871173	-404.260596445	-3.36939608988
-277.898018731	-333.192423453	-2.29463334237
94.3508816451	-454.246613202	-8.88043459774
-311.973723037	-50.5902417213	13.162313169
-414.090237959	-280.824333341	11.8351953995
-312.627070014	318.781408689	1.90044208151
146.316736331	335.825086601	-6.06314776407
-187.730787582	121.932243598	14.3833137611
83.0786544467	128.495519502	-2.13504967668
-175.549756634	291.086379035	-4.93463665735
326.084301672	303.863903537	1.39786602242
-411.260565425	-323.932531483	5.58838442781
-286.740697385	-216.811953855	5.45379984305
-246.960869744	398.998558262	-0.110018320536
-463.552817003	-404.964476538	2.58861694059
391.399894404	416.769549962	3.19153498879
-360.978953797	10.2798094122	-1.06636201359
406.838737437	306.902745067	7.57785742561
-231.174369763	-445.077922819	-1.49210730965
-256.629140274	-379.561998716	9.81459711383
-152.252556169	-458.500403076	-6.41302218572
-441.723156139	-10.8155293634	1.10598833684
211.358356709	232.753757277	10.580186322
72.6513475637	200.487896149	6.30868789207
-470.112089656	-292.037735445	-2.13354712525
8.6597533446	-178.941810791	2.63378353941
159.833839367	306.592036998	-14.3818359836
-425.026123804	-198.890096497	-0.583849350029
175.471175629	-83.4720167864	-0.994799334902
125.214325703	295.560609397	2.37280048725
218.694946472	5.25464874462	1.86469880446
-119.669442332	457.974031112	12.6942033474
309.518943074	159.298622557	11.126257322
83.6540596131	-124.233487936	11.3310076692
27.5752326401	66.7700902285	7.1514542422
-375.864627307	46.0682095865	8.19792039337
-258.102518724	-355.066232487	-1.07431704779
446.604574072	-223.391459301	-1.36473298999
302.402271599	414.425536442	2.0801299642
224.905388762	210.689620759	2.54715958254
301.716169854	-339.388732984	-13.6717716389
-356.08460805	392.245185607	0.884363070974
119.219590467	466.376124973	-11.0307771028
-457.898610458	368.8835725	4.13417279273
422.629971679	405.894928302	0.704679638689
161.665362406	-356.354330617	11.5152792604
39.8924167919	0.377513202471	2.37203506745
-315.738099985	356.619878881	-1.2104523242
-307.244819268	-314.963570772	-1.15434044562
407.901011567	46.6902948906	11.2933069324
-185.718667317	-468.157058738	7.2979589679
-152.586511578	-265.302192383	-8.45764970253
241.026853362	374.970376783	21.646551898
207.002075119	-127.441708023	-18.2154053104
74.0375176718	396.668042144	10.8713747991
-346.936141401	72.8876164617	4.36373361648
226.100057824	233.848240215	8.10446157519
-406.983501684	-450.087720746	21.0194607015
-416.617182411	96.7860427277	-8.77160211497
454.66432714	-219.085836959	8.36600364962
-378.70479043	-401.816359316	3.28890248118
-220.681846377	150.331564425	8.51950344136
357.061582542	-379.008899632	8.73193162193
-435.377180477	117.770778634	0.996178512311
-264.380248048	-218.785247082	-3.94298519193
180.905747628	-357.008092631	1.33231901699
427.999406979	85.9911263335	22.7908824964
-301.139952773	469.009226594	-4.63802834331
150.960037799	197.430830414	-0.803211088156
304.887335724	-356.915815329	-11.3952293371
-70.5697435629	468.187947578	3.04464926279
410.050399605	382.804797659	-2.33643402224
236.982430023	-378.913763374	5.75070004492
-422.49810774	296.287420393	3.21207770051
29.4036885866	125.994376312	19.8201044278
-88.6937412149	-342.455413243	10.7719498379
50.5710077133	311.026130071	0.0698509438211
411.886105192	397.465175844	0.00209714346289
-49.8535103695	-174.61021165	10.6762213069
428.294570654	117.304918054	28.4371894551
103.111773067	-121.340604391	4.73773528845
-332.024218428	-79.967512373	13.4807225101
-274.552050807	80.1483755013	3.2684083429
170.299699283	57.3681026209	9.15005755824
73.392010729	-217.612345217	3.96763451043
413.643773886	301.145495042	6.12641645145
189.737186187	430.304751049	-6.18125359628
429.003936486	-99.6285216517	-15.1283223281
307.342914238	-7.82512873838	16.4053915583
-171.595981809	261.395677543	-6.6038199316
264.029601025	-105.481477111	-12.8950191859
415.316722318	-378.989056908	7.16784125306
164.304103259	-420.567387188	0.752679468054
-85.3929588754	-107.680926919	4.33826094193
327.709808607	34.5348006312	5.81163505933
-316.131456559	126.919451766	6.33989216284
-209.182544443	355.831657432	-2.22250173245
-240.498194798	424.529165936	1.25731461206
275.272482891	271.628419112	22.1487352732
372.878745717	-24.6109536094	-12.2581019248
279.888805439	233.632077169	18.9444533913
396.932465296	3.79883258004	-2.01642159604
436.252486323	-6.26114537595	5.02160713971
445.621042651	485.545104201	2.09892010342
174.50834514	-87.8620352713	11.1270359836
-237.27040934	429.71295899	2.9417298188
93.3064820913	-102.026938369	10.1428014286
-412.790508094	38.7478990102	-6.48470469644
205.449191191	-415.712316905	1.98597638407
177.829983966	-312.630724837	7.92812770511
-323.989826751	-195.542095839	1.20160689419
-128.232290164	-35.6185214761	1.04948610592
237.729495186	324.384875309	11.7704498972
-104.14692292	257.219368526	-3.69287735658
144.948704886	237.101394463	12.1939324895
-97.1500667284	-292.7895107	27.8210725853
441.104120436	148.763822586	-6.44959208248
-457.181126856	-242.378381798	3.25924492497
-144.139358108	-162.839532355	-2.82478594864
463.985968818	205.58900663	6.15847781325
155.584844219	431.901516371	14.5980444226
-306.443893491	-71.8872546116	6.75398361399
221.036201592	82.1431185777	-0.305761422789
-324.872185935	-264.105947341	7.76518682019
-48.3349771538	-153.5271644	4.0618307955
126.099676168	308.230827333	28.4406735861
66.8997875273	312.362418738	19.2219949821
-387.460583437	305.823184151	-6.58766516467
84.9660756346	13.1302563332	20.4047614227
-54.9105295946	81.6462840832	12.3003405958
-6.00967386359	295.189245385	-4.12699588469
-413.661128972	283.59749319	-0.952500218418
230.306876693	263.129348425	4.83087914477
-472.897543203	-10.5614742068	-13.2253710383
-319.726901468	363.788035525	25.2596006743
81.4911101027	-406.348480122	-3.58861013358
-342.067135121	-237.267924021	2.40753796651
306.293441341	-475.775517092	-15.1169389881
415.627235187	-116.092426103	-1.35271918552
95.0911911281	-269.379592097	7.84563132512
231.292321975	-56.9060860544	-19.9379582085
144.468149522	-263.157213096	5.73050340096
294.608824566	46.6835556421	7.25939963359
-193.35957533	-413.697187964	5.89745918521
180.653244943	-60.2726594818	-7.99167742317
-228.868191196	-131.971519816	5.30687458381
392.482453399	195.290049089	16.2886041732
209.051682027	-272.435474369	5.36181323168
-8.88990543905	-211.797889206	-0.195429395337
271.624938832	405.096903701	0.0667627070236
-97.9927372123	-337.933566207	-14.9381111688
-304.83366944	-30.0469847546	-2.7059422355
46.5828950675	-333.807281898	15.8400069481
129.501812681	352.118814733	1.31984344598
32.529635728	465.716803174	-18.6055537116
-292.719349215	-117.930861497	-7.89935080535
-276.132986213	340.823785678	-7.85829423923
-408.483804422	450.742364785	-1.98919484859
-271.265939996	77.5727222509	3.40040883619
342.372819879	-315.812685616	22.4917954272
272.991969184	160.310847324	1.3000976134
-115.262814277	-207.218438987	-3.59903042201
119.298646789	-48.0835202789	5.04401942623
-245.670336051	475.271619249	2.45515859703
-242.059013454	-189.37422654	6.96607299365
98.5650883533	-362.010068194	2.14828397626
269.103482704	34.4599573396	5.41958948082
213.970633843	-238.537937769	3.93706228977
261.314165179	117.977302861	-2.81950528127
-317.949916278	-481.483752132	3.83565091589
-262.213558718	219.431215931	-12.7386342144
-149.698022778	117.542171415	-8.84802485239
-201.428359695	-435.778318807	0.0080590602316
-399.527334576	70.0206011823	-3.04233042725
-403.596552006	216.065418281	9.58622706036
246.499526099	80.1461160058	4.59744114591
-290.479813262	37.2522527505	-1.31254106084
-162.764492454	-429.833645245	-10.2277409086
-230.631651413	-218.311635738	-0.587839825439
-491.570569578	-483.940239457	26.5949260394
212.058619727	329.001692203	-18.619621977
-144.408314547	-36.3427398487	4.91631954531
-192.747140524	-284.34158055	16.2159984359
225.883684825	-104.640331928	-12.3232305484
-454.588944387	-106.026481915	26.1629406355
43.59681062	466.457629319	-5.64570472287
-242.572221399	354.337463522	-2.96243210874
71.5161548022	89.3981080886	-0.679499577265
-74.9184236612	288.4302688	11.9779538085
476.365131183	-360.466296884	4.89793047041
120.644100244	225.022683234	15.651174719
-21.9338731821	-310.606082891	12.6115629079
-459.367859953	94.2419867722	-9.44790641091
279.468314099	105.579744419	9.5921189263
-255.940855229	-350.397967205	1.63006115589
-231.836033267	121.227055957	8.45193088775
481.448588973	-216.816443593	-3.12822232338
447.367119563	-51.1780535363	-5.92815444763
-68.0384440991	88.1036012638	15.0056198913
-324.544808903	31.4836083139	3.55667269122
315.422367548	-152.60268084	0.262127994453
416.393259574	-76.7027470721	1.86622418094
-362.908321514	161.874194453	7.44315639978
-96.3958453266	302.078994277	9.71590349694
-321.200828357	232.905585729	4.88699976627
-269.942226791	269.362218275	10.3456611168
191.28396523	234.704994013	9.91494048743
-443.277608522	473.855799267	-4.01073305343
494.017753591	-313.70035078	4.58719403735
-84.8601025682	270.627625657	-8.72767503107
20.1471576265	159.545189391	2.96108788687
244.055289406	-228.189655336	-12.8791983538
-305.730532018	104.493750055	8.22301577415
336.074818685	270.283087532	17.783847903
-401.221563798	-200.270635669	4.14636178462
56.9518940346	-46.4556951146	8.10516042813
-443.774222387	-202.340500303	-4.44968531248
289.451059973	354.422070034	16.4813693185
152.986570742	-437.804438367	3.76900063251
-482.324366073	323.287104356	-14.8776578958
285.21213763	316.066278374	11.0270118358
371.299927844	-58.0562170699	-22.5245636849
89.9782012521	-441.456775722	4.67098872964
-111.388017189	294.493435754	11.8386628646
-197.110075274	493.169934944	10.0864123497
416.831222258	465.412668976	3.05835164318
-186.669711587	40.9183464703	6.56218183459
409.674330346	30.9139122451	3.6600223049
82.2890644648	362.789097526	-7.18272361908
239.002078173	-163.225584365	12.0994804378
128.839840509	-328.120827371	-3.51443397336
59.7155912599	2.3453998437	3.07127405184
359.12693481	413.429549476	3.68826359901
60.2536190661	212.137664689	1.39685224461
-431.623189327	361.59355548	14.9742324701
-227.477494104	-421.044747995	18.8718709783
485.612292044	-60.5181137979	-3.68072409602
94.6234021368	4.48751815983	-18.3896531306
-135.266777562	338.9033369	5.26175116845
-481.813924065	414.196039026	10.4441070631
281.815987891	-210.120561724	4.3696816544
441.404183214	-201.065059943	3.18247456173
169.684838193	321.695121775	6.95518053718
-350.547882011	-463.595858396	7.79069610023
435.554476415	27.6303391688	-16.4333996677
-462.083316175	192.821781677	7.0424937395
406.197924406	-325.026369247	-0.198885384196
327.636319215	480.311674225	7.15358040377
-103.842404837	261.546521121	8.48815471582
224.289496179	-77.504409935	-17.8735720847
307.58480295	-384.998517085	-1.58620597545
-85.2844483392	-347.9216716	23.5791647747
46.0398151158	-167.273370308	-4.16127539044
-451.366923704	201.71875714	2.90828836146
365.630965359	-283.906526152	-9.35614522318
-428.79686903	282.899377631	4.7666478317
472.54615324	-37.2392381341	9.70990217818
-383.341175863	376.107118509	7.42813619946
166.566374638	303.120444767	21.0378845835
-3.54221162439	-121.63588491	13.9807138763
244.115002182	292.69761877	11.6784344412
93.9900746521	292.915105201	11.3230492905
-345.057288064	490.959927369	1.46274313938
298.247785261	-247.719991103	-10.559272057
331.839893944	130.12865213	-0.941672453773
478.804485263	-325.400101738	-0.802554748704
-269.765862117	-214.643553238	-1.93351400285
-271.133171641	110.293448318	-0.165802316405
376.296239975	62.204163199	16.5340613398
-485.396510669	-305.121210203	14.9913409567
353.831139477	-74.1895661749	9.97565175941
233.616200122	240.699247314	-2.65175002797
-95.2249030536	416.805558821	-6.42351314553
-343.615898349	-115.989374569	10.5563854586
-112.241282483	25.9303235506	6.00982691386
205.17486069	-486.516067713	6.44750271663
296.83067209	104.621989536	-3.44578089746
390.367345804	-122.481933142	-2.38985536023
-202.463785072	159.624182367	-0.437345000816
131.053543839	-254.63271091	7.90478423429
-218.013069149	91.6689111302	8.86830749758
286.763413016	-62.9818763985	-2.61934968611
-459.861160883	43.3954599327	-7.65899255776
-314.822487936	252.659834896	-8.89779867934
416.433388012	-227.69496318	3.52730458923
-463.792333984	67.6026049328	5.69232363242
-293.05261166	-185.241705763	-0.59023360685
429.127471382	-278.055878041	2.76258334021
-199.704728368	-17.979002226	13.8399083762
-31.8509048668	62.2055579205	-0.114548499351
118.740526966	126.268670435	-11.6996324949
-40.6770239754	188.094283761	-0.792072271204
307.595034248	301.341827104	21.0446874415
170.389704303	-268.614781302	4.88593099768
278.116234569	-342.394902943	28.9359622245
-92.0741466895	126.941214991	-7.92896429081
-261.045777119	-49.9084492011	2.32240459444
-152.156968929	-246.633814101	10.1230541815
-316.885455075	-110.117379297	25.6340278243
401.039696126	-273.543193073	6.24134684626
167.910998644	-119.502985556	6.63015307959
-488.278716499	-155.114597946	-3.42009133875
488.315204745	-367.079312259	1.61245042636
36.0513743636	-77.8310641884	-7.51243194352
-374.123617128	155.395099555	5.15751085618
283.244632405	-103.104039477	-0.809121597665
-7.37778742247	241.667806804	15.503144068
-255.249245991	345.763364632	0.550032525022
289.991558001	446.091565365	3.52779551826
-460.44688383	194.142564022	18.2152242707
467.79584869	-47.1457097832	16.6979627607
-406.810215249	39.6771888014	5.41843647316
-100.055498621	-129.996670804	3.65019919244
227.327584206	138.906343275	-5.51028863592
-307.516415312	-360.528529083	7.34300086486
-118.138451999	71.2444587222	7.12008848457
197.24304102	459.907903738	7.01648802423
-464.753959244	150.326394676	11.404018364
-228.072884201	-449.487607037	9.77654006336
205.197432158	218.191261671	10.4345208758
-296.617784829	-445.006186525	10.243973486
-378.614658801	-80.2212742822	2.90856740101
330.147414251	-290.706500136	-15.5400649247
-205.678308395	-71.1920451466	-3.6597486167
437.45460503	-260.390013467	-1.7626738114
482.069671329	-225.855362801	-5.4449362411
-215.54499042	-426.100418757	19.566820242
-252.38003465	-485.823505756	-7.54993724804
-410.096895621	185.478143853	11.3418243755
-317.066748854	-378.717597051	-1.37024690464
-160.130461569	198.564615491	3.47226465736
-49.1392985516	-84.65060097	-4.00947305485
-161.858373438	-355.256151867	28.7604362047
-12.8989991969	-367.618206558	-9.017915259
-465.259331131	136.55719477	5.38947415814
-134.90884052	-423.847400164	-9.58268548326
125.899078391	-431.240850131	-6.08388451511
-367.678895662	-315.713001035	1.73518407373
-471.268512612	-369.70502052	19.795580443
-249.451467713	479.716885412	-3.01292920856
452.003972217	127.133121288	44.6269409238
-15.9322352791	-222.366278111	6.74670455612
-218.525401309	251.626920043	12.1154816469
231.796977822	-261.462421683	-14.2716837739
226.295832996	90.2141438191	-2.44820437509
-460.26886832	-406.397975562	1.63021811362
-215.902337515	381.287112212	5.06144439826
-50.9992819314	288.538265751	22.453455514
17.6983073325	-234.570601012	-5.50255565268
-264.41438116	454.230557566	12.2823607529
485.571159888	-445.160403975	11.9028460114
437.590462412	445.319882704	-0.0534536113962
-432.171142091	484.160655623	12.2087777606
137.849270575	-209.934658851	12.4069792552
0.976315028184	121.781345033	13.7402361133
-460.875707624	-441.165332137	4.11924215188
143.451716657	142.911571582	11.2453735174
344.028206364	184.813637252	-1.63838295601
466.981213562	104.27105295	-4.54954225065
57.3799738348	354.484106691	-11.0070663092
205.513359897	-110.868090753	-12.9996077041
-81.6966009118	205.450452221	12.1167066168
-127.160291464	46.5748519837	0.952780520803
-110.103019743	101.634798379	-1.9918395495
-318.845268998	-208.047444582	-5.1931594352
468.763071768	-51.674854417	13.8428663197
216.328182606	-91.9551349206	-8.5503119667
-391.360537549	493.799207649	-17.1777784338
393.957023937	-397.306166312	-0.415588494038
-108.586261786	238.472258902	-14.6369218618
-113.252875114	-412.061724438	26.8765558116
-300.156028453	40.2531960986	13.4552643514
46.8800573219	117.09526653	18.3184065066
-385.473741724	87.3331999286	11.8511880556
375.445400562	123.029099416	20.3775846222
-31.1412168093	-482.648146933	-41.9210329334
238.727364583	314.966986467	-0.416127307593
364.14079066	213.910591753	14.7649184486
120.715303257	350.966699553	-7.23950610464
421.666999876	221.114369663	-5.2867812734
282.107452905	-156.311612967	2.89509571258
-97.2564733955	39.7769739049	2.77586058239
-47.8750945028	-70.8879432504	5.4345350038
180.089961358	-420.482131248	2.48637627845
310.712724536	434.805924066	2.25347835931
-54.9766883378	430.236204153	4.21113992252
379.538301267	249.285833328	6.02729479927
391.786936506	-472.327174545	15.035656633
339.426794501	-274.65019986	13.1485936353
119.019198514	-34.3746064386	2.65302630563
-268.424145819	174.216843958	16.4971486805
376.892332405	-161.344727437	1.74334888138
54.2243257804	35.4249360224	-0.158380598799
445.570765427	-247.384250773	5.98530953218
38.1996006333	426.196673988	16.511409252
-73.0754808956	-224.028642009	12.9490244934
-202.77525639	0.758869521169	4.94590079072
49.7058082161	449.298863602	7.54873641717
-448.975159982	213.918084053	22.048021587
-225.403265359	-211.888509616	3.45805648891
313.585991158	-305.128077741	8.67749948001
-165.537815195	-129.128244986	-4.11429850665
191.255603006	380.021265244	-3.51417257173
383.102710691	-255.484188901	-7.49471134698
-380.202486991	358.658252236	-1.40040346967
-201.344375995	145.888548785	5.89988894447
-199.269572985	-171.540884905	8.70327398484
67.2532025081	230.213213279	4.40273960646
484.079370396	454.571780058	4.1705355076
418.636731336	-70.1750693303	4.11984220024
448.145783431	418.166653696	0.803781698438
488.2575705	-356.34893299	1.26958509795
249.929323808	9.91874375392	-4.69961152222
-99.2983880469	-423.117181466	10.0613298787
-109.568232461	-170.181098336	1.35940329786
-468.264545927	-263.938954529	0.473863145681
-293.278664749	184.422630235	9.975323632
90.2357868345	117.135945406	-14.3302395526
-110.492419252	-144.210694924	-2.50615892218
309.122389288	-408.921031652	21.5565855707
-422.02593864	450.125998358	3.87721895412
175.102354201	-397.679290597	3.54196735873
-295.859660443	24.1758634649	6.13998262723
437.475350378	-332.836417573	0.353439269966
-385.584621944	2.0616509436	-4.37305447024
-36.5664889277	-304.077700927	17.0335638674
-72.3770310349	96.2859404388	3.19524360056
47.9043570173	421.072971147	-18.9706176635
-322.979527246	41.6313095314	7.91063339177
-432.217543233	377.376298093	-5.14016019483
-418.258595301	485.906518409	13.3553553095
60.9628168531	36.0210878075	5.48498497421
-345.901534077	-431.130345809	-5.12732459814
-45.249279163	-162.339833458	2.11597166708
383.468766567	326.581314421	4.70314971079
-436.453744913	96.233225845	-8.91960490385
-308.620407276	-444.403097998	2.03458671623
-434.455263077	-461.304592554	10.7704771684
-214.506956348	192.003200723	6.68320529838
-99.6255333998	310.755726537	7.2104378623
334.545996546	318.945440879	12.6133189257
-146.875919103	-412.937233122	2.45534168173
-313.968825428	-319.525979935	4.7824319212
-280.727813681	-261.117636294	7.86402012784
-380.929989001	-356.949719699	3.05089681717
207.65003013	25.7307584223	-5.36305871938
-162.161047284	271.948447953	18.5648725333
-467.999829113	-391.690302819	18.387801059
130.013452738	7.34069013347	18.4798880938
-310.947678013	-389.220443949	7.53378973717
358.333041312	135.202638833	23.3130814111
201.538861743	318.717565886	3.80153582385
99.8529802121	-40.036246614	6.68741284622
-444.48702749	400.420093297	-11.8385739875
5.39214626194	-386.452838477	-11.5963370122
-118.891101832	158.96712149	-2.25547754298
-217.394317677	376.067298334	-1.00547865444
-130.650154867	-453.349783693	7.74073462005
227.117850456	353.929516208	4.79293086393
3.80835191858	473.598666062	23.3398031807
145.947636285	-231.230575271	4.75276155702
-491.321468802	-183.609912278	-2.04821230109
151.635882869	-464.258121822	3.44307572463
92.3042064137	-495.080930426	-3.96399140377
-127.522429209	152.63181174	14.8449819212
345.478066247	157.852803156	-11.8543722085
427.153870765	50.1972409976	-0.277283128036
-121.047456651	-291.288275412	-10.9042535
-449.324567305	-243.61449566	0.93816871556
-1.51564552535	-378.202852213	-4.19255253736
379.157338532	326.276398063	12.0764519171
-315.53147407	-87.4665418468	6.50571216721
49.3405661516	-333.5099772	3.61237141583
257.072927044	-413.350469878	3.87297236199
186.84818734	126.982514829	3.09157380876
-212.169834477	-302.404143678	-1.19703231804
-392.581609793	236.687442664	-0.352994828649
115.71972696	-175.583984531	-0.544440379332
73.9798658763	109.564312409	6.28324390314
-229.30987566	-461.845556763	-1.49063032257
405.577017029	-215.605576964	10.5040142573
-464.107622879	-223.932847766	5.41649543708
194.886615412	83.1768281491	-1.07114183306
390.665819236	-204.842313375	-8.02616552057
456.13186915	-442.52670338	2.53965966181
240.441185911	467.557600491	9.59966451737
54.5839398655	281.263884016	-0.413026679512
-261.43341962	167.364008217	14.7560218917
-152.572902123	-461.747204426	4.59963057825
280.856113766	210.722293504	16.446371036
-380.195742318	-95.3677799648	10.6010741494
211.461079852	-289.857387865	8.78609260518
-184.342235009	-304.976807136	5.27386750489
-181.514182206	47.3026956281	-0.724803232626
486.127060447	-297.891772463	-1.27343824115
250.129362317	-396.391935181	4.28037955839
243.473664186	192.638820944	18.2332269492
272.578494619	-30.6077073268	-9.43007600323
236.993155875	198.895656754	9.6311961521
-357.567402577	-279.358612908	-2.0235616894
230.796955965	-220.435422371	-21.335257954
426.901115311	-385.210983686	0.946246862759
488.775350875	60.3530877712	21.3754882782
-18.9903518796	164.242777457	2.48492872893
-389.531046676	170.159324754	5.1796525796
-88.2954694633	397.682446333	6.43254238145
37.2189730771	36.8428216256	10.692649365
-12.7542627572	-269.313710981	28.8465222839
-416.764737664	-447.413272682	5.6834205057
449.623274692	272.835110547	12.9305470921
251.828690255	-469.416448953	-7.29659141008
-113.496717427	-263.146390273	-12.0745646674
57.1220228864	316.046628579	10.1979166082
436.819590244	229.93059204	14.0807597151
-436.013881154	223.419354878	-10.8796826253
203.775820862	-301.506130097	7.7474459522
87.455599992	-76.1073762993	0.586669809176
149.995372999	176.167538269	0.310298256864
243.788007391	-106.457281204	-15.7948806009
363.978321391	-68.2602962873	-10.973457791
-332.569898045	334.302440983	1.07729633153
195.728290875	420.509905741	12.3482511953
271.944264028	-322.211824748	0.991897249505
98.2950483488	299.15220859	-5.46299352927
455.321472632	-269.845518756	0.503254554332
448.683756978	-431.646651157	9.78267799746
-390.886454909	455.283525476	-4.41641731755
328.64417264	-170.081563106	2.6497132824
-476.734379013	-137.324466778	6.551763377
73.7159594141	-19.9490065713	-9.55816243618
78.8218883082	287.76251419	16.9966005639
-204.010935837	55.6414616269	4.20073636036
-404.016938178	230.659011309	-0.701119011386
-295.706883428	56.5961933747	-2.11754580651
264.206872189	-217.92703369	15.7596749221
473.40149613	-353.167668147	-0.159423190167
-225.4312215	412.120605761	1.13798085146
162.059279474	478.77291729	1.69273999383
-34.0337769562	-84.7701827174	3.20543658411
-241.45395803	35.7579386599	-7.05607909871
-492.33266173	51.5385165821	15.5359200306
240.103213462	479.07711882	0.699319224269
82.1760569369	-396.997990471	-8.23395046911
-112.767537891	195.930737888	-6.95371703719
285.489462431	-200.190165983	-3.47776576822
227.647777082	-433.918722742	7.52227929565
126.040494278	-334.408687163	3.59082020689
-201.059660699	95.9393365898	-11.0900870426
447.805533073	-467.685178332	3.92599039904
264.530040494	-57.7895037582	-0.0639028057176
465.276457779	295.137425658	4.972264929
-239.766394263	-467.871666512	-0.276534351336
328.548606281	139.012470446	8.22510830707
253.104414919	21.6328079624	4.64779814911
212.617915121	-448.7042156	4.31612641544
177.273340195	-36.0421977893	9.3268026074
250.199343473	404.060408176	-10.4770668979
29.7107816971	165.658361993	3.45912969209
342.725596101	445.711092532	12.9475635458
453.974982366	-487.87936934	12.3584478855
425.335259478	-428.539387676	0.252083442325
-386.784034479	-137.56999204	-13.4895782165
167.146112228	-234.52787671	0.965166213955
6.9520161323	103.738380645	-4.17258277801
314.472538358	152.742363367	3.14761616251
-490.370123482	-2.09177658144	12.9743189775
434.446298849	486.445620567	0.635655615458
-305.55985193	114.875347299	6.76585906457
-190.573942523	84.2144144976	-5.75958190494
-345.788654076	412.726831178	-7.25251441358
260.958998587	-444.202924251	9.47638685492
-445.355020823	-217.61668687	-3.36386858594
-355.966408109	310.188551898	-2.31020923449
30.1187438866	-26.7256282317	7.44577319792
59.3394434903	211.837339222	4.44484545703
229.906015312	-162.773996733	-1.92877049372
456.069638801	-30.6595002134	4.10091280995
469.123726377	128.342629547	25.1133731812
341.764787754	-358.643721404	1.30199746509
19.4892279171	-2.20011550535	-0.406091392275
-231.281720822	219.888230137	3.07642083531
-45.375079941	-388.60157263	-7.75040297146
144.794041498	-154.903129134	-6.07312496649
231.583704181	-52.0714173724	16.071120974
75.5499787898	-488.833568445	-0.307141493558
-170.048481804	261.689766033	30.5748670523
159.267642251	477.597410437	9.00599167711
457.168786868	437.578532821	11.6510267477
-447.845811535	-205.09867521	0.0941454483364
87.6033237034	94.2039082644	6.07867856505
309.325848163	174.780359711	5.43102302338
-228.196328506	-209.708186659	5.1582544942
-183.438612511	-149.174142865	7.43388101986
174.864037394	-158.595632766	-10.0020929006
279.707060156	486.799742857	2.62479935737
-314.985333585	-214.454721736	-0.46418786046
-260.373458036	109.510453715	5.92003374872
195.7419413	390.707656478	-5.85906842407
1.29873017406	93.1471389804	4.60782571853
474.552155674	-351.174341827	3.83750207988
-406.928497346	-211.8286987	4.40259681366
-186.073699367	-453.689156391	0.771459974174
-177.522049791	-65.381931895	8.85027932962
236.044557296	-186.203254358	1.48150322775
-288.969924381	-321.881853772	4.43286525073
417.681556493	-481.576621302	-13.5019350775
-118.513550408	194.42310469	3.91710283074
410.580632089	-240.305578725	-1.71865335024
312.936283464	-32.9653459442	-24.9563763062
335.32033726	-410.635977123	13.3644664293
339.628835972	-230.280956488	2.27123897191
458.311487721	306.729389518	4.49222526051
-278.7503455	294.952289105	10.3917184062
304.262929679	-193.213578648	7.75541698988
159.534644656	-83.8142374671	4.97217304195
95.64897346	-226.874924443	13.2771628545
88.7135704932	-31.0167084137	8.30592000182
126.908594978	-69.2710265131	-0.926104558647
24.7688511799	461.019183147	-0.598618195727
4.48189028931	70.9793806076	13.2716944352
-213.891268944	-443.049103268	0.454602007603
-494.589235865	-257.033913674	6.10273799504
-73.5061891389	338.083688213	-4.93307616442
130.89977868	-28.5623415064	7.10086517871
442.21877785	52.7273741985	-13.3293842674
-466.903653692	386.484361729	9.64072161549
-49.6713499246	78.1848064577	-5.51233351485
-70.4524421999	367.929467256	0.400646944798
190.344002979	-201.181744455	5.19958232228
-482.361792161	150.274565504	8.49765799355
226.379617359	-357.693570696	2.9337046832
-322.058274474	451.459123353	-2.66462651584
-346.285340635	-332.295443768	5.22757105185
450.314520836	-90.9058688245	2.14571857873
64.8979135283	-413.406950729	-13.3359202044
-371.395822408	-292.291563826	0.363721913422
450.135323781	-425.618932744	-0.727611791626
-137.981313288	157.340734671	12.3700461846
-100.145711239	386.503915385	-1.62348784511
108.008829837	280.545192532	12.1320088895
-338.918657455	28.3873653245	0.963334779067
-312.341196377	-420.782615036	4.70936580571
-436.501094874	10.8812405891	11.2463205119
-434.385849635	-110.284456235	24.9855635184
-396.508958678	56.64869604	12.5642628854
-282.802709267	241.005178111	4.41578490446
59.6897898561	491.742998248	3.51395177892
467.89033659	366.900685102	2.19979094026
411.954673466	481.399766108	6.08587009279
-371.45539275	445.798523532	-1.1454956287
-110.074911618	-406.820698044	16.2269528766
-453.238704881	122.564552857	12.5328671525
-122.082996379	369.683292342	12.7649811194
105.817286797	-454.731785159	-7.46120489468
-207.511491536	-212.640646737	8.19522979111
350.352305096	420.053649552	2.01432845627
-333.521704497	82.4345151106	3.67943988191
-434.411664324	-178.346590353	2.17155058325
-360.980575144	-204.029107887	5.56139262826
302.273725185	-123.303774563	-5.47408235255
-244.935357478	187.960098819	-3.33368129847
-358.380602868	-256.579501947	5.91720617719
424.357652052	-179.2757636	6.14782436818
477.876464006	-93.7993645274	0.967068139048
-86.8043964226	-251.099234086	32.0014674791
153.561439884	240.461666502	-3.29749805054
-396.567077803	447.665134849	9.96302919155
310.787824094	249.031552824	5.27489712989
-188.725423855	472.095430065	22.5824204917
-327.54745292	422.060836887	-3.35616903395
-208.629935473	-453.687555467	6.13431066656
-493.206323103	439.478082615	8.75592541859
118.361066949	94.9262782541	0.0569684660549
-437.649145911	492.025063204	-22.1386183219
407.063085399	399.365418737	7.22958831092
-65.8490225269	-139.570750391	8.39496279535
-369.384512544	461.472617218	8.48356669741
-435.665419831	325.609165245	0.763963301469
-400.41050456	-494.678446693	14.2918712221
-41.9622940066	-104.541532703	2.0286206124
-115.150276044	492.395862841	20.996811165
-167.575333664	-99.2726021606	1.25460811048
455.09980013	-442.246776414	-4.77801364464
350.890120566	323.92770784	15.431462198
441.336157378	-311.739342741	-0.279038748521
-316.221258553	252.456214607	-1.01056326358
146.947649688	54.3173137162	14.390866378
-424.755655296	73.3486142014	2.88831074291
-119.258263134	-362.073255145	4.7164674105
-177.422720771	353.278616344	2.77648879963
-230.507291676	256.940486692	-3.74940857773
-57.8287340188	-276.899299734	-3.28378871172
43.2568995688	-26.4051715287	-1.29630093453
221.579939707	442.879609461	5.7427642665
187.187931381	-94.1374486786	-0.474257846207
-51.211590209	325.230333599	13.729938655
177.702276779	192.156325765	2.79520790962
-455.97526343	66.1971414657	19.4836511729
483.486651233	-280.893165262	11.3615041185
-3.50123612428	169.281547333	-0.430234790946
192.683800176	-26.2466144309	12.4786496807
-320.2200806	-466.468279553	-1.567813968
385.087166893	-5.48642442731	-16.9670757257
278.877253048	178.444052318	11.2889790711
108.050055604	370.191126247	-11.4882524534
187.278096003	-126.858238184	-3.14832390937
-486.434872625	-495.174429715	-4.17761051296
-444.179899412	230.144515407	9.50194834039
391.98870782	-226.723039493	-9.27508532582
58.6386612199	425.585341953	22.080128364
-363.542271291	-16.0048046825	-0.604093981753
-426.353563709	-372.508627187	-5.3090714126
-258.151492672	-478.219359168	2.37977940008
-271.996813162	470.425033618	8.76550314625
-33.6099015702	388.650277433	0.0875013579379
16.7193396971	234.923555641	-6.13114839211
460.975584699	-316.977318355	6.54172273024
-340.077488048	361.56209182	6.74955822722
262.032519361	-478.385423551	19.0060329241
-39.4691508159	201.923493225	1.04344328492
352.121464799	334.688723552	12.0204263291
-42.3944206618	-490.915765961	-37.946608258
483.910465132	24.9800886671	21.183253929
-114.059402532	22.6325346053	6.31759538497
-37.8581446021	-441.652674051	-4.81598121852
38.2693735908	22.3795971414	2.19765123122
220.678142562	337.9908225	16.3089546632
493.639675092	-177.314348508	-5.12377135733
-31.9603517915	14.7546492075	4.24419121835
168.11786306	71.7979397929	-11.5704651918
-423.054059929	-383.591770762	4.2858210841
255.397763036	479.01224802	7.81977960348
55.4116956948	469.323133276	12.9912865806
66.2625101418	-116.556229014	10.8771192208
378.324011754	170.611310373	-2.80562775793
-404.175320337	-459.774869718	-2.23623125181
389.730816977	-207.059366656	6.01042011919
-477.604519889	39.3600818186	8.60309335215
409.921275486	84.920350076	6.21477399743
330.343744617	25.4069403687	0.851144132397
369.250095884	46.0433056897	-17.7538099161
-414.108437383	305.667099461	4.7003712989
221.045216916	158.412026065	10.7002289786
162.041943644	-252.777090951	2.0891483014
115.503956579	-54.4523073651	5.11560216241
-78.4182353836	-424.47324007	-15.9981385196
92.2967678637	239.786368686	-7.53897452062
-252.836112052	-495.556460412	4.39966682683
317.108245897	-289.107114974	12.7728500016
143.149418726	146.8901744	-4.37354556027
143.352575365	119.923306292	-0.00859536257442
-355.52671883	229.416522692	1.08167113751
231.306787067	237.848394451	2.13179760867
-372.471052842	-150.531352663	23.2096137056
-255.823871163	-310.907690256	7.21214801156
-6.52165778827	301.273665024	17.9395381249
-278.567690742	108.862644916	4.10282011074
398.987738519	54.6800007667	6.94137285377
-245.983572772	38.6791965931	-3.8018145894
-379.210116804	-441.504738446	14.1849280943
63.0404481332	-274.643167325	4.46288373416
450.540178756	428.756188548	0.407288321655
-391.337732912	412.211322118	-2.67162287743
-359.291789419	-171.52524216	9.64704392719
-163.701888185	-120.69852612	-2.34963790164
-231.82881317	-361.906663468	-0.577891414012
490.242382005	-458.713453673	-3.51376364784
-259.20760293	-230.777905536	1.95567527493
485.340179932	-171.549990027	3.3655397838
-146.466953344	-55.4043792951	1.78882128094
17.0825443621	-236.034898423	19.844487571
-257.344189952	-149.121224044	15.3791053469
75.3251836758	-445.16201084	-9.04304862304
432.240185288	-443.375917097	-7.43802969861
-93.2948880667	246.039935021	25.0381391356
465.774547916	-27.7063777436	-3.6949824666
-234.841972408	-261.884881346	13.3584628053
-266.008534421	494.944852431	5.70398836745
-178.908998391	-328.87022252	20.2166214666
-185.653482774	-151.728250886	2.79751264373
-334.46023284	-481.80364584	2.45021589048
-457.860912502	291.498371586	21.5338721974
376.846486785	1.56617214131	-18.4184125384
-244.510329587	-258.113041849	-6.34419449982
-205.699898044	-409.247895595	5.56160009039
407.782783293	-403.348527249	8.75575534527
125.37021556	201.48745529	0.326800201411
-64.4186294751	-268.206243714	-0.865870482411
392.723685821	306.704389371	3.89124844118
110.509005864	-257.637358361	5.71449190804
-409.750826695	-411.917553717	0.883522633101
433.303343633	268.016129541	-1.28283300097
303.763085435	-440.480367572	0.856273304422
-38.1203573194	-371.251559163	12.7178591259
-181.589121348	-125.062447268	-1.320640183
375.721647223	318.367569035	2.492285219
169.675833505	-11.1564807201	-1.13459545705
288.393399796	-451.009356734	15.049582839
-8.97230023176	-261.317786914	25.8459608669
-83.6815801632	-394.590022168	-13.9589398491
374.982110669	-393.666145227	-6.53683921591
-102.534338317	-472.110234506	2.48017894939
94.589236051	-102.582757725	9.36809311816
-180.976300835	35.293155589	3.51320295164
-149.593789771	110.828163207	-4.84792363013
-396.811465214	251.484767776	3.52327043925
339.301235279	281.733680465	-1.90764910681
134.175451361	-166.855907225	-11.5154112254
-0.172231793863	18.3258743354	9.36946585627
-142.799677059	-374.674973414	-5.99699741214
301.729396419	448.60290807	2.03670111031
341.217908019	-414.323616311	4.84620911703
396.068242782	-327.163157159	1.29895733016
205.412958339	383.008810164	-0.327441212922
-43.6466722322	288.634284944	-0.225435741743
-12.2640718913	15.5458311938	3.03774931923
341.219597808	213.378049384	-9.50696102516
-213.585239911	419.175515061	3.76818829808
385.189805437	349.763576964	9.93431289978
-105.480837394	76.7362264884	-3.25860080097
-492.501564708	-313.148568253	4.58317687419
-147.06291609	-241.830388574	-1.92681884451
58.8824768995	377.173169274	5.43115460044
470.38628302	357.807992156	4.39309416356
256.656021878	236.559051893	8.36393191
-87.3866600486	283.959628572	5.85721344764
11.3045596327	-294.607170083	25.4952780452
2.8628414878	-416.541381418	19.1421332057
264.34027891	461.077331832	7.61017944066
-13.4785986725	-113.655965711	-2.40116165965
-204.9575035	-476.436363908	9.43908852864
-426.040951541	-296.191994758	14.828485221
-133.690727014	259.906962153	2.07496273119
471.591547505	242.304959918	5.4548719991
414.581490933	-37.697679721	8.58787047946
-404.413040871	292.866490375	2.36975955095
-410.821494411	489.748826743	-6.48910187442
-218.32379103	-457.407212878	-1.88177787145
-466.259406636	-309.972474469	-3.99451096511
-178.949259415	-461.691563876	-0.482185570353
146.661242151	263.598282014	0.162197292363
-232.816338237	175.285211084	-5.3835310613
185.920678206	-238.793542363	1.94936897943
39.2355377302	452.148794816	-4.33901048129
402.687922682	183.226637795	4.48006130494
-197.943969367	247.384947316	-6.46996859673
-161.31158372	25.8320721241	4.44703496574
155.914987198	302.748302186	-7.8129104479
-270.00584558	192.930928782	10.1144872237
-299.659911544	-309.818697379	-1.60879351293
449.492812819	-59.3600943741	-8.79761996988
75.6747911527	468.913352275	1.22336730122
427.430598357	-390.40241688	-1.26523214015
-383.897967158	-258.286514779	4.83122397029
-70.1863628493	-493.245417622	-18.1619350932
-67.6790497696	-343.572931745	10.7811832219
-211.889307292	-130.832603944	2.08744726352
-317.251898555	149.826770228	-3.46637086803
280.589533419	408.60167515	0.73066012892
63.9693926145	47.6368562002	-11.306258293
-35.3679168876	-71.1953848499	7.67566741753
234.884003366	390.97913778	19.6509330313
317.600595096	-22.9312535674	-13.4638413517
33.2191537172	-108.539510748	8.25335158803
258.883405721	256.709061017	1.03585369278
3.77048396951	-53.9829532859	3.0429683261
329.151119486	-134.549578872	-1.18921047816
192.805196791	146.554099042	-2.1206674885
-309.5882402	87.2554991125	-1.55487018556
-42.8796742064	-30.4912748918	11.2672580469
85.0449226621	-481.575573229	1.96720112525
150.534156507	-330.266385442	0.755973955617
-97.6889758568	-107.71086717	-3.59402900284
-273.019887699	-23.6617784185	-2.84042594258
-360.544787906	-58.0459741356	5.36620893409
-139.052061592	-353.139248336	3.84490408164
421.840665608	287.004599615	4.67710227576
-48.1114786156	0.539933793589	13.6849237593
-297.024696404	-72.6152946345	2.2361374671
117.78574561	81.0842835459	13.4577598438
423.521466422	49.9742262958	-1.30975985564
-356.535637361	182.842276465	10.5974401727
-54.9805743533	425.781683388	1.74445077136
325.34921724	28.1705367765	15.921463754
5.35703904305	-399.228263978	-1.560956863
-337.029858953	-373.311836349	3.4027325009
-56.2825347828	-264.469000012	-4.65780406369
-359.695109779	171.992564643	3.21060882991
62.8128025183	426.075558394	8.6949642241
222.772308295	-74.8826040181	11.094903806
-153.446378995	427.157674133	-1.95384971942
-70.2309754738	213.198321591	-0.316274120191
189.43179194	-128.479087062	3.47574752488
465.807502719	-485.090333254	0.863717550011
278.701616473	491.975881764	7.34413059037
