-353.036019383	-83.5125147763	4.1116587967
-211.340226078	160.464886381	1.10561927066
-362.539939717	284.611405465	-31.9158090354
274.306601336	-99.1822321982	-12.4997572456
-273.308260801	-64.7512689147	-2.06107275977
223.461186792	-90.1230213567	-19.4717886155
-178.300719563	-279.556311292	10.3615202353
105.658843939	-291.747698199	3.0395106705
10.0437134885	-47.1736046146	8.02739782517
250.461365794	9.95145865214	-21.5629995109
-72.3127983547	287.927579568	17.4765760206
294.067742582	46.7963027071	-25.8818329453
85.5293117006	299.38720472	-6.44254734483
-237.503410349	-278.545071437	4.85521408351
265.051553903	-62.9095631782	25.4542681309
-122.318912834	168.016342801	16.5404920527
173.942062604	203.081606665	-4.84349287525
-256.597871455	-84.4879045555	-3.85566198843
-157.807602824	321.722919304	17.3160505242
-358.901578905	20.8617958067	-4.96005774227
13.735199729	-261.261459676	-2.87687138814
-136.390338096	1.29052135362	20.9904232641
-320.725313519	-309.202300296	-6.96482224753
271.183105335	183.411428286	0.0733386498396
295.985806584	260.317770843	2.98235316769
-4.53699574139	23.1844017288	-12.2414880282
-177.242764798	-180.888483265	6.1745697652
311.509199091	-169.11687229	-1.65096228029
22.5189796796	-127.982980875	11.4960648389
-117.908601769	253.775807062	3.75335741689
-285.788164465	4.3607008264	-3.28091838243
125.545894383	52.210499164	-5.64134962585
-128.031296138	-234.926433278	3.13020374798
-281.291793675	-157.268627318	-1.86093693943
270.539233827	-285.829679547	13.9237431179
-96.6468819939	351.482117188	-5.97434155143
-38.5748968541	-115.157454765	-5.15735191575
-364.79158411	159.461245265	12.2470817577
-25.8443005563	144.979128623	-2.35017057854
155.387066485	113.40512424	17.3519551305
-301.272152089	185.268595381	-22.2374959576
-280.941999945	-121.122388879	7.3428035568
272.254364627	-318.51952764	4.19921578086
-62.9640520242	99.7449863759	10.3979203196
-332.686863405	105.723107612	11.940667385
318.033488854	-338.816980391	3.95676444794
-363.944160402	-303.010942274	9.43728156739
15.218937711	23.7867886386	-13.3835303978
223.663796434	-149.04868748	-22.194687125
-288.22673267	108.000627893	-0.811710547434
-97.1715285251	120.696913241	11.3085909307
-190.20505061	184.411256915	7.12190132134
-197.121419001	-303.462735701	-16.1013695533
45.6713366023	-20.9087200956	8.20051328584
188.098414107	-66.6652139634	-10.6081786146
-253.674069432	-363.185991347	-0.0878824502846
96.6718616688	110.329580265	8.31367063697
30.3744447064	-115.834495946	-2.89589027342
-64.0115808019	70.7323519042	36.5173898598
354.994523917	16.5021577653	-16.7018391717
-281.118844245	348.713988235	-0.145431049538
32.5342885161	108.297417653	2.65240429315
142.871943797	20.3509207788	-6.06768369668
-325.553990945	-126.316329731	-0.784856820411
-135.157111878	352.89156078	2.70746039979
234.86743506	355.939564112	-17.1563229802
333.173143924	-31.3820465097	8.60880051666
155.368493014	309.214059087	-31.7073914749
244.350828363	347.183211357	-4.86998465754
-224.700732398	143.502464283	3.84634210062
245.329770603	-283.049285774	13.5288624314
67.6790307853	-83.9423210615	-1.505864659
-304.17657962	-226.686240077	9.3863547085
40.7354816081	198.391510522	-14.1063962841
-138.532353523	-245.393500949	-0.76702680792
124.850334296	60.3600024781	11.2002439565
-342.841775761	-11.159884045	4.0845236722
79.9060866338	-319.335740142	2.81747537122
138.574485094	300.337653806	-18.9988421914
257.622098718	343.255111394	-11.9020539957
-362.774651067	-289.212257368	-16.1165276811
283.788515354	315.107541673	-29.415211517
317.879850774	-353.590209168	5.30204794772
-243.440110365	-32.2556216126	-1.86530760959
-222.889232614	47.2372282276	25.4502528204
51.5427597236	-148.158479968	-2.10367895012
57.2901134988	-19.5769092031	-2.45685108899
-221.160447501	-254.32087617	-22.9595463501
-330.573393425	-107.420832075	0.41665844201
119.161410991	-294.551948162	-4.48423099591
227.567564234	64.4034065937	24.4649993272
307.90122344	-32.5690906194	-26.130276179
364.196322939	-55.0363530623	-17.5258475143
-72.8869328501	-83.4221533984	13.2264137364
-91.9343341635	-248.137458861	6.75227913425
-87.6765744519	112.868640042	-9.97714721109
57.197822533	-273.496338288	-16.2259511894
204.221396018	293.870110094	-6.90996690749
138.450192764	-282.910979026	-1.15730907402
-86.6673483046	-173.711940939	3.51134370661
-152.522700837	124.422062667	15.5401256255
-75.5017068407	226.307215316	-7.31900261902
93.7337654535	202.709503436	3.12338817033
-52.7703757863	-176.632360604	17.4994282941
325.450572645	320.458269551	-31.3979489555
-168.953546603	-20.3591103395	-0.408224595014
-228.073047266	-162.802376697	-7.637244775
-268.575063308	-285.829168879	-10.6090560747
-191.994840579	115.77450847	4.37984870819
210.393098475	292.744351279	-14.9680469679
-170.985880877	263.369520032	-10.8842717616
342.152587947	-180.313684167	-20.1079581506
19.1137520723	195.555500109	-2.87344783602
-102.369858075	71.6275721422	21.7059926035
182.450991764	28.0871924663	14.9091442878
320.517763553	-162.221734808	-4.77736538855
87.7821385372	-201.859200972	2.70340580691
207.306686075	-76.8931388398	-9.8599965873
80.1199963032	87.3663931151	-2.79511000605
-316.771860255	97.9715868488	2.05495136976
337.771849485	219.610969646	-4.44440332903
-332.99257104	307.026878993	-31.49865599
317.762122326	238.952671245	19.1080703019
-261.70293978	-199.147802933	16.8491491968
-344.51713994	-299.185798066	-1.29275007474
256.443939022	28.341173253	6.34084859237
199.204495631	150.371964828	22.2261486722
-2.48146235067	-223.600084343	4.00980321084
-175.103082568	191.670509268	14.945582392
-49.8348271889	-350.439897893	5.85349292817
343.801451866	-296.430367456	2.66575959701
146.107296357	68.2799968038	7.14747817782
224.061272861	-214.160351872	17.9273794779
-53.2326428001	-308.722956223	-12.1099027841
243.089435215	-140.324716816	-23.4275984728
343.829650494	165.979116046	2.35908160827
313.956746084	207.412906315	1.68472646537
-21.8542734467	-242.396989989	8.86665895368
79.8465658317	287.97005956	2.6474614686
-40.3457212547	-206.159099003	14.4772020102
-133.3512743	244.899858063	6.57252861732
316.190053982	-45.5851138477	-18.5956552643
-348.833389971	-7.01045578633	-4.55382335401
229.558549542	218.174903688	-4.94195234125
165.502751121	7.51449401979	-3.26341709529
2.07897427037	269.614782677	-5.58018628944
-215.390023312	-178.594924609	-2.61078756951
-96.2728110482	365.183204059	1.93224545072
-264.482062224	83.6906460546	-6.07327475855
-332.744263322	-256.597616951	-1.70417378925
-247.223657035	355.203610587	4.1016338425
-67.2004861289	297.373961413	-21.6342138426
50.4289101938	10.6616611641	10.5798488669
121.154666164	-38.1511587735	12.5802404226
-74.8333888993	358.196093769	-8.15929216515
114.825774749	-133.562461652	-2.42646046297
158.02427039	-23.0014666977	10.9879234802
157.203045311	100.902893564	-1.70199446563
229.050410792	-338.82890533	-6.36794275715
-83.6563932509	-38.0145720995	-11.7829101073
294.284929526	-362.181474992	0.715534276965
-348.281841848	210.136221317	-5.07339591905
277.128990323	100.66497729	17.3365839823
38.9189486875	-37.8387864295	6.84176996484
37.4433954364	104.031435088	8.38977410972
-270.294316332	4.24090537841	0.934199621885
-84.2138221586	-245.178711145	4.93977720629
290.881720044	30.8923295188	4.6969061295
71.4242653689	-45.2788329571	0.433841980928
-209.987402094	178.017584778	10.9971798403
208.052804267	95.1678711128	-22.9401501504
-22.1634903182	86.8883169793	-14.6627582579
9.18898313614	38.6897032112	4.02724689743
314.269510015	181.982407264	3.35135855987
-345.549601731	-103.782648206	2.17665984852
33.5957330173	171.580336974	6.25276925907
13.3554949311	-212.271312467	11.4143555549
-201.783383838	-74.9556835588	11.3410426901
334.434720594	-261.771457289	2.34949720988
7.39774470257	309.924167186	-29.615825842
-147.74719166	98.2748453821	19.6798989972
77.7177147153	234.62978802	6.62594650922
-4.24875495344	360.721673723	16.6355183745
322.506699163	-359.96294178	5.07639530351
260.386301171	42.1312703402	-6.85372227147
305.962154769	-219.39957087	-6.42875862787
160.183233533	266.438445967	12.7520706333
-117.911009671	365.641218183	-8.30780229936
166.304549165	-226.223246267	-4.70694126054
31.604240136	-212.465161052	9.46840361331
173.23044165	-107.638473771	22.7012039062
282.125381232	-347.544311281	-0.672146677746
-356.810165958	75.6630982759	7.46772469867
11.635182256	72.9807040835	22.1953650979
-237.087090476	317.539594764	19.2618501405
-214.545361611	-22.9732332963	9.11707987714
295.449018593	117.246964622	0.245242159384
312.513335765	-139.576728176	3.9792805664
233.094782294	-290.322563142	6.49747580346
226.738325146	26.6856402396	-18.3455323934
-348.040741823	-338.419930776	1.58219556212
-292.060551884	26.1073302254	8.86196730473
-363.363457322	301.880291526	-10.7640210168
-295.221141695	26.0723741257	14.581522551
-277.563761387	89.6269683426	2.95160742631
302.301556321	-348.300745411	5.79891833024
113.275004825	89.1071409208	-5.06539824983
-33.6964587728	-155.823377226	-6.01359009288
-361.806761683	323.046000456	0.0154066727658
-333.679148074	24.6913985937	-1.69003921031
256.267778282	7.58972404083	17.8702282782
-345.261016479	-54.1098756336	-0.638654105885
-280.764948315	-258.475845126	-8.66516567198
227.848301311	-217.52026083	-6.95779882175
-250.465766906	317.061204444	-19.9702682294
233.806658812	-49.0410674047	-21.5661475569
-159.823551514	-113.967806421	4.97409070034
-60.522973769	-5.30915171331	-7.55830573971
139.970648552	-70.4069876107	11.8291137848
114.538625402	-298.366998524	0.724387041057
-261.264141784	-141.605489986	-1.53913064591
-310.154147423	-316.617377507	12.3402324373
164.37673154	-68.4476544039	3.87278620396
-189.87372102	348.58455045	7.0114318278
99.5926916032	329.287000661	-8.63063397711
339.502508555	105.263684129	14.369614945
157.044914717	-256.106255288	5.85797058743
88.3557186366	325.539730574	1.75681254042
6.63718493179	-238.441049722	6.13393213284
338.362973733	203.924423937	-4.68646440789
-223.748312415	-169.524445293	24.1154188377
144.286957069	296.896172852	11.2792688203
229.021970604	-133.27695179	0.814217202215
39.4506764032	-63.159945692	3.89095083022
235.809922328	-93.357697965	-4.19041450982
86.2467816283	-196.753311208	19.976631769
117.133149538	13.4350886434	5.36680088103
-238.487417385	217.531412094	-5.56683975893
353.238169691	-273.993891403	4.35987856119
183.808005152	-164.979744563	15.1621850303
92.3555854561	-107.777240773	-8.08394311986
55.3707683338	-289.982334021	-3.42814893048
40.0856979058	325.083223565	-32.7619611449
-119.436929481	-250.229883127	1.83145677509
169.262946122	50.5892252995	2.01229843704
35.4570164818	-4.69771763445	2.98135886948
257.826589278	-146.714890157	-3.8063308275
-258.473659772	-230.45461786	-4.7134312585
-157.668613043	-313.511562019	6.17362867767
104.264651347	-314.735344951	-0.0873517393313
-334.871561215	114.060422475	10.1404028195
-301.80772112	-343.856114738	3.9036185129
-205.777525206	195.008653703	-1.97281933441
-289.271800995	175.701005944	-5.92881451859
-243.951322219	-83.9514241503	-3.83840345872
-233.700447069	155.208529185	2.48041035469
312.14011765	-52.6511007077	2.86510031634
93.3337673726	-229.347126055	-8.58956143463
99.9499908116	292.007401685	-0.571489412415
318.839321342	-314.776027304	-5.41797797912
100.17737248	-149.439820222	-9.73518102053
-46.302867094	-248.064581707	3.96572637669
-245.574388025	12.1410398545	4.80752031859
149.862954502	-133.511684516	16.7178138724
-206.008847804	245.410807777	-2.74866862954
171.098164551	340.088453127	-33.6225014376
-244.748293719	-257.064401881	-14.5131772983
289.961309313	360.131378963	-17.4234913613
-181.855847267	292.571480579	-8.32807948866
282.030820921	74.75013742	5.60284863023
23.407374654	329.18206047	-21.4533258563
-292.660462237	-228.100033581	-22.7167814671
-157.248328139	-341.490047811	13.6770468683
343.415762115	76.2829302933	15.8246362581
69.1794211684	-306.617046368	-13.2811768423
297.441012166	-55.3480241365	-4.3263367239
350.84208893	-279.686348418	1.18220456062
-310.470698283	93.3989966899	7.70337310372
-141.732690809	24.9991520786	22.2278348477
-155.560905915	-222.958729562	-2.97990397868
341.952529116	139.256540105	7.46225972012
46.2600085899	-147.652261025	2.09923926964
-342.054650392	-158.84451429	-5.7314145025
269.708365339	-229.297490776	16.4681471657
-206.535617004	92.2413110931	-7.48173283807
-19.8313370899	185.140766122	-18.9934121753
12.722790444	-114.838098688	1.8083559461
-213.900560119	-152.506648152	-2.07448254825
-227.414762296	-264.072001008	-4.95550908255
182.775111927	-287.631909287	1.30562900537
-142.66907652	-18.1745456789	-3.85035410399
1.85871032428	-131.930643218	7.21302395108
-257.536133849	273.563956129	-4.23115449342
-158.050608811	24.2016687194	26.0176270651
42.4059680113	-365.460803642	9.77445379608
-217.887955379	-311.171651333	2.1464314172
364.564453454	-304.14844545	6.40968518248
-134.444666334	278.43665164	-5.12723812664
-268.708075784	132.410761857	-4.44948638326
60.2169340594	62.2246488758	7.40585364827
-315.189706788	14.0445640868	-3.48206986881
-194.047633445	8.17152208426	6.46297196054
0.340799628539	-325.193290105	20.2588777801
315.980282707	362.495896148	-0.211435557356
-208.709024501	-267.37036486	-4.46485419945
157.66695751	21.0171938464	20.8886137387
211.110382669	-125.910407792	10.3675200113
-228.813671052	358.711505788	5.69739635856
153.305221613	-124.282551018	22.7218191748
250.539594528	-291.73043291	14.6367788227
128.473781316	86.7540148466	11.7680368979
78.4387113338	114.760306303	-2.10797173682
-212.472391674	-195.039752273	3.29774347248
-60.3921711972	167.883191356	-5.30336590578
-16.2279924928	-177.848329977	5.98343521746
333.923102876	-170.989853408	14.3704192715
-27.0843840191	24.687974616	14.2820277771
-115.115876599	-319.182381109	-10.5548925949
-359.731915546	-287.551652116	-8.12223281501
-37.2045142831	27.7868856808	26.6020265493
-92.5729411706	-128.466493687	0.935365199901
284.564434334	-199.572186077	7.9214911436
30.993871201	-125.949756106	1.9299146795
190.809479796	295.520292451	-25.89938198
-133.450009874	-47.1211197337	-2.35255704002
-226.773600273	-82.7393000596	5.54446610484
-180.109769402	353.693764342	4.10069931914
-231.294811236	-250.044155607	-1.46358211891
70.6428470675	215.759462445	-10.5265823688
-80.8858349476	-28.785524473	13.4911782267
105.493021454	-52.0115789698	2.98632929255
158.808194767	282.247564878	-16.511375527
338.233471534	-79.8373644272	-27.5375850627
177.204947074	-155.782144381	21.3110576011
222.729815641	282.070907802	-7.82697363186
121.925878529	224.016499995	-12.2901792874
-66.3228615332	-258.381952838	2.52389111711
-64.6937357578	-40.3312966455	1.61852159349
116.702376244	-73.2596240788	8.67383555306
-82.8824954683	-55.5950021278	4.41355017668
54.043947664	-14.5728320073	-2.80629016933
-170.961848031	98.9308171448	-11.4341030809
314.806570684	-281.417491703	-10.3315189716
85.2690804314	-128.840898436	-14.4744358742
-357.119539253	-325.684838591	7.42573714304
347.810493131	50.4334085007	-1.85597978485
-44.4222267673	212.602149614	11.2558079162
188.111814407	-223.259570527	16.906746026
-258.405108072	-144.492635103	-11.9825833587
-282.375820069	-79.4502169847	4.55063308154
190.117733366	31.6219015348	-7.12236899172
-162.110265201	-125.873921942	3.51272970364
-245.460288891	81.6060418969	0.160738817397
29.1070799468	-48.0871309971	3.49512781872
214.604764465	-258.062587464	4.18935158229
43.9762898423	-99.5814512885	-13.3987941338
-149.863731838	58.5428072392	10.3917397553
-33.3238581922	-365.68252782	0.526240567153
130.517885434	116.850508371	-8.23866879629
-33.4109009883	340.230429563	-6.45074698489
-14.4453854212	-42.1393783612	-3.5213804364
228.949429423	168.698669462	-0.169981850132
251.331024255	345.526564599	-30.2606925412
45.860770114	-309.463987809	-14.4759587174
179.299338155	-210.02052334	0.708797408824
-254.727645887	-118.377512089	14.1623783202
40.4159493047	-176.800998472	-9.38898844496
201.855811007	59.7211469947	-7.81816817266
-218.216661279	-62.3463515769	1.09139700022
361.585884192	-361.663833842	-3.58836785162
-187.675401278	-75.7618878984	-4.75795227853
-263.290369127	336.07923049	5.5389577567
105.574895057	362.943281661	-29.7341694404
95.2262937952	129.684567043	5.32371594848
347.024155383	-177.222471421	11.4499399988
213.862925067	176.145655304	10.529687337
224.692653962	-21.3990552891	29.4581399051
-46.301246699	273.696054543	-2.89935691204
326.882015844	102.592149466	-2.37230265802
-331.603325932	83.9171480988	8.42910557661
92.0130855734	-82.088194778	0.701318613649
160.708009827	253.77826191	6.46810180205
-282.057377941	301.905593851	-2.04137647959
-356.57667208	175.95571321	-4.2630018081
-92.3441105533	-300.894639197	5.38178781465
162.878383617	346.54386512	-33.7132100288
326.292187172	-31.7604521604	-25.0628141213
333.152605425	-23.0245266548	9.45275551393
-356.684987036	53.4136795325	-2.99192172612
227.586321551	204.652978253	-1.03057548966
-319.665191934	273.407313719	0.270806546347
-345.486307564	-39.269459971	-3.85751331437
-125.987416756	218.716095728	-12.2306192276
-359.446962329	249.278184679	-25.4355060788
-36.3046267945	-242.82118068	2.1762451144
357.928484656	-221.62747039	-11.6892138028
-229.884303123	-126.07856828	7.094532177
184.500719067	23.568125121	-0.501250044543
-201.822599937	-358.45431454	-8.06210412116
91.8341091168	197.527043273	6.17543080037
-90.5081701919	-43.7795793079	-0.837021046347
-293.736995876	302.598385621	25.91277978
321.699185813	-94.2874744427	-23.7678983223
-278.218810815	230.817168711	-26.1121587443
112.390378293	-289.317647635	-6.67923572928
-196.614606179	180.930084834	15.187607697
-290.926348004	-31.7680428607	5.66123658844
-329.855983412	112.409711377	12.493544225
-117.634158709	361.894026133	16.9967115879
27.1799382913	257.019584702	-3.56601915333
-220.675777432	-344.584147716	-14.1511483913
-226.25656417	-102.987713469	6.84924288246
-53.6447754235	122.685985678	8.65423010612
-225.241086103	143.103346742	-4.78442775248
107.505890053	-115.102508106	-1.99097167947
-340.183689579	-122.489534694	-1.2907161433
209.422245583	-28.297581434	-27.2067694429
-59.3166124542	106.187996009	8.51835727755
333.487896117	246.494216621	1.9446569788
-196.039183775	-5.65678891344	-5.16506749492
336.637244863	34.9837771512	-6.77260084408
202.124140281	10.4890742345	-17.1480773338
349.291265089	176.364678894	2.69631182703
154.377146914	-231.698127163	4.92345325746
0.888707477963	-0.815033967436	-2.06215308662
-140.35700072	296.748143873	-16.4957957399
-165.173591453	159.825878113	17.558570241
294.322730929	167.855383334	-6.01312741763
-41.9550584235	-272.422377044	-4.65828428373
-339.232028772	45.3043521545	-0.752282919077
-99.2530348122	188.962036533	-12.5577465383
-300.124380191	-37.96077944	-1.13200759167
22.2753935031	287.415608833	13.5722777803
35.9984777242	-140.098874321	-5.71427614753
-346.475652902	-72.2162704366	-0.426309785225
235.663470001	-307.738924099	2.14768217382
-57.7065143882	-115.245844631	9.3155067032
79.6915747552	-35.6107396246	9.51739044547
97.9211664134	-354.600953537	-3.52546734119
-285.171319368	35.645582718	-4.22489889053
125.879158925	4.08182500861	-15.7516137738
291.182748168	318.423939861	-7.53766562262
-21.0185110066	-261.096662606	-2.19615214074
104.715076221	-276.956203837	8.65893240525
-158.703228161	-53.6760353407	-2.4829306283
26.4092745249	-183.816881113	-3.4353201156
-101.769265996	-18.4658620651	4.4793529357
-193.73052948	-361.271303082	-5.01422574826
99.217423813	153.599084589	5.94090981479
-194.361139235	-152.93032198	7.86283665889
46.8435522324	-151.12383709	11.0435138489
-201.559449019	-93.6450545014	-15.3411769268
203.429980401	-77.8377203736	-1.42445267063
-307.998141908	181.429046758	-11.1539714076
-292.897668896	140.541897985	-7.60234612476
-146.116728888	187.017299834	-4.09632165368
-296.674547415	-321.457529839	6.39025466833
53.6079524934	211.586884528	-12.2784011243
-209.094888466	-153.285351158	-6.23487502918
-246.106162082	-177.556438633	5.36062552936
79.3626877005	-253.956159424	10.2576390813
189.276399165	-164.441434615	-11.1831905309
69.5362445145	-121.175329833	-10.8613937109
345.516583126	-301.222461728	4.1869865834
347.236718451	-251.046709089	6.13653972632
159.109239367	-127.212362617	-18.2057274038
82.9118072355	-307.505095184	4.71586938934
350.201443626	-93.7019132468	7.15632650048
-107.536863712	0.532951686327	-7.02615359046
-84.5520297768	-117.010976877	5.59127722195
-12.4155581045	-29.2446928839	-9.78531046209
183.180020063	198.772841429	-10.0710172321
-301.063627959	256.741024346	14.706803149
-120.565723095	64.7365199909	-4.124295567
-129.036852352	-115.980203692	0.125854173417
-65.5776300375	-181.648479267	-1.73271434809
-27.8519465849	2.19017419344	1.36953089424
239.880198527	196.116166061	3.44437390826
-239.317317131	-28.0418201664	4.77223123435
-91.1604713708	287.332183128	8.45532617425
-198.663973275	56.6847824324	-14.8600083751
-311.70127419	230.871947611	-5.04899623381
-154.298805768	-4.39258313011	23.8824681585
136.275758688	-68.6272813333	3.19774853254
-127.988172581	-88.8668894773	12.0226864518
-326.356413627	180.517138718	5.65252423542
-44.2675597174	213.822735058	-6.69502655562
202.578997221	-229.331572711	-9.4221004961
-217.237322862	151.554367877	3.3177266792
16.29231513	-231.793230524	1.81777422495
133.94780311	-200.536130869	-12.536709066
-262.986931013	-304.973941819	4.92235240057
-291.229722401	-197.334833691	-3.07096646271
-150.948558263	356.712804838	16.0126771902
-38.7937211219	2.13625749307	0.883514166796
123.148110119	202.684814686	-13.2085897944
-240.684533678	312.584810489	-12.7226761108
325.056572417	245.519421957	14.471459047
14.0813855892	43.8931375927	3.41254715394
-348.903594925	207.956511763	-26.0385765693
-229.639688712	146.917792094	-3.14853394891
143.902159494	-7.15225280444	-18.4073140358
46.0139657158	-78.8523039577	-2.05351645708
8.16094628621	-214.882947267	10.0808355384
170.668419604	115.966975531	19.8868421178
-163.0364677	-14.5494725647	5.6104463516
-223.116230055	344.617512615	-5.81777024369
1.39702036605	-132.190577378	2.21270217941
216.292289271	357.9771047	-9.74690665929
-148.430196345	-42.3096862582	-0.113122928853
-356.290119036	55.0608835156	-5.20376232984
189.511225671	326.826107523	7.1863376282
78.2016620688	52.0588302271	-11.4228381857
-144.345951674	101.188939222	-19.4898216632
182.435320061	-74.8713146422	-12.1387345014
247.107084968	273.259213797	8.18130935204
77.0601213584	72.4074308349	0.570820500384
204.069048987	-36.9974166549	-10.6524624025
201.783008228	-188.534493664	-4.39278616212
204.496016802	318.392388849	-10.5247317599
356.639307518	-1.62053008197	1.85067645986
-180.990465896	17.5244336446	-2.00843891208
207.430482604	-158.358191813	-13.8104257367
141.367700491	105.514459848	8.87986717485
-278.911266388	113.826739261	1.37723918495
-19.1996824584	-110.879925114	-4.58935094032
-352.863925991	23.167351649	5.20100644679
202.135819396	324.006672976	-5.27418304985
267.760262271	90.8654982107	26.6608422044
-297.843950252	-238.300180729	23.3703122066
-135.172275141	-365.107207868	-4.8426891216
-171.983438045	-24.2894268119	-13.3422043373
134.425443079	-153.804167424	-17.8333522792
-216.397137286	14.3601596677	13.5818338407
-282.362711255	-102.017324293	-5.56684335188
-4.07995996574	-310.797936662	17.6455148088
295.287758395	-219.585917484	1.37250865824
-87.2340375528	94.8780398533	5.06921568603
77.6119912549	270.48738742	-7.32326276431
-224.976190809	-295.122604813	-3.48016108124
-350.819917422	-115.721769917	3.58338760909
-195.568246296	-55.4507388435	-6.90056523774
-102.370736667	122.48319395	-28.9434433169
-353.629867146	-106.597983439	-2.24711428909
328.266390555	-111.802774805	-27.7143754414
14.3382284061	231.879946339	-15.5655367761
326.522939987	300.592632638	37.9924379889
349.302685931	173.62029554	11.9274221382
-230.80707809	-137.344024723	13.1948441938
-133.728970256	-307.506470084	0.0930316967626
-352.500256605	255.602730837	-20.6419567482
350.783896428	358.326584104	-23.0252028978
-10.6202762941	43.2947169554	17.5415953883
-240.115480823	350.459881025	3.22656498023
98.9721310204	-50.8702776796	1.63709927964
257.56245148	-223.526624103	4.88682024912
163.212746489	271.906526032	-10.6141214611
-281.482363111	329.45960829	-4.86643532492
-24.9246453205	277.877786966	1.81442331856
214.724750235	358.208328267	-23.5149714701
173.994894755	212.802530749	-17.6791999541
122.576529717	150.222073147	10.3923671501
-163.085957826	341.337286864	-7.71931075118
-284.456790743	-238.718577598	30.8564396967
167.493206415	249.199221953	-9.04678303737
-297.495555657	262.910270275	-34.740096213
203.163012645	159.720465682	16.4182242193
87.5195083775	173.4340949	-2.45643050292
-33.9849486586	332.225739156	13.4924031005
142.659479044	202.734047187	16.5568535608
21.2610379977	22.7831337629	-8.00487070196
241.3916071	261.467798286	-9.10554703568
263.298031538	322.901996139	11.8555465732
-158.029609141	140.066131964	-2.57087857598
45.177238379	-363.721200291	-4.03657984305
-136.298890703	-123.056426939	1.45129555304
268.953033092	41.8086305727	-6.25999914675
-176.19927816	63.1585286419	13.7129235126
-49.143493836	-60.6698144498	2.53758455809
-95.8093206239	187.468496846	11.5785768296
3.64064055303	-47.0926561714	14.2198093091
190.740807242	202.49964749	-2.70392914963
-134.43745032	295.510229506	17.9910111302
-358.380602935	-341.344495735	2.38670858901
283.853420025	-174.865126241	14.1840632386
242.536299752	142.432762738	31.6030576994
-318.394475703	-178.610078354	10.5634937165
-286.288099324	-19.7565185886	1.59554828228
300.046180833	-226.475563284	-11.7799821126
-9.43295695215	-228.816829605	-16.3194914306
-303.501038911	200.349389344	-16.3135407277
239.49229639	236.25109235	7.00155380323
42.8237942732	-174.40862525	29.3578301343
-17.7693591356	-275.892807112	10.1811898327
306.702568606	-68.9986428229	11.0014010037
-281.102009868	-212.824103986	29.9945906867
-348.496958733	330.532472817	-17.9082550787
-35.4964257394	-353.93948629	5.67384842689
142.806363208	114.767946764	-2.04137924821
269.55606798	-122.432568248	-3.85211934734
-84.2267781844	309.206109219	11.8938207735
163.552271088	-203.471468683	1.57544882991
109.207263115	-123.538748461	8.2803941215
-145.845562889	259.180523554	-5.17559761035
-108.67217228	361.330460066	3.79163501685
-150.844528842	124.405708009	-15.5964541664
-241.933639795	295.883222952	16.4056342474
-322.607533227	-38.379004125	7.38164378387
-91.9706494324	176.213900136	-15.6618601032
-333.108168654	-238.056440668	-20.8412999234
-228.501444255	-336.414140496	-0.436151255137
-238.475409767	329.594340395	10.9374545117
-18.7018934467	119.930519914	3.91680049215
326.575649197	258.755992701	19.9336525703
-302.031916221	-75.5506641094	11.9738553913
32.6434192043	-238.877511351	-8.41245033984
-220.428819643	134.255215203	9.51604573161
-324.311315457	232.254922058	-15.0339560201
-217.250310259	5.26385145947	7.79667163357
-261.095430387	131.9736623	-4.00567084151
-63.941027721	-349.035715637	5.57132970257
-314.750014498	171.147471156	-8.52230673857
332.549634514	-48.5692474229	-3.93453084446
156.308487012	-76.9383539531	12.6530466097
199.618882786	-322.272023008	-7.45857968049
215.630716019	-343.847774447	-1.66369396817
-170.369412415	-204.951933791	2.29029301525
175.201853702	121.255475831	16.0086079508
240.118091823	-165.140385994	1.71754441258
-252.49112268	22.6260144298	-5.77089403086
87.8322869654	-298.186631012	-10.0285804396
-178.971735576	-21.3804543137	-12.0185245458
-25.5716934167	348.692654268	3.51175397761
258.557365928	289.944405524	-5.71168072039
-149.546143504	327.687437636	-11.6704124785
-156.57213682	-209.174330589	8.16781492643
-231.974289617	-36.4768552578	-2.02533981365
333.707663353	220.73926793	2.2531083327
-100.722098211	123.6413539	23.0118770518
-277.610739631	-99.5101953062	-0.223928581838
-283.36121706	-217.470330172	-18.9136899501
334.089078058	-195.619648962	0.0820457349276
-122.827434721	18.1622816512	-21.9038746655
201.200732387	-245.704515103	18.1285746852
-144.917762667	-223.93343756	3.19844755515
354.084664015	-267.244638027	11.73920624
293.509755164	-25.2380711045	-9.91614658041
-254.803700433	-100.812420288	-4.1815536739
-82.8964472989	-141.578409855	11.1973638337
156.711178583	-206.649058257	3.90762782131
44.6477375191	151.731956376	-0.694445199304
6.39155488782	-91.8060173353	6.67217814145
-301.946025158	-178.291719829	4.57647709759
-299.257325481	-186.573003334	5.77443954335
173.617872624	-211.670299211	11.1019593399
20.5762830708	-91.3694797359	-2.06096789999
86.0794348681	-204.363897155	10.1660252298
262.225965327	261.164640091	3.47856501879
278.457169434	31.9850181521	0.666723034139
-92.3698214138	283.716837092	-6.04170303739
330.636006966	-278.450845781	13.3086419386
-110.33626851	-313.995206719	-4.06461663012
-38.8558126591	-166.155592666	-3.08421863831
133.924068335	-195.510291521	9.54744956796
53.0163426298	-147.249288574	-27.6346497277
26.6343694607	70.8012309205	3.57954743097
17.318377465	332.940733052	-18.2105568905
-153.766374059	-105.380695129	-1.02288820794
-74.0627377804	-138.566335805	8.61893505695
-202.985025512	-64.6941155685	2.71102643501
-305.064025306	-339.809870259	4.90501881479
-15.5105985936	271.435222143	-14.6265550884
296.727753564	69.7400022911	-3.50433675736
81.6499366638	-152.41563917	-2.83782665778
-63.7388550805	241.109148274	-16.1717323759
-307.858480781	335.777617063	11.0405098458
236.999894642	-143.784554752	-21.2699312086
-243.730826704	89.0826662224	9.14943589471
-192.153384552	116.935169079	-5.01543679871
-283.024714636	305.158686331	24.1922086457
-142.434196787	338.043720908	1.1010057646
244.036153981	44.0932906244	12.2053031899
209.473308744	-200.20512448	-6.90033771178
-179.540439067	-75.9301996633	3.5076283929
49.3050482125	-120.854682545	-14.4158951836
262.822757867	-221.90973937	-1.70077795398
-267.956315495	-327.781955444	2.34153760198
73.6434099115	318.38669101	12.9542092055
345.616725938	24.9744897131	-20.2541098375
-246.728227518	251.910205516	-5.25402964061
201.3860039	-50.2316280069	-14.5833460641
149.505955923	-238.713128849	-3.02391976056
295.776626006	-90.9809477065	10.8320992111
324.801191681	176.246344473	-5.56340338395
-65.0517468518	-151.960191938	6.56253930566
338.895408882	-88.4793628562	-37.2587519799
-281.302301491	-137.390610353	-3.57016154363
49.4468602845	51.8286713734	4.67426408257
-26.1252438673	268.542054771	11.1623336944
-133.819503236	9.40563186907	-2.89404984714
94.9901487207	-320.78367985	-3.0730899971
-249.893299097	188.867988691	-19.0271540881
-286.108213794	-64.2995265725	-1.42288332374
-292.077025543	146.490218875	-10.3028579812
-305.507997114	-70.4341893961	6.62155471033
266.990313098	-267.435501619	-2.70005065206
-282.633206658	-7.26237404069	8.74221038711
-3.02770650936	-24.5839596044	0.134070370086
210.823960419	-9.8131727696	12.0594144525
193.031657011	6.37121745708	23.1365748714
-336.326604824	86.8423436178	3.4003708515
-366.012210932	-37.229279645	4.05772695494
-60.2152106579	-108.599991338	-4.67427231853
97.8296296478	-127.803268878	-2.38471580061
254.083570945	11.1914589316	-4.76533173996
-235.304501482	-266.97868035	1.04365112948
293.206127255	305.791963262	0.68875064475
184.119519	-242.788772206	-4.34544348655
-62.9527747693	-218.110032009	-8.80431739719
-253.97991413	-237.301056667	14.2289761759
-3.64893906219	-194.417669016	1.75237688594
216.698495451	-25.859863401	5.95716680997
188.167179576	-30.3807878874	0.456498194327
-297.233233564	188.483154935	-8.54874554096
-184.840271232	-127.808934239	-11.7208936569
-115.492315435	226.468534111	13.0316098419
197.409495868	136.915089355	20.9096976196
362.013838867	-363.146330247	12.7064411743
-71.232648854	-157.417523464	7.29657009782
250.07166412	52.0728798021	31.0287905527
211.160091359	115.119310011	14.5806696603
56.4407104148	-17.2957761094	7.07103490921
-27.1951408892	-328.544583881	5.2472938513
244.64204234	-238.727548505	-3.4281549092
-355.074966398	-193.731779619	-10.4608316787
-312.468371676	21.4213491084	18.1288272845
-25.6307647054	-275.588704633	-8.05504038214
126.002034414	122.614112788	-3.65366067598
35.6934760986	155.179332542	11.4171195932
-218.048624163	-244.902607597	-5.78996020566
-116.160489391	60.7989836002	17.8757230133
-136.020992047	170.456121196	0.793988864469
-37.776001345	-268.193342631	-11.5339011529
-70.1525585927	-103.00080499	-2.79785936983
20.3948130745	-144.018746808	29.5780514551
198.349548052	-26.6740486066	-7.28602804998
135.991812546	-38.1478947021	15.7444981842
186.126804875	-219.959342465	-1.4103027508
155.931972388	-93.4335037214	9.71749699688
357.574040292	307.512826214	2.27839677354
102.076811647	355.326582496	-26.5060202175
-164.282389095	3.32929752301	7.19465665382
-41.9284465107	-324.492725941	15.552094466
-139.087367931	-54.9369226407	17.1611906173
342.42044645	322.187836579	19.7754641728
-276.434962957	306.729283155	25.6728212057
260.529542072	31.4261837194	11.9024977002
301.504607918	360.466933093	-17.2752999661
2.61743509024	-140.963683005	3.73263930462
-206.942773066	334.708295094	3.85178597867
135.051996267	170.178779553	5.35219300914
-278.452461502	181.584260145	-8.79839510756
-86.0989977262	-4.02547742418	-1.93150380503
151.897615572	-163.683797321	-18.6401022863
24.2686969925	74.5994145898	6.01632939376
260.630053973	22.8111732669	15.9320326958
-178.689542304	-26.9226063231	24.2061731611
-193.60450937	-277.139918902	-0.658704357909
176.455161426	-317.96331861	-1.88862658694
-244.058326615	-294.269299069	-1.14314900618
-203.556361896	329.606246641	3.99366165258
-356.902481493	213.561580909	-14.44737892
46.4483982367	-364.976388214	-1.65125550932
-113.236399999	177.108454282	26.7908437698
14.2009170887	354.115157409	-5.45606788496
345.014715175	178.045281025	-9.67074393442
-174.33814949	188.55196476	17.2430960001
213.738337684	235.175681423	7.83250126583
-1.63167196677	193.365916041	-12.6463192823
-136.508391108	-34.4544250643	6.00692820502
-329.524774764	362.341135137	-10.1930740572
278.431207015	-253.898369299	-4.04302145603
133.879724884	-149.80658138	-7.58277826849
-209.335973431	-362.367365661	-5.98168251655
68.2298204555	-139.746785148	0.14846836284
116.737220112	58.456737789	-7.03976689252
35.4939010053	-303.170054455	24.1029818462
-286.29396037	-331.252739307	-4.02657507239
-126.399474084	32.0571629462	2.36525366602
-27.2102506982	102.849475691	-7.03216647633
-41.7771811487	-148.687162331	2.09736966618
-118.809375405	71.2751339344	-18.8266194376
-296.674362794	228.6582418	-5.47978738545
104.498287929	94.1391486911	9.95647290259
-354.470170024	-166.191282521	-6.32624360689
91.6665003685	-106.8503296	-6.85635740638
72.9204267316	-355.635507605	-5.96654155806
66.611275446	-353.800933568	-8.44367445168
-305.717937853	-299.648864828	2.65498427315
269.416689864	107.174785959	12.6740990724
100.053886988	-220.301915353	3.89318109058
-269.733164238	301.440966004	13.1001125286
-309.009800634	-363.358867796	2.25686441307
-272.62756115	348.858385153	-0.967271720799
-81.76461215	-38.8971067369	-9.1469998437
-350.802530924	-154.839054997	10.5525986853
-249.921923809	-297.053935993	15.3361198788
197.221075248	-115.669517336	-5.76924640814
-174.347343711	192.278914814	-7.64019192845
90.2031016032	-43.1968224636	10.6870367833
-4.31757633808	2.65195945642	13.850716171
82.9020534501	345.953697665	-32.7725709465
145.477516206	247.114060976	-6.97338797827
-321.588861453	-1.04688499936	10.7531806164
171.729505008	166.404198477	16.6193392396
151.264342748	277.881716559	-1.73231167346
-196.320860497	102.973534422	8.53330561081
-50.4872319174	278.726557258	-2.89332371412
-69.2400206197	-201.437506047	-2.87575704301
81.8837156048	-181.911553848	-19.8987735092
347.90126477	-22.8442689694	-12.5675461566
-361.757136077	-13.1200969603	0.787459806353
134.373914063	46.4807607293	8.16528686246
279.812949401	148.00843045	16.3178154322
-13.6792928115	-164.196688737	1.21074706203
3.52914100074	-174.977288362	11.8866101877
2.90561726914	84.3902457577	-1.25261586784
-17.596836153	-194.753819641	-4.19196367753
-354.017535684	313.96037846	-26.0441085867
118.369874623	-0.0101961642446	-0.251970492664
29.2856033734	343.149793622	16.1958271173
-47.7186216499	11.7567686766	16.5840382962
-232.818900954	308.897169189	3.76489583904
165.092428316	232.012527255	24.2384373817
-208.453290484	103.692433165	13.0378654131
339.752698736	135.518142058	7.67008022447
248.573090162	-197.644964804	1.2791067001
-59.4586885186	-241.468971438	2.33752858857
-211.314090004	-121.564187822	0.846389020142
-335.217171052	186.032546904	3.78843553588
-73.0336084585	-253.197172588	1.68788651684
-165.490521227	-307.487003286	0.415353996683
-83.8725201075	282.87867194	3.82394181924
-94.2588450917	-246.766663411	9.45555003975
41.749731022	285.347865572	-8.77799098564
271.857477342	-208.361662679	-9.30341747025
325.219964302	126.150154332	4.10015579236
208.401143033	93.9931569874	-7.46438588473
-83.4021922754	-341.283923309	-1.8736658664
-274.803351576	-144.850124266	2.11906558111
141.716952644	-132.215740756	1.23308191555
-170.638752315	-216.548710273	7.14350771002
236.62890724	102.220945429	2.46400129177
-82.3384606044	-152.30623583	9.53450785211
-29.4626495169	-53.707790112	-4.31263559245
93.1156025163	306.92909076	-6.56499269729
-365.548542453	-228.730961497	-9.6396209182
-203.625278435	198.983383508	-15.2084775048
-47.4089354494	-56.5752611272	-4.67640771259
23.2503329773	-320.881760687	13.9882730183
-264.61508487	180.446106494	14.3930639745
151.246694053	-250.555715098	2.18871720394
50.5073098666	-13.0568840818	9.34712616938
157.359241524	-239.923870767	1.88552072995
-7.26803942986	-116.859114161	13.6388157825
17.8489077737	285.127219561	-1.70861477935
203.609648638	-148.727488457	11.498585625
-141.583405008	220.286420942	33.4260633149
-121.101756862	237.700367927	-15.0019285797
-167.463613549	-328.611161609	2.41210561128
-290.982594394	-49.6245657033	-4.13568597173
292.266501217	277.965364371	1.06561070076
225.948311354	-324.421036312	1.55824902514
-104.195631576	203.108297475	-5.64189619886
-95.9544430118	-35.4256121951	17.23149576
250.800701547	-358.144156735	-3.49999204614
-90.7136014206	213.172933173	-13.53528943
-112.886911959	-5.54919534919	-8.83691820262
99.0749172893	-213.40869922	-4.64253507182
310.41123587	-365.788089851	1.54567400333
-220.729988971	319.1876675	13.6224636938
-281.754708325	7.05264420882	6.84105383567
-120.162970884	-344.547453765	2.46139570021
123.161613742	-325.09419855	10.5165995731
66.7161236488	-150.393481026	21.761252614
-25.2006943986	-147.121583479	5.03518133266
-106.105429794	234.000309797	5.39793159136
41.359259272	-234.312778087	-11.8690534066
-309.362502034	-347.474021713	-1.04418303878
114.877966308	51.7531033197	9.48084516288
-337.475093279	-299.391123353	11.8615731723
-106.983249453	235.898262306	22.5031801091
-180.658011625	-121.180396181	16.0087897212
185.398334043	145.044826113	-7.32797535194
365.259932428	-174.316216769	-8.22416338768
354.501665457	159.880910947	5.24894005499
338.010758751	-210.403630231	-19.0098919027
285.220692408	168.973367591	2.54101651029
-140.582677885	-252.811365739	-0.660645784906
286.528391359	212.400887339	23.4118902126
-127.57190973	58.6399841165	-12.0218843402
-77.5368963692	40.0690253918	4.171886665
-60.1727257538	-123.44380032	1.31407344981
219.431867605	-72.8618223502	-2.79278320412
239.381225962	143.133484282	11.2588877798
185.263238244	341.747819091	-14.8234934827
69.2799868801	-223.382208894	12.6164803785
104.120533757	-225.637439792	-5.59381430799
-313.608859298	350.050148627	-1.04738066226
19.6096458755	320.923874797	-10.2371906249
-46.7082454855	224.042084231	20.8771590294
-159.418985835	103.634400316	13.6254724833
137.817508575	-273.437598989	7.10891679985
-349.520211378	313.539921909	-6.64147462825
-200.681943775	-156.758192338	-17.3364992063
145.726956328	-133.501830301	11.4996274283
180.149221754	-131.928005557	0.453196771644
173.648203806	52.6647439794	14.1008235021
-287.532178391	-11.6471532921	4.05259365951
70.6850110724	-245.504298324	3.03009824543
192.873717324	69.0970879755	22.4059207505
157.647540114	21.4800758501	-7.13514790898
-117.056206765	129.995353253	-3.14576171791
-283.368096838	-142.800344809	-3.38725366606
-118.695430687	-157.852273403	4.56891290719
-122.571652828	-144.930345866	5.20472318795
-232.342115812	-94.3878383791	4.62038062463
226.456007924	-315.758662779	-9.12874398429
-177.502740188	196.444389669	14.6443352003
-195.055135248	-67.7470650367	-8.69732114927
-116.462133893	48.053390678	8.49149289009
-251.164614927	20.3742735869	13.8166765731
343.664079837	33.3571087453	-4.94510223313
350.852331934	171.532329225	-1.42074925126
19.2919267063	121.656658401	-4.14236753393
-352.27321155	-103.024853576	3.91842989202
-86.253038025	-135.780055091	1.4611033134
-259.950137728	214.106555908	5.23688031218
167.571791151	-79.2119451597	8.13576164991
221.860083338	-54.6961570504	27.0838775378
-107.457696622	-351.105748673	17.5461336249
270.524487346	-181.630131691	-17.5162181275
-40.4763209384	27.1598671184	-6.74950564952
89.1486352634	-194.969161484	25.6694901175
356.928610968	-265.945753848	-11.5471705537
-9.94422831101	-261.066027827	5.09677471608
176.500921449	16.274204786	18.1779978107
-90.6434318239	256.795885371	13.4164464094
285.545190292	30.2111897198	-15.3627045896
-26.9170707017	-50.9127415913	-9.30585014158
-79.9607242121	-135.818108295	-0.728518556067
294.171352228	251.755152328	-6.90855333884
321.103145225	-322.454230053	3.54592562374
139.225713913	70.62036436	-10.2194136926
-325.899245065	-39.269531253	-4.07349201992
207.586873755	-212.449397076	11.2918729589
-181.71704309	106.187337612	-16.8533542895
-326.662453889	-215.893993381	-11.8976563342
-230.074537186	81.1857241145	-6.53875070381
184.62441051	251.647101063	1.70019655706
158.561950907	294.220580622	-16.1937628065
90.8814717489	-352.051372218	-1.82004257188
180.399696086	124.450999247	27.1417981691
238.521305948	270.392285421	-5.94798890505
20.4669126335	-350.566469602	5.79319361059
245.903075009	4.58246365197	-23.1124636189
25.6108690971	-281.710167297	-0.81892631609
-69.128430865	-78.0625409515	8.08387098296
-48.8939346962	98.0532547421	7.04961649507
198.056090949	-323.12803105	-5.87831691355
-12.152023514	-325.828944578	-1.652134257
-353.507050927	-151.465691379	2.21048099415
189.945383484	325.448853731	-34.7273423313
196.474274994	-290.599700504	-4.15715227672
-11.8009625551	308.102266979	14.8175985446
109.215359801	-271.666132218	8.79506725503
-230.280885112	219.453018439	-2.85496816873
-119.876417783	-18.7762389665	-17.00423113
-258.81397006	-31.4303921982	-0.646189366329
-23.2711191094	353.96617359	22.6590463445
-136.999917515	-191.971271465	10.8747499857
-69.2052264121	-152.513174258	7.45818499858
-102.713555309	-222.528824852	-2.7736352775
108.370148092	96.4302418558	-0.370690162547
-214.907153553	-210.140194481	14.0347567255
-7.81506590423	-219.960180389	-9.74975368641
-7.9889289517	-274.637694974	16.2162074199
358.45138412	159.262066876	2.33973847796
274.291905278	-114.470036854	10.0890433234
194.139874535	-35.2137049856	-0.205012612597
147.746058411	-139.724553547	4.74671509516
-229.317614061	287.251727851	-2.42622079578
284.521497176	-82.0014614683	9.46660576651
338.340762271	-238.865485571	15.1655890001
-208.38106943	-77.16835697	20.151458442
356.74116476	209.314157382	-0.850653877195
-230.042863892	363.686463679	17.7053104081
136.977914576	-157.580883265	-22.0776248584
193.452386681	184.131207298	17.7181423693
-42.1650220793	-153.932825805	17.4333042556
