-95.64069063	158.531176722	-0.668254467058
-164.232234903	-21.9823980687	9.61879487032
-49.7413617368	-71.2664841741	3.46288603026
131.083907619	-29.9176951277	-2.81208178564
-224.373088559	-283.346426492	-12.1328809694
-169.868182455	92.4627455439	11.3632027784
-215.877065385	-67.4384829354	10.097608775
70.5231426332	156.786177189	5.45416692202
215.368113805	-95.5046328824	2.93307090668
63.451255609	54.2392917157	16.421066386
290.589535788	-99.2875586081	7.05790032164
0.216965559168	11.9210641526	-3.74195693788
120.394591785	-284.363158637	-32.0773695174
-36.0161244727	-4.3420015831	11.3414638587
-15.8480936289	296.775411161	-3.08903143664
-50.9837645272	-236.04763248	0.600134974872
-102.571399075	-114.42727529	2.8495580789
117.792494758	270.965963652	2.61135499408
-159.586648208	159.901342084	-1.91567121809
-94.9012686447	0.776488550921	5.46795314666
24.9990126022	186.384210079	7.73428843618
279.889978936	-4.67785186288	-15.6401888329
-244.29059367	-165.432618457	-7.92062021604
-11.0228244769	-12.7253584441	-3.59045740155
200.802411442	-49.7703700187	-0.702975339951
-46.3051955609	-272.019093071	-3.98433198885
176.131833403	-174.978974658	0.60453669741
114.890502005	-82.1841018077	3.60928388738
-231.900946265	70.7057688526	1.00975775896
52.9237040998	285.879928303	-9.82968967788
288.418664803	50.785818045	-7.18275110406
164.722524995	-34.9384563226	2.00982530339
30.3400005731	293.732469496	9.6855659388
-225.010399892	-237.7658203	5.23606149541
44.0594370544	127.363167538	-6.46669057247
-14.3802744213	213.908763939	9.50497464203
230.879396197	-246.342480195	0.441755996127
-287.797658794	-170.76972418	2.15469187775
-94.5917389377	-271.910250861	-12.1974064361
-254.553139806	68.0043467337	-4.92929797116
-8.85089794481	-242.311011435	-2.30459469558
-262.139823547	-232.399397233	-3.09841504313
51.0149136822	253.869950501	-4.57592140368
-35.2972462604	-148.083542619	0.771917501879
-16.9826598329	-47.3171535221	16.6707706364
65.8861151094	243.686955602	2.98084400784
-82.5992132785	111.924841349	0.350773116594
-19.6181235064	140.935469798	5.96766389707
176.830074887	-140.841998171	3.64970069552
57.194243998	-114.177795968	12.0182979527
-278.07719769	257.473028858	-8.21611777343
-282.442439135	-229.043426498	1.39991981239
-188.490784566	101.051630482	5.86188290296
293.067600076	-30.6471719694	-0.418863285816
-270.276617826	11.159150201	16.6133119192
-74.6477231799	242.936760683	3.86987391885
245.454206965	-51.5647348001	9.72795152655
-176.515067046	-288.521474115	-8.70000115197
132.406464057	-41.4449191334	-4.43549961243
267.423932342	-292.328148321	-2.98670124929
225.59584795	172.040613556	9.52097301094
82.2049758653	77.8575545665	4.48644510553
-236.452701373	255.939917562	1.9754776682
144.978733541	46.5741951941	5.99492910674
-112.719080876	46.7916963437	-7.8738709054
73.7921072561	264.48931378	5.0236116509
253.888099225	-270.949794215	0.84553026162
163.948061485	179.149168505	3.95974846147
-102.324399569	-287.722442564	0.815450536872
-249.679972922	-265.468832385	15.2373575661
50.0463643085	156.679257177	18.7026388645
-222.972007061	-268.771187148	-6.79281498768
-196.745980508	225.587691768	2.71122250073
102.594711205	-147.931092526	-8.5529309581
-116.213218016	-122.136204361	12.7093841431
17.0538905963	-4.9668265087	10.9003396016
32.8295193956	-281.529531357	-14.3379167451
-54.2435303054	-32.8962215164	-16.6403468772
-256.834882384	105.076699233	-0.0958107013013
153.762678099	105.355555421	-1.16262019069
-191.795047793	75.5594794174	6.0754543694
275.03958462	-41.6114867824	10.2428650431
172.687178677	272.66410156	4.91792935117
131.943960943	146.185334772	0.929008439172
-59.3259517657	-233.234847195	-3.68884437932
101.437187391	21.2586998564	1.19160058715
-142.363521267	248.645907229	-3.77950561241
-5.89405123453	136.024730613	9.27651782258
88.0887475215	134.204371261	5.70838313248
137.973801918	-65.7110728966	-10.2783888029
-294.605181905	284.0799295	1.93267537914
236.872617589	222.22650952	-3.68359968253
87.9357719369	260.076815383	4.5727656667
-73.1428994361	-4.2750982854	2.43521203581
-97.7279256776	198.12642496	5.45456002581
116.92622716	-79.8324338331	-19.326005116
-192.559997954	-190.699816547	3.5512314025
236.462883836	124.998465465	2.60535908606
-128.613896519	143.889053163	5.16241251674
119.704669078	133.658179026	6.35219181721
194.541343886	-200.500394171	1.7217449476
-138.039582291	150.586440264	2.58517200036
-189.137054719	94.4449024558	2.55017135293
-289.713924809	-37.3287670314	-9.38733556895
-67.8317581925	107.91863139	-2.07649022534
220.473047381	-278.724346891	14.5363437118
72.1812937031	104.683984683	2.29793783084
-0.251817699247	199.951592621	-1.85394234735
-217.288564865	-59.9269364017	-0.806111837153
-89.8224688393	240.708918137	2.93652926449
-128.44852966	-141.516199699	1.66102889325
238.914895935	-173.764585433	7.88478351679
-15.2870908923	-45.2477209248	-13.067435803
-135.879181007	-93.9988956627	-2.89175621925
-251.21265442	92.6442232806	1.65246746587
244.547034849	-155.040230009	2.23493209687
186.926436537	242.981540068	-3.85300410813
-66.6902480997	-223.682353944	4.21386488032
280.820941918	-274.49411381	4.13402932465
-165.876069681	93.5002181266	4.18831927483
-140.004228926	-102.912057938	4.81202993831
-0.88908316541	-221.433085147	2.06804044674
17.8063930155	140.635962786	-8.3891700867
125.147527983	117.52098808	-0.849724952179
128.730784332	162.902535222	4.62143437978
-285.617810465	6.07349047505	8.53985057825
-114.308575345	-23.2526346734	7.18555636886
231.120841539	-245.763671719	4.01427193651
41.0206818962	-227.03179975	-2.08339635009
123.135759358	-80.2261477319	1.47845938655
-211.507573466	165.320279854	11.1166279952
-297.183671989	-279.507586236	7.06160530402
-52.5155944474	71.9186452317	-7.58675364747
-260.547050388	-227.47374048	7.46021400016
91.4185541759	267.036092511	1.46455582956
113.285633196	26.8455492869	1.50365124692
-36.0099871742	215.784208477	13.4080214768
104.202776508	75.2787360633	9.97782799774
28.0968098785	23.9731266256	0.223280334796
-296.475763397	83.9509788682	6.12861500263
87.931859537	-20.8722994363	-11.5049535118
201.749903735	54.1948768576	-1.06578073535
47.5828291114	107.814113361	3.54544493918
218.515474241	101.725892625	5.33607519571
-73.8742948577	185.326930802	-1.8510754369
-217.35124036	212.549204942	6.54204840635
51.0317263783	198.687059554	-10.2906574179
-146.584721398	241.29596276	-7.72389162337
-283.554558902	238.196474804	-3.0278152283
153.134365786	198.368896575	2.2412046697
-289.590454815	-37.1085059163	19.9153954787
-269.903466196	-62.6073187588	-9.61772259916
165.343190931	86.2330315464	10.2219706645
101.081707685	107.356853759	17.6186825683
89.6410825425	-180.849113261	-1.3969410304
-22.5041221323	294.750876107	0.323137041266
68.0497268111	76.5527982584	5.372938962
-121.290413516	84.0559780286	1.74464978984
-191.871229325	153.180318757	6.5965571933
186.989729343	261.892376217	-0.50792790545
216.451017423	-58.8980763037	-9.34796573117
-77.8512509962	60.0886825507	9.2620554068
160.829280567	-237.775030111	-3.44635694888
-22.3587905187	-294.592270525	-5.73100484171
25.1774053662	-54.1721659899	-5.12957744567
-226.418097656	-22.1923147814	15.7011132052
-192.382672714	224.659018462	2.94350128398
-191.402310471	-29.3148733913	2.69146803925
293.205331104	163.884050912	-2.1816633824
-232.542117244	173.156959404	2.36716681358
286.966101002	-147.715803863	8.48937614082
-113.825477778	-47.3712588848	4.01906778823
16.2046474777	-156.16140016	10.2930636523
-75.1254880242	148.170087847	1.95274313794
239.720037961	253.464625341	-8.35067250098
284.721535012	67.1720158993	-7.03567472067
107.619703039	-245.571845316	-23.9242468154
226.031555521	-241.186850642	3.59810132277
-30.8337553686	-180.112818364	-0.811136591028
-239.689227537	20.8080544612	1.36843055682
-232.140470979	-9.09661714495	20.8998095269
-69.5174780162	-205.702711458	8.43110548829
-228.149562997	12.4884916085	-4.85181693685
40.8473002684	210.592848807	-7.66235471882
-259.951200689	-270.746566835	-6.62607053905
107.469078667	28.0229094361	-6.22829834819
-27.2872717974	-80.8989923716	8.99687672492
-30.182824725	-201.518383659	-3.72406950929
-32.8935014059	-293.118518074	-15.2576107119
258.681431192	-108.787988005	4.57872892963
217.674748749	191.257105721	7.98126170295
288.442436843	63.1668524149	-2.69149854561
136.55026219	-202.399207074	-6.08807911799
-63.2955584234	-240.817972348	-3.69960124822
-80.3695671913	-224.442100882	-6.2265106534
131.729150338	80.388737528	1.66220654668
251.000815252	-82.4385031948	-10.6004897598
-112.458049111	-262.441372374	16.3274965094
-247.462568383	-131.125375747	-3.5253143904
206.038806934	-19.1601182503	-8.24753483431
148.086651847	-196.728687591	-2.94145296594
83.378365716	-238.538983437	-19.332587003
-134.922061039	222.994818932	3.73896556423
95.555681854	-188.625409319	-13.3831221115
252.550869866	-157.816758779	3.01383324107
170.547933355	32.713475453	18.1503618334
177.110076967	-257.442901615	8.64933490156
270.083572825	105.184392516	3.27183568254
-261.405925265	-61.7363035407	-1.47149390797
-151.605765054	-125.897013622	3.6042199777
49.8947477843	42.7044475096	-0.497705627827
8.76443376643	0.576416331886	11.2759100287
299.277416432	-248.00356519	5.08865364326
-177.007178295	-26.8883294782	5.74523746945
-257.725833021	272.916411011	4.41956389483
-295.911415754	83.7076552868	2.84346386501
-164.799741697	212.892536497	-3.08600587489
229.257976952	28.5707462052	21.3470393736
1.52369524002	-178.513216432	-3.7336640503
75.3668617727	-37.2264288108	-14.4331973299
164.498038192	220.327296285	-13.3872243234
2.21297220707	91.9454331516	2.00759850916
-259.721963516	146.03045626	-6.0586100962
-233.519605963	-177.04495559	-1.35345945377
45.8981076926	243.694064826	4.15784593274
182.251251369	37.4609597628	0.852811263042
11.3562253256	217.232738524	7.79928455629
-206.983757637	261.985761539	2.53160075508
239.642643684	-243.112158579	4.61351747419
212.031979311	90.3444704026	2.79795739253
274.750350269	-71.2774290982	2.88242519944
92.870273348	-38.4392268584	-2.24308491846
-256.028788737	299.154546829	-10.3242084995
54.740818312	-210.52740734	-6.93167976724
274.457518121	75.089936944	6.76909966167
241.163288106	-41.9361065604	-11.9137853933
-112.650476977	220.770258846	-6.53688625203
51.0259540852	25.8277400326	1.32546354802
-250.781536227	222.066242428	-2.6249817418
-107.102017775	115.857313238	3.46338951131
-296.201878529	11.0827984276	-7.67512328684
-256.884119288	287.312247132	-0.912394397193
131.090674199	-165.76733529	5.57314758044
198.057133391	-263.564798565	-0.428857498037
-224.608066719	289.032236481	-0.937494490196
293.104921565	-124.786842006	3.45737626786
273.082301417	-285.754199857	7.50181329245
137.918314261	-284.435163169	-28.4420057811
-290.295067862	232.297156792	2.31834882741
279.903079689	-153.641006116	2.56273152648
-58.8689841873	298.657454718	11.7749919179
-86.3287628004	212.624970076	-9.22730650933
-44.1997768211	-30.8644235795	4.35130775256
-44.3397812095	32.3514282542	4.30282099039
-157.914147772	169.724727733	15.1091473795
206.873069521	-225.831099322	8.84240769023
177.730513707	150.131344754	12.1490276639
21.8701700475	-103.351745492	-2.60121206878
233.015267528	172.624409037	-0.358128955286
243.550514094	-51.3801201652	5.09859491707
159.121911926	225.249718225	6.25170450199
-24.2465582117	-68.3720552764	-0.306517935952
-265.566100329	-227.929526137	-5.20522258157
208.455839699	-213.672077187	7.06300234558
-67.6862391145	113.826105455	2.36374165695
-189.042023857	272.212022025	12.2074318996
288.860800224	-99.0253522516	7.60842654254
147.448437044	37.1995964614	9.77662329005
-105.741514117	-140.868071629	-1.59352373349
-173.173304025	-165.739432924	-0.820713774575
-281.095148748	-272.750174674	11.5828585848
81.7489100607	62.5465202553	-3.68409660886
-110.12974045	161.766451488	-0.5699657862
3.78008269649	-230.711737614	-0.963289107064
294.154619501	-224.612187138	13.0100991998
14.4782626163	57.4452632762	0.482586570187
-270.108356644	-76.76295614	2.10217839674
-296.531159362	272.898334871	4.77575557269
1.38199739098	-130.021931813	-12.2980447091
-119.259521095	117.476209348	-3.84227712369
143.880070121	153.076651709	0.979051266618
42.6099106281	-235.654426321	-1.52921640282
-190.596628046	268.139874885	-6.77571270742
25.263486622	-133.494037619	4.33245738215
-271.586081839	281.370163368	8.84070001325
-237.318055618	-145.974257858	-0.871418334269
204.086390404	165.131195862	10.1810627502
299.348305692	-27.3293676562	3.34569591054
-114.056240569	-172.84624224	-2.928448217
150.613134887	13.3604406839	-3.63543674672
-53.2663358099	-151.518691179	-3.40566706344
78.6155539082	-60.2051143366	10.1541340601
-1.91643176802	11.7613455604	-2.21560787283
203.937997629	37.0282854229	5.80697763967
183.633787778	95.015710167	11.3350041419
4.28419722764	57.1079490168	2.04725623431
159.871649855	-98.4535991977	5.93864704628
-243.189987148	176.662105659	-0.14169688009
193.348712167	-15.0009996889	7.9325219072
-219.417247841	123.243515056	2.99722922753
-67.9584045754	149.938046565	2.19634958203
-196.063553941	-20.6088309175	3.36607630889
-168.676119854	-154.238786765	6.45669600722
-51.8287802851	266.045470446	8.922043493
62.1772870588	8.01951862571	-11.0336660027
-165.849877276	-81.0416687554	1.02599886238
11.3770979436	294.188765465	-1.25842437791
-137.140784563	178.040814193	-0.743453398849
64.0685369847	255.943085609	2.57367898944
169.06845723	-294.417036369	-19.9532825836
-180.821436716	-137.61650623	7.57926226638
-130.139266302	216.989798103	16.6985546044
92.5479831533	-170.86788979	15.0168923845
-63.4296573175	221.262159251	6.68877709376
97.1875583532	83.2507724483	3.68645412596
2.19884261511	-38.4302246207	2.3791838065
-100.580889539	-44.5968148375	9.81022134012
189.265447907	-273.094526348	-0.476744069399
41.2070814457	289.117388288	2.66380579427
-98.5996830312	-291.047222881	7.10194152733
285.182379061	-230.134566474	-0.897645760992
-27.7824273614	44.8959422153	3.69383248583
-52.0965524136	250.764236707	4.128871565
292.934687617	209.735544066	11.723662974
153.998848319	-293.454901739	-35.5498992043
-169.696294188	-74.5201919093	3.96044761892
237.084742394	-3.87094840664	14.5221485443
-114.772833227	146.732641909	1.04085909679
-58.4189461053	-92.2414648291	-18.1101015039
-18.1027036162	62.6900332542	0.557329332531
-260.910236418	268.583214395	-2.91994997842
226.125608499	170.523458108	0.405846482631
-80.0267600118	-138.727206239	-0.171110366431
98.045657208	-8.88597044467	7.26314296672
196.987924643	221.051231742	-11.0582657165
-124.515333134	-22.4663537682	0.632339234247
236.043841098	-176.652423057	4.78033905209
-233.85239765	144.816772294	10.6594918105
-88.8111730426	-78.046415994	13.988686713
-132.979500191	-36.5731227222	3.02671046618
50.3640623265	228.999903394	-4.8921257401
-56.2928952607	-257.85219588	0.144749195148
50.1129586416	59.3850763781	10.0781356366
-221.032959251	252.929228481	-2.10961298794
291.956088849	22.6060207833	-9.77614535214
-41.3994410174	150.744662461	4.31272784213
-68.1025727548	-17.1277162851	27.9494711394
-31.0645245043	56.6153400305	8.59186225606
-28.85579937	-167.312662366	-5.64413789077
243.043732303	-182.171664611	8.04561862645
264.939359606	-151.558362208	4.69758835597
193.216174469	-201.077286922	7.3550524671
266.004091551	185.398688664	6.16270956354
14.6002811293	-83.8778932022	6.96239735966
17.5184274518	-69.2560635791	-5.82759341616
248.691547717	-200.913856733	3.01461401692
159.381552326	-151.036923333	-12.5952857567
49.431761176	-51.0856111222	-0.141009152996
175.594779666	-82.7378010545	-0.717880207111
21.3437641028	274.568278027	-2.23489004999
-186.364256151	-129.739538079	-2.13931439535
194.119672918	-1.31976169898	-8.20124437929
243.252968331	140.463511758	0.183768373441
-153.166029064	-1.59251762835	2.30630330005
-32.6289184761	218.457339732	-1.48504646032
-132.084145287	-117.674456763	5.58366181833
128.747806799	-65.3394416046	-0.80814666463
118.780006986	-66.347973659	-16.913132946
-55.3605902526	-51.8101377997	-5.64385292584
249.199695768	-266.506686025	3.62196300977
54.6651932725	-85.5028902176	-13.4775385183
169.225963193	210.080647597	3.47321280965
-247.979878398	37.4595111928	-2.08857539007
-293.775042534	-242.359315525	12.8895820557
47.5172306005	163.74742429	1.73572398281
-201.515234891	-57.8056107637	3.1028081214
-278.104524215	151.359913361	4.88569304896
231.193448832	-59.0295508831	14.3659001234
153.291676901	-180.656342311	7.70109216858
85.5682137593	149.698710177	11.676910067
-179.029932069	-8.8853050607	0.260415127474
-98.8326741507	296.263613325	-0.299218732554
237.104972466	-245.535102405	2.0892693543
32.0280834303	-43.6864971855	18.3471909109
-214.297594427	-283.103286594	-0.584943377138
12.5132084977	141.439552739	-0.913271755414
-211.357644214	246.292061846	-0.488119826212
195.900628575	257.980425268	-3.19652154623
-215.602324993	-284.81490132	-12.0881926951
129.67409515	273.988997523	2.78166099576
-129.656746803	213.666406685	-4.61864932652
33.0613337454	-45.0509312016	5.23365508561
-200.32166397	210.295076646	3.46360090795
-257.791393995	268.251109121	-2.26239544884
17.3586373836	153.999993654	-8.49282165546
140.581629892	124.315941057	-7.21469880866
47.5772469003	220.110424117	6.63090513453
118.193622755	192.850315184	5.23344671497
-272.066632671	95.6915633076	5.17901659169
57.1280819615	58.312206411	3.34819147921
268.238505044	3.00827490028	13.1187404425
68.4387204482	-58.1510497083	8.69627032248
262.514378744	-226.227780928	10.2703742621
-212.494693744	-189.096622153	4.54606184818
203.944148122	-188.643581345	-6.45449120185
261.684131807	271.604769667	6.84797618199
168.278948574	-249.789464115	-15.9918169543
-266.983405834	-257.136401319	-2.31380412375
98.8621824472	-22.4001471192	23.0877136535
122.905750756	-86.9401588875	11.374958766
192.924370448	-104.920773642	-2.41023971999
-109.405939737	-86.2065999122	1.98762381509
-169.705225366	-256.649210379	-5.55366376316
-231.291423091	-173.59256526	-0.825146531762
112.574537529	179.915680515	5.25112814655
-134.044859504	261.161001142	-7.32188410814
4.45591487849	17.824445431	-0.238949980457
168.577928379	101.365026277	14.086095946
-246.60423229	251.250239436	2.49188877866
-174.0816166	143.359362377	-7.54281305796
-249.777065521	-153.106413225	7.10387930911
-286.110422021	-74.5736594586	9.06112863362
-168.911991998	-210.630629288	5.83293066945
252.795069109	27.2516292494	0.210831909801
-215.576682145	-50.4055632441	-2.28999708767
157.537781302	244.968723588	0.961777717288
87.5521130806	60.5231029143	0.530376867518
9.24335268691	-76.5709375685	4.95919602823
-5.12782552576	238.493721404	3.88922025601
-126.879294787	147.282321325	4.31869665014
-34.6489891585	159.976083747	2.14995859004
-189.598663862	65.9478143903	0.481679657318
221.724937244	294.461911131	-6.82875441973
-220.191841244	-243.14172406	-1.86466031179
-239.827381398	-208.483911809	-2.99693889169
-243.035777665	-251.969279122	3.45755041231
-199.074883047	-216.996082441	6.0621503919
-222.966615158	66.8220540913	2.76710756446
289.898627474	17.2850556162	5.23207569341
-299.986767275	-23.4833577655	-0.197845750162
21.6173889408	176.14270611	1.18396123479
141.137489814	-40.8047332359	0.199391491432
-88.5957705065	35.1460803003	6.98784417828
-97.9265596063	24.7451911602	11.9323453875
258.612953511	-48.7093677521	14.3549679871
127.020805485	4.29039878177	-1.16948385376
-276.005393531	283.689727057	-4.22660781249
203.185771308	133.629295798	-0.0462449352357
-7.21235001589	-242.685821781	-3.09678126561
46.7376564917	250.279881228	-3.71570954203
-192.988627444	-13.7265169941	-0.462550802256
-250.55316415	-277.443628937	-3.46758328107
63.7563274496	-189.747925029	1.5487968846
-278.0002344	-255.289727818	-13.5312445057
-134.763069233	-235.654718214	-3.69678475248
191.625524122	77.5056138521	12.9643570659
-28.4920685598	72.4064541858	3.06521455953
42.1835676786	-76.0947844265	-2.9770080439
56.9366463432	191.686627187	10.28493592
-289.21971413	81.1322758732	-0.252680392304
-26.0112411933	-33.1758639085	-10.9652031234
-147.153368954	-253.963564187	-2.66146929983
37.0047640896	164.985069071	-3.1325988831
6.57885803759	114.565404209	6.32107886822
28.2583169216	40.5224132139	3.97546822794
102.040821098	56.1578459473	11.7603472744
-257.622488576	222.456929061	3.00477136209
103.322579616	-284.859692452	-40.140690679
-183.830752671	172.417185855	9.81758671063
-234.200620221	66.9109480072	1.38701953797
152.001173379	225.580296588	6.37949369305
-36.2786676696	94.4810361049	3.8836646456
-131.864499247	-248.490276553	-9.10136026262
57.0175312623	-133.22595651	-10.0510865329
-110.060016407	37.2290140951	6.41798899125
-194.384512736	-67.3097447688	10.9708169271
87.0928898924	-132.090705048	4.08468092578
-206.991798699	204.868606039	-2.40277940058
151.156630377	-123.654177817	13.5237567239
284.288239905	-227.833932704	2.11878460601
99.7053040437	-168.84334364	-8.21057467159
-148.088766537	-136.127620532	5.24293311442
13.8811655324	158.834523524	11.8397979274
-146.015586703	107.699911805	2.5658699105
77.0007975637	-247.269810388	9.40860312877
-147.536885291	150.269524858	-0.479030027804
124.073098039	208.360075661	0.886473495483
-24.0019242629	242.360099746	2.24499170281
-120.851473784	117.011744934	12.8719800918
-67.3411820497	11.2392819381	15.2469067744
-246.946483099	-135.187028722	0.158011467609
226.886186701	79.7214962691	5.27998447484
83.2904445599	296.143838294	2.06138493907
13.1598648901	151.040660591	2.39203332976
-279.41018257	80.9266669727	-4.43976472514
-217.255558693	115.073406266	3.8191772024
-113.057117786	-284.567293155	-5.99676542982
69.6965664589	250.702272742	-6.90174978438
229.376100141	-37.9112233467	6.25538675193
-185.359149029	262.81406977	4.64305671681
73.3457825371	118.523864162	-5.94404932714
-36.4076470787	-181.103166156	5.46511750887
-159.752045595	279.862336338	-11.2956751355
-25.5418175943	-276.682838837	-2.77086402001
190.918519785	284.147032118	0.806177698999
70.6234552408	-228.900921266	-0.617880028186
19.463081898	-85.494404597	-6.33723630674
226.495805164	-181.118253879	-3.18897623586
63.9810235532	-215.964769296	-11.5971475481
-284.888670618	197.343722402	0.279356519188
245.315494772	-128.062577319	-3.9086653312
-4.30314651285	92.517856704	3.68145676773
-74.3465256089	-275.246529184	-9.6042155625
-290.114411951	-9.73076773369	-1.28162222337
-24.4539479626	-141.213078249	11.9919945411
-52.669469629	-226.136547496	2.68022736369
-1.14802051887	-44.2263040939	-8.5242601335
193.948494599	-60.5943728693	-7.41681526934
181.376147916	171.340182908	-4.36978346146
-209.417349081	-125.532485888	0.803236230633
95.2361755131	251.996830118	8.50864177732
118.840870407	-58.7888082037	-10.0784839628
-136.535282962	-50.1973516217	-3.55621092828
-25.6839418772	-113.000081861	-8.91434808023
24.5573974684	274.819027043	4.49811155393
176.172360614	-15.0174355598	-5.98846606861
-125.928306207	175.154316954	-0.79089592765
-266.926696057	193.164738684	-2.89937035427
70.299337447	-129.719749377	13.7210551492
145.181669262	276.835953588	-1.0328700905
-260.663217014	-6.57772983019	4.29989447031
-43.130809102	-95.9174021974	-9.24835923964
-227.476745033	-131.62035914	2.63881836748
-94.1769700255	82.0286651027	4.10747823504
-220.350421384	-268.491980435	3.61004531521
-263.332415358	122.686090975	-1.49245396523
103.986737188	-6.9522649828	-1.79125384149
86.9678372543	-194.819219478	-15.9917147967
-159.828594629	119.535224892	6.38848584818
132.496549289	234.403942631	1.82519376609
-142.712318007	31.443267696	6.78172846129
92.4447810937	111.369332422	2.49576247345
-80.9630011699	298.329776295	-0.920255895956
-7.87489613078	-251.12182	3.6138200587
75.2637548296	101.675795618	0.639889585435
-68.5363576438	126.202032041	-1.36083732249
38.6979270407	120.179761482	5.30631455313
-97.486721103	-264.927475504	3.22960675791
279.1175269	97.0359098434	-1.548779882
-59.136335674	-92.2237716826	-11.9317869726
-119.252625833	293.682483664	-4.12301061332
207.355167476	18.350598168	11.8093994075
277.151877391	-89.3660491249	2.01312361457
-75.2642662298	-254.543205929	-0.867758456697
112.372228249	-78.1248904112	-6.22451451638
-238.08658848	-104.39617465	0.19598080194
-32.2967488033	-232.399268544	1.94985550082
-73.6018979916	221.459463911	-0.670784394518
-243.191253926	-259.687414571	-2.20177245824
-90.7613465678	265.01479396	8.72219498326
80.7625275626	-267.153903678	-18.8104599397
148.437981485	253.822262852	2.47267698246
79.9165510549	121.883239238	4.64655160269
121.638841052	289.087396387	0.873028911873
231.442573998	36.4049546728	-5.5943974625
82.7111068087	-171.148967053	-12.6501645895
-161.094777385	-84.5135137277	1.73250613497
-125.566259094	-289.263027996	-3.847887079
-193.596627361	22.6518498792	-4.67094057601
222.986028003	-223.699817458	0.492360176231
205.093259555	174.073915252	1.91633961229
-241.142442396	-116.613892474	5.48135446793
-144.472424593	263.13512891	-5.02287687817
-106.30068198	185.580472993	7.38405919837
67.1670395009	-234.6790239	-20.0792364364
-213.663119782	-133.955080607	-0.11228542225
-244.989756628	-271.267541935	-10.4154282434
-123.454398635	-132.230739902	6.64756520062
0.267103963086	5.27040695548	2.93266748535
252.458603211	176.183226771	5.1200008296
-240.488234517	212.22054701	5.5121716025
170.63120801	31.0243844296	6.05219384025
-66.9257627627	156.136515777	4.45513020031
19.1924799633	118.85751079	3.37201537412
-30.0955302454	-235.082268287	1.01147665127
-222.914779153	-177.730545252	-5.07630926571
-46.7284100856	-240.061725231	7.66779561777
188.451479533	-115.444300237	3.43563540717
64.8426081772	-15.1397157379	10.4334817004
-203.627415335	15.3957566138	2.62428575552
3.09988483914	7.55835423603	-5.55530984511
240.135061645	268.095785849	-11.2975684427
-189.541494691	-48.6498347525	3.48936259698
-133.224047861	151.160487044	-2.1253433939
291.166786683	67.403237644	-0.0793587503854
-182.289633241	143.476295117	-2.50859543328
-108.794543843	183.24203393	6.85167851632
-180.463633159	130.435815608	8.7425328419
57.1918706142	217.132567599	3.29659830659
164.743411143	101.149704547	6.11084541702
77.7288305069	29.2495937549	8.99729960563
112.095741385	-40.2499626696	-8.6341888674
-145.434451472	-236.043773913	-3.67631583048
16.5459042447	236.178782936	3.51494882537
65.9374183848	6.42632619347	11.5419894256
1.10237966945	-61.0128191234	-6.46046256878
196.07159564	-155.400674195	-1.36986791664
-4.07384330951	116.333277857	-1.33583047318
81.3220354775	-49.4479771605	-9.18643418677
-175.638925693	-39.0955831229	2.03328754083
-71.9424767153	-270.379093143	-9.94420292298
289.908875427	-159.01532682	-0.0255058563275
-67.1750932609	116.912362804	9.20056807141
241.711106622	-141.921269114	2.73751239507
-74.6982072566	-286.61371873	6.4677558169
-208.748131158	299.325520673	1.15188122026
237.645170616	-177.355548677	8.83542372965
-218.2603163	116.98609204	-5.39677944184
-154.035748839	-139.452097212	-0.522497762536
69.9687226711	-34.6398639527	-8.65431989911
60.3161587259	-136.797883928	17.5056524796
-278.88975969	-286.662766354	4.91290854309
-274.05806194	-117.565106038	-1.4585985733
142.523728217	-32.3614004947	20.0773052455
-35.0214791513	58.0743541592	6.37192864594
-158.40042442	-174.669203431	2.03649434341
172.751563655	-117.466590477	-9.021272548
-287.303661138	75.2680470658	-3.41592031914
-206.478666795	-292.489299296	-10.0956972489
-7.91756960686	204.181551903	15.5182326385
-232.631329223	51.4600363558	1.19349564493
-84.790577331	290.087791815	-2.30774569936
72.9225425157	216.639929123	5.10632461162
163.742133581	-153.929376373	-1.57571314235
-14.4181701338	-60.3581915914	-7.30797838241
-146.316352074	194.292758822	16.6467184201
-70.0538461116	28.2493843715	0.535436497176
-91.4581227568	93.8723302822	3.08044892875
282.259754214	148.595474202	7.2124629948
-162.181690541	-184.768989323	1.93670661881
275.696534041	192.026801449	-3.91295600956
-96.1184276747	-260.734267235	-12.7063000313
-119.87477187	99.1502979209	5.54575803754
163.144053956	-176.404827166	-8.17930921279
125.633084043	82.6016554554	3.6458363123
-272.61236492	111.0867289	4.77945579027
256.711423837	-188.758602839	5.82099838186
297.927254458	178.505503628	1.44755021109
261.130123481	75.1138689422	11.6403495153
-196.869169594	-158.881676066	-1.02917835074
35.1733604852	-202.706237539	-4.16228470034
-40.3814799692	81.8401040004	-0.739043432974
-180.190231584	-240.424320458	8.35014580881
-169.961980867	-81.4688770028	8.1212245289
89.2716054299	213.275596909	7.63041070686
-236.264781284	-77.2426540085	-2.95922649102
-42.8673263909	-55.9396710191	5.19286210916
276.441778032	-91.1265247456	-5.66937615631
-215.716331821	272.832163475	3.34456802436
283.255932927	43.0172365358	0.384891581763
-128.43494521	-119.206031435	-4.79058727643
-57.5887606633	163.937312211	2.45232342265
287.995392052	256.844005417	7.19810200116
60.2081640174	30.4417554514	9.52032624902
-130.502568443	146.940343872	2.16611996605
-2.56476606725	-125.263259441	10.0411976065
132.46019137	-1.48236421933	-2.99136153763
32.9877568423	284.536869827	3.61981817376
-81.8799402217	-194.922879391	3.13051994758
90.4440844557	-243.272143904	-11.2175001512
-192.094188681	-89.488039765	8.23223781596
244.932886058	-241.491586177	10.7226601519
-248.435590376	243.674802962	-0.110878196315
34.5989244471	-29.018310994	0.297675616937
-183.158075347	75.4305234364	-5.59873629968
89.9022892343	-184.095714892	-12.2892269714
-244.935237715	169.653868948	8.06566677468
17.5855351954	199.865976516	9.57716314975
-286.189899824	198.582782245	-6.34288609882
135.576471457	-174.10525841	13.2573280213
-252.209240119	-212.215136663	-4.46227020318
293.623049709	265.038697376	-9.31996907144
247.632025271	140.389564886	3.03565447124
157.90482832	-43.782074138	-3.62312814664
-220.854288839	266.383482069	9.43987359697
165.248010512	-140.3210047	0.681060940452
-293.854483247	-161.285933986	3.66288125788
25.9365336196	-34.7911032927	-4.0375562041
-159.018028627	116.53436912	6.5061551388
71.9281540857	-213.722189498	-12.1133283369
69.512205918	104.598177065	8.50959160381
281.215991007	-166.798794448	9.04255690037
-271.901800628	-92.4140812961	1.89981976148
-263.087251822	238.503933762	-2.61889967449
-41.6860868598	228.188670848	13.8728289868
9.87946111917	-70.9576622404	7.32478147046
-140.204494655	76.588648798	18.249863419
156.46756472	-157.016230057	-12.6534740371
187.253677697	-222.858422248	1.01783783063
220.844138403	99.2648619829	4.07596889083
-173.135117818	-72.560058976	3.59665175876
105.566501893	299.360430392	9.13495660926
-237.138819327	229.844986579	0.990728708543
-158.756905605	-174.96579008	1.72925345756
-26.3287625032	223.703903329	0.999606616034
151.164473945	-35.8949721932	7.21776258872
72.0734928159	-144.737753953	-5.48636695116
144.360738549	225.299714971	13.1905190201
-274.684758504	155.555555839	9.32998193262
267.232533503	-60.2945464946	-0.683674035233
153.0962877	-175.151851423	-3.01753009515
214.914494562	224.076710778	-9.03797297217
187.326124684	-119.706326787	-8.50597904965
-136.397873193	-74.4087301835	6.8731621776
216.360956482	-214.465473404	1.57118200557
-100.004245692	-145.9596311	5.5342741681
1.56731128784	-102.915453436	7.21593595431
150.785260104	-92.2014261249	3.31544505476
179.510513425	54.7601950018	12.6348858735
-166.62762286	201.850246686	1.16179190472
-74.8243593763	48.7081795394	-10.1414673216
-256.797810713	-31.100966251	-0.964055966194
-124.556458583	-197.711904991	-0.550879047748
82.3508409362	194.585250906	2.27148717225
-34.8525865409	-211.336293501	5.74849676166
-33.5157713633	4.04612893147	3.38176698654
74.0978180751	3.02703940578	2.97192088532
-194.402234913	-274.455415344	-9.6869238952
-265.298008435	-55.1856539261	15.4014881375
9.22195026254	82.0009009883	2.4155337966
-186.283009833	-159.420821861	2.66742191654
138.269351828	-221.511626634	-19.9667014807
-209.280846337	291.009317126	-4.74304638286
175.254603106	-279.299097198	10.4188369796
286.138713444	45.1945829851	14.01915967
-5.43370298089	270.691456559	4.44352526159
-122.378297409	92.3904900957	15.1928578691
-261.183192437	196.194862491	-3.23728779355
214.129706167	-232.344966472	-3.24513079853
-284.617860596	-275.675507822	6.59018000829
-240.756735559	-230.152308007	-12.0946758666
-268.086431863	112.456246173	4.72022720603
-173.562226008	-2.10674120218	9.498193871
-102.058134418	111.017187417	12.4564568113
33.0300988513	-37.3028812347	1.7200930786
-163.368437046	-247.03106548	8.72238371155
-150.815022778	217.335145143	-6.90355253954
-32.8980114393	173.997580131	0.996278144241
-19.656212347	-212.644348816	1.16716931705
112.46735007	-41.7651074301	-10.2061570675
-274.927040847	111.57395303	-2.54226899027
77.3786158121	279.68232527	0.0934648977531
-15.6614848832	255.930679061	0.195091710447
102.704077355	-247.03992201	-12.4939765259
-84.7079906759	9.37183870753	9.65304056026
65.9079181492	285.032619987	0.0197262963347
-132.843207343	234.136037459	-1.78293468614
207.541188288	-282.594886726	-0.0171754794602
83.480894432	238.658320594	1.73326028136
205.133606911	31.8221494987	-0.483926267893
-8.66712816198	-88.3636062536	-3.69012464415
-5.09667845253	-29.4195303618	1.61551049129
289.285914038	250.596165877	10.1389322585
68.9380478266	-29.6197423835	4.81294431937
-286.836378317	-298.129350973	-7.67457997005
82.1700824749	186.007959265	2.41857074572
-213.249446526	-277.87168007	2.93023792578
221.686806831	190.335271399	-3.75896418321
-124.978653967	-208.928520878	1.90550600079
-285.352051045	63.6296590882	-3.61133230768
156.62507953	186.272210883	3.42889066838
233.18809921	-155.074538312	1.20589174424
194.209678731	-294.265290816	20.3231261137
237.81635502	-73.4755124111	3.55538319154
149.106125801	-293.150559336	-19.3537739143
-211.13055316	59.9464780294	8.87278156249
33.9602845909	-96.3220662797	-10.2560425054
115.293014936	214.133615795	6.37956652992
-70.7300117787	-110.608638144	4.16507546818
104.255073195	-195.551548426	-23.4421082907
-45.6293510588	-177.335743721	6.14865925632
278.491677886	-221.802883032	18.9980724621
-234.046940298	268.829086697	5.93542259446
-12.792959214	-151.134291121	2.94067229291
-185.357297014	-22.1008147746	0.517249836833
46.4011268964	145.403979754	7.62136765947
140.454290567	24.5924815237	4.33866602789
-22.8457351879	-92.9929028723	10.1466297812
12.8069092966	214.593197995	4.89196845545
-118.7495105	-183.184691029	6.5619141289
-9.17204537251	246.491669082	-1.66117781395
-109.830436829	133.785606718	1.50213125789
32.8956851565	-137.314469631	-9.28179250553
37.7179831667	173.57379727	-3.66579111778
189.078089484	-10.6146286928	-3.82908134015
59.7979131789	-153.221073524	24.8772689055
11.8135067615	89.4055808987	2.0395471637
8.98615021119	261.880765867	0.533647256098
76.3872850039	138.362672254	6.4350261916
136.564482687	-273.607513224	-23.9409901298
90.2742753805	201.608009344	9.76374044798
237.747979372	83.1092131034	-4.9427582333
-77.1286989821	-248.938082356	-6.70122181912
-148.741787011	53.9795918035	9.34728351897
145.108541851	235.256075426	2.60200525423
108.56582678	51.7703830417	11.0497958548
-92.536573867	179.824984518	-4.15346260469
-190.509065554	-155.163686179	1.91270489009
-48.2912932712	216.010615748	1.71103477789
-272.152666943	-125.075926118	1.65912705992
106.247892436	-231.427795321	-24.76696003
-93.4777731653	-145.422963619	1.26858844391
-33.4491639279	84.4418411794	6.44739877416
-159.519902121	3.4072906889	2.0140469053
44.4249509366	21.7516717287	8.91345750263
-219.486945784	-117.846935857	-0.302237950688
226.661882298	198.029024563	4.24873753059
52.9808584818	55.1840084938	13.7557614746
153.822681318	-42.6631929626	12.2623905941
292.643381753	-116.417852325	6.62942660173
216.873444505	-174.996893955	-1.85126634641
-299.235601641	-120.839603146	5.68226046106
0.265849467685	-6.94569100452	-1.84854159501
-263.98564879	-192.055673583	9.26586372738
83.7424709964	-289.723672151	-22.8527533497
-180.594712384	3.35477930197	1.00674590725
292.455204642	109.696847596	-2.79062731703
287.269174447	-221.843481745	12.9131859208
246.935229789	173.522906379	1.84960750063
-251.895806806	-195.926872146	-8.2399758527
-49.6054574546	-19.1035261899	4.33690053008
-298.063152366	-64.3313154186	17.421389577
-176.284073617	172.083618969	6.50409098786
211.978373078	186.293491594	10.6061425864
2.02969302979	14.8282956741	12.6573021988
-143.134561472	136.486088385	13.4935423471
270.161304509	70.4469279459	7.79731221748
276.200589645	239.657147079	6.3574757612
77.0129265943	-222.274221707	3.66236079302
-162.798980675	231.784774921	-2.05938065771
66.4343639051	-232.381377823	-17.892576608
-153.657169112	-274.521978233	-6.99151342295
262.989251474	-215.778648991	-4.28634651853
-32.6113839519	-113.445761758	-1.82733453672
240.365231567	-127.260406133	2.4407041509
264.463765425	52.9976612094	-4.12545978975
-53.8883146478	-274.905204128	-5.62391300222
130.324985862	-37.6640189908	3.22072862279
211.651305408	195.807045776	-2.75257595189
230.392571227	170.717751381	1.10330721833
-260.186698781	-28.9747060017	-2.00070820879
48.7613670578	268.522578752	5.99415041765
-294.951287513	-168.255561806	1.03106262378
-199.576805541	191.472667204	3.28061837549
-187.051478377	175.567751132	-7.79079742061
238.357546049	45.0850098388	-5.20795716192
-167.671333114	-130.347132901	0.950633638352
32.673601107	-290.55879568	-11.7144124898
74.5546484537	-72.428963593	2.33704549248
273.840748582	-150.860199218	3.91097145658
-87.1365983121	157.062028358	-1.60055254685
-79.7993623451	296.493942989	12.503918737
13.6690516496	-148.122931502	0.422478962859
-94.4017190335	30.5397459088	-5.60779424292
89.8879343268	-287.601482122	-40.8949789834
-161.153461237	-99.7660092837	8.75099462482
-193.108697112	-208.007194778	1.42807682162
-119.061774643	196.090173068	8.19012134089
-70.5596255547	-188.265246276	-2.86889910154
29.7277877605	-180.440343968	9.20638088118
-227.835802344	-37.0089295124	12.7501440486
-225.982407668	-177.146579021	1.28794384764
-67.9898882432	233.033507007	14.2223349893
127.805863609	-209.567333223	-0.164290795199
-297.943288383	-266.419367345	-1.22018887584
-115.909740087	232.91960033	8.39448104047
-139.5956153	165.028135881	5.49414469162
146.70087322	257.733519074	5.43931811839
216.479286208	282.323352185	-3.02172675458
64.1410246579	119.216306134	4.11851837874
-166.875924272	-2.19456231085	1.49715657481
-7.62901980269	-287.055222961	2.72535436434
271.979674631	-210.734214465	6.87465743495
40.9851590425	77.2739814978	12.8016633904
203.365919212	133.854945325	2.47502587959
-267.954850307	135.174797853	-3.93380979233
161.398161715	122.116089326	7.57547976462
-36.1503688878	228.03851756	-4.52853792787
-33.4682612996	-38.9072941731	21.4296121712
-194.569908825	33.7341295454	5.86350608057
9.62038661817	-221.434068016	-4.39811509837
11.1819238066	194.985423521	2.69228419231
-17.9488631472	122.97572194	-2.4930483312
-56.1285039822	-157.035570788	-14.6615135601
-280.841891956	-0.250396168019	18.4149309956
-63.7017198812	61.883019665	14.8877232636
-143.783949842	257.525853439	8.61265788818
8.50992834785	76.8924172098	9.10114206855
204.262970869	174.90705142	13.949299826
-286.496198734	283.237181725	7.55189777834
-248.50149284	245.715734727	1.77860945696
-71.5387971483	227.235435949	-6.12119537151
237.868532401	263.671510355	6.49130497801
78.5387799655	-211.154914798	15.4607142114
-127.084541774	135.637712689	-1.87407069362
-206.671434664	-171.195294276	-4.4145162498
-71.4702354565	71.7517426585	-3.03989612326
19.6591674806	243.443972881	5.88989955932
71.8377145951	200.751504676	3.7897661286
104.71667438	-55.0701014622	6.40979950057
127.967890476	120.274584523	-5.35514365642
52.5372319603	-281.235617423	4.87382881198
220.861543132	-186.118349152	2.17453587121
-158.007199518	264.955594585	10.1445586531
63.5009483573	-53.5708413248	-3.49384180076
129.097450533	-58.1416154014	-8.48632298127
182.322369924	272.976232435	11.9381465029
145.916146822	-171.924191567	-19.339950253
157.555261307	-18.6146693321	19.4783210384
-181.155828587	126.192769218	-0.754436575877
114.998669565	7.81268287921	-2.64562534464
-284.452864269	19.3758937446	14.4014502043
281.587969949	-235.839715383	2.47685344295
-27.9892461006	-150.006430091	1.39882428148
228.780520949	236.664023409	-2.94952773385
-64.5717763246	17.3043156251	6.19233214641
165.224113154	-83.2890108669	-2.44929096381
-170.143964171	-189.758838134	1.29777846185
-116.901341283	123.776070632	-1.55392520082
282.826668477	260.895198641	1.00167830796
-288.45751923	270.245530967	-7.20659432452
171.052781359	34.7514303774	4.01277113472
110.275502874	-273.512948764	-34.1675042397
84.8816340098	-129.628166367	21.4964825729
267.053065559	107.259557633	10.3013875094
-92.7005314413	259.670795262	9.14060475694
-169.106812695	-221.298231226	3.68585398862
-281.160534407	-108.33542829	6.34673471382
-272.118343354	241.407830128	-3.77484301837
50.9215538026	-45.1256364299	-2.32730541384
-241.623961865	98.2978575959	-0.320471237365
-181.192301554	-47.008584976	2.73997970329
203.593215784	235.152072435	12.2261166896
-44.4774788941	126.469876638	6.5119699203
2.62093777831	272.595117368	-1.1161188826
153.048649358	-27.0093723759	-1.28989310702
291.841991648	-289.958853565	1.37318476983
-133.874903311	294.328538861	-3.75298033534
5.39705628998	43.9353714818	5.44343661531
177.173863434	98.3749049079	18.5862186362
203.493938924	-128.541287323	2.34803091882
272.118357081	-20.9638675333	1.43020445192
11.0643323643	69.1420942755	8.39292811514
171.306056955	87.3409270792	10.5620337764
-215.006476634	118.560222242	6.68423879961
-60.3455107134	-121.889235976	-8.86519599618
256.206228107	127.186264026	5.7305246803
152.475649107	18.2125320651	4.8185935349
64.3409676447	97.8482819674	-2.64530440145
-262.247048903	296.438241673	-2.83334801585
69.7004598804	216.397607214	6.29463530019
-8.25377148847	108.277962047	1.75978499536
-219.962238767	-69.7058460476	8.47465890726
-133.881730657	142.21046972	11.8952201448
277.979597995	96.0011849649	8.89779196544
-223.724122764	230.935298819	-1.72957183257
267.15719697	283.483832688	-8.61191353216
139.803272836	-21.8327254119	5.75228534507
0.888026228288	287.809142215	6.70876234461
-201.748889734	-105.009494098	7.37735163007
-271.607914142	-111.510906869	2.28815016714
241.320975139	-74.0929081784	2.14503933556
82.4711498944	-88.8754827718	12.5357020043
27.7257931591	-52.5303702632	7.4800890323
-207.569979367	-35.393875534	7.09774995073
105.524383477	192.424134747	4.60881309905
-169.505972254	-130.251997442	2.23053557888
-280.648857179	-22.9410897519	-5.17097440125
-257.075787121	156.16723652	3.5412607219
11.4581921931	-172.959951685	6.53582386228
-281.092974603	191.996528036	2.18321284614
140.805919303	124.655852974	-3.59575197752
-98.2688142092	273.166424151	4.42593173423
35.0616359297	165.182630412	0.273081672526
-55.1268570903	206.933756116	5.97365177469
222.593593921	23.5897623567	0.735618222784
-284.479912889	-13.3877862929	-0.882200030363
181.086498443	32.392831328	1.06711971391
-183.333220833	-262.014014599	-4.49967528325
-178.483036999	212.438760412	-1.71475860615
-68.0712860474	28.1607333501	10.0458165039
164.274976775	-151.863494525	1.79143527522
200.699933043	83.6881451674	-3.24801545088
223.183113386	276.359753581	8.23262515096
-74.146226044	124.265773462	-2.42143047897
-88.6558002823	246.253353863	2.52284309992
242.6821513	200.704612576	0.487688776651
-248.222739363	-62.1176944578	10.6421836221
294.85376316	181.966500041	3.05877273671
277.339441725	-153.203488109	2.4182535665
