-353.152834356	123.621671223	12.542143758
94.6159535803	277.687427775	1.89988273258
301.59225626	-27.1493647778	-1.74039335455
-209.386265145	-325.863660121	4.6324808267
-43.0598961695	-151.061863281	3.94806447808
193.666575814	-229.984486959	14.7372710801
128.994184456	309.786158363	-4.0501269584
237.200929775	-57.0992689589	0.0112054098809
-187.34351657	198.724146145	10.259065219
-222.654975888	137.838993751	6.65598401164
326.095210096	193.37056177	-0.956253140495
-286.86087352	-88.0820053044	1.11056476955
-195.449608951	41.3760624636	2.44474665113
-263.44537649	96.6897301238	7.34449725325
81.2064707516	286.263133802	-2.26169580737
131.47810342	206.161991296	0.531993411037
-260.923209772	300.876980201	19.034913385
-144.153883642	73.0442697676	15.6958859414
25.6686935131	365.269564234	6.12837125351
-76.1896254203	-17.7179731329	7.01867983826
-177.077171225	-353.224197595	2.70518622583
74.2270590401	120.536310644	-20.849491597
-99.2642338053	-13.2418186964	9.38068705282
330.268906302	-0.696879760522	5.56602119215
360.909760152	14.0271727216	-6.38612025012
294.145579769	26.9909745865	4.93287137161
-235.067576274	-92.0396628786	-1.72577058466
-27.7695459361	-144.339947357	2.2749917228
28.2120116128	295.250331316	20.7607791237
325.800472932	296.758309474	1.93047122227
2.6764410204	-191.173103958	14.9404036027
289.275239464	-135.091789884	1.50907842549
248.001132738	233.757283727	4.16849749434
-68.2999507808	-12.8586653653	-7.91397151618
137.59676334	167.737509386	-6.23378698311
279.179100614	-110.973055468	3.5486643306
302.098300056	317.645907126	-6.50248622152
-226.255143625	-328.893057391	1.85302952865
-200.221794514	2.17785779904	-6.60938923631
320.018526825	-258.159693771	-7.00955946982
-23.3447803459	281.638095808	-4.3382567891
232.8997944	82.4282619746	-5.05169789095
-73.7600510728	-143.281832606	-13.8417355675
359.239756051	252.112535005	4.7292525161
220.206968655	4.18076785375	0.496325408653
-107.777037671	197.61325254	20.3673255776
351.019075748	-114.285618802	0.838541537638
249.510821706	68.2513472307	0.657241854961
-360.465297897	259.266595121	-11.0638674389
-2.82546839702	-361.200624567	-2.4830084909
105.810139838	-100.238615627	-4.92157016529
-8.02887256215	304.808549729	4.93743232963
219.379105905	-104.946765646	-3.97241512736
124.56698651	250.757175413	-4.63311043195
13.1486487861	-362.794368355	30.011519997
-66.9648272018	251.170798534	-4.91811663983
51.547312398	211.487024486	9.44018437925
206.460348881	162.386061053	-8.14668728771
245.582008122	-188.354794391	-7.03836335082
-362.919872344	-130.819092236	2.95035548061
-171.992160748	-4.7206039639	2.52454202773
355.474087201	-207.066602776	-1.42741210403
-100.646551572	17.9876582177	17.4930172581
197.281479019	316.575321364	-6.89938150799
-23.0891954646	338.219547529	5.0877251895
-4.22079266188	244.142968562	-3.0774539729
51.0560407443	-220.441336125	8.02792232679
303.281509546	-343.651412978	2.74020828691
35.6380372027	361.726613342	5.28898047584
227.961664863	321.190870932	7.54675431571
117.287695877	333.884032413	2.28350569564
215.18965497	-66.2982708636	0.383278455475
-292.799086423	-48.8755226566	3.5028752426
-100.376274116	-96.1771720295	-8.43127533097
288.009224059	277.361536715	12.3805584429
164.318569365	104.674172284	3.82990654239
-351.342272724	-244.89104847	-16.252643633
-58.2355468531	-330.52113309	3.69004940651
-324.717193558	-48.8451043829	0.851223730787
238.918021539	-55.0705362846	1.99512458011
55.5208119641	96.0719697074	-8.98177862013
171.977338419	255.169808223	4.04334655982
-243.074592263	-331.685380596	-8.12193709669
-52.3790428294	-111.305182134	4.39256470249
301.486917284	-42.6704872864	4.55850337327
40.5771826383	-266.989011657	-4.01245416532
154.658490608	175.22670306	-2.80029587136
353.561030562	130.924448325	5.46662224922
207.949635869	-198.042040427	1.26734619724
147.423487423	196.596647699	1.99664526532
98.1839467794	148.697922932	16.9753115278
191.531007768	305.958278942	19.779307761
-343.394476663	295.311925117	5.23161681545
-307.565809452	8.19221545094	-16.3665638877
-75.9792170398	203.502168569	-4.72679203927
-300.994501642	-184.698002418	-4.12484966441
165.81244527	-358.072608468	4.11636511916
-148.681360523	-18.8013626246	-0.81910181932
253.866412402	-336.914807185	2.31806998884
251.313533009	-96.073131493	3.69260634186
70.2352824026	302.815342622	6.82943406665
-27.9132770238	43.4958195369	19.8166836976
-140.370516074	-96.1246303516	15.4026017667
-236.54335394	244.817729027	5.52959256293
314.916893771	-78.6543445682	1.70901376101
-58.7132797563	173.711628219	1.95211253597
-165.810215978	347.192437761	18.4567251687
289.379919184	-60.5817339702	0.323441199546
-56.2010769162	-271.540920536	12.8064044765
-188.231652763	309.604365699	-9.74780794878
-20.0308972583	-22.3036296925	1.47835185299
-171.830603623	287.658349041	18.7498215435
-177.371675832	-259.501679147	4.34596834285
-19.6248642042	315.308520569	20.9922812782
322.725404964	154.108416599	1.00321323146
199.549395755	223.046984703	18.3352110461
-350.37392071	109.067031489	26.4145016482
-94.1777473611	63.9431833599	9.54384835246
-291.109072692	105.496119538	1.35584915932
-82.338308574	152.510867523	6.66858692273
-310.400364891	-146.379370486	0.111211995785
287.531147107	342.423258394	10.7262472737
-274.714986016	316.135609371	33.5033335196
-5.15612366791	246.239011104	6.85100104122
282.0216127	320.20534653	-1.19769565613
-97.9869342443	32.8541072236	8.69963694041
-21.1603800288	-306.478446495	22.6021764742
174.214864022	97.4034254276	13.2930921125
123.99696979	-166.346514814	7.42432778593
-124.407290455	-33.7563611236	-8.03623860234
180.871322071	-207.105169122	12.5745625494
182.314748573	104.950248853	6.71693236821
-238.459139877	-89.0958744514	-0.958303498253
-247.335407911	-185.669650682	-7.36306924665
-340.897285592	149.548940022	-7.32528000608
177.188029961	-263.289864185	1.56635013345
271.766578957	-272.420492354	0.383629917325
-216.142027602	341.202822871	10.3215371903
-237.436209656	-362.709099166	1.52724944778
-295.33541178	233.591726331	0.0510120859907
343.490050241	-68.9542548121	7.71369288924
-230.084033997	239.707690227	7.82869455615
-330.235276443	-292.309088255	1.40574350006
100.751196997	-92.6395652929	-6.85923712844
-98.903671467	90.1691096391	5.09318715659
113.331195848	-295.258436997	-1.48089193555
15.3947832293	125.862307086	-7.72556570999
48.4283277534	-82.4294945043	1.60866694015
67.9142632673	178.387875476	-2.25857773238
-280.539609715	174.83656921	7.47638294897
-311.195547773	-264.632746766	-3.91638660976
-41.8450418669	296.667075871	23.3973861465
-256.908656171	10.41416094	0.160580195402
-325.792613436	26.5669498559	12.9285363248
-133.110770509	-21.8398117898	-4.41031253293
-314.70255472	190.150018316	3.97812763204
196.405655834	-211.570249805	2.83910806553
58.7475351139	122.325583443	9.80014201504
-358.18583579	-267.440136165	5.90165983258
234.840954969	-209.180680806	-3.73373662701
-362.206755045	248.229195328	6.7898653045
-320.943271383	-3.58949669426	-1.51974213405
96.8327513445	-162.153349001	3.05075716269
208.553894409	-320.399262907	11.9192074816
-344.589694118	166.664649839	9.51597140139
199.622082222	-149.785051938	-11.7209667924
-160.04618494	114.522876173	1.84831576117
-192.752373279	-122.997901732	-7.01067349702
-151.811139795	-323.698108042	-1.93660809211
326.470516404	-41.2038983881	3.39044644533
-56.1322302907	-101.501531174	-6.26387212774
169.652938249	-324.3581896	10.2745738035
-10.8998492682	-117.842263537	3.2480039761
-318.926467871	-305.418841052	0.789889305893
279.892980261	249.408463078	-8.49376108128
-202.020161463	-253.859948604	5.54182884875
236.567455953	253.618679201	-12.905862994
-135.449930124	-278.51996776	3.36330614692
-245.990421537	5.53992753623	19.5943811432
114.512805981	-237.341593257	12.8160752988
-169.817501291	-111.990540382	3.90642701587
-160.280191398	-237.558116868	11.0638510223
126.71377353	-265.743765287	-7.3819080878
-179.608090666	133.609236865	-9.31279481562
74.7037321537	-239.953010973	-15.6786217218
-94.4706187903	146.826404143	-0.0611153552017
-111.758765724	-125.738262601	3.65555907629
365.332966507	237.862125364	-1.74276665776
-313.880613503	239.905100682	0.306944547621
86.8371333132	-74.1188022757	0.573001936071
365.859272028	-301.809128871	1.88971900583
97.1869152513	55.5930276913	3.67307251491
-355.495295283	-68.2603167095	0.598625384054
-301.924603675	-320.552889137	-0.466323561169
-347.181631826	-167.200338396	-1.72466638323
201.102331403	118.319308918	6.41014159712
-133.828527832	-86.8606677342	4.16020303519
-317.745402138	177.723430799	7.39501902188
-92.1089750557	-109.740607458	-0.552839702189
-282.015266492	-224.997054146	4.17581486131
169.666325609	-93.4770910564	7.31965559402
-71.6341621137	194.709488151	-0.284508378481
-267.158098434	351.347583849	5.90878192221
-52.6060723371	-27.3788991589	9.87438028021
120.301268986	156.98134306	-2.11293456847
122.037869858	-80.3990781282	3.30225148924
-254.453510507	73.7540022728	-4.63710775533
298.837281582	-192.097475982	-0.540212696086
-1.82923781693	-204.019844277	-9.00024970755
-282.790188206	81.815022667	-13.6296230909
213.088987324	-296.289078185	3.84882890087
115.806238293	-231.001020685	-16.7971545327
26.5827507404	-278.473576952	-1.61645935741
-300.657935018	243.877852525	-9.20539383383
-185.910313724	-303.583534494	2.66091563696
-27.8342868653	344.446035617	0.980065030756
53.2699052187	-249.656811513	-10.3481131561
114.877161229	-157.57410039	3.05889540729
-84.6728586019	-304.211074376	8.79809994644
-97.3635957088	-66.2543455289	-8.90542026629
84.9502131266	125.807092697	0.496619038405
226.734725474	-199.674159345	-1.51070216155
129.153249494	75.0442697265	0.94732843388
-337.106447929	68.16576115	-3.34061723837
126.589718424	-307.406628748	-3.9457314832
-336.261232971	291.700732749	-3.41264116402
-134.149697442	-212.838484128	4.41893987406
-66.0549237868	-13.0967762529	4.6762552478
-86.6018480841	-32.9073843768	3.74726988388
-163.396635239	-201.357726924	8.80301726296
-79.1049042495	-192.402526103	9.73317145187
54.472055266	-344.806106727	21.0906541267
-299.661719642	-10.6220644614	1.67862950333
-270.238455838	81.2395590124	2.36593320567
-362.066511757	142.129017089	2.01369814288
322.945856048	222.095045458	-7.3032103381
-246.194756441	210.288875328	3.97797483417
331.837801041	68.3810062362	13.5748405198
44.8988118594	203.763094487	-0.946109802359
91.095214071	-58.1433086412	9.13176404797
-248.710576245	-66.4778153584	5.89523103748
226.16136539	-181.607103949	-10.4574209334
-34.6131242098	34.7056354973	1.49446632976
197.118092004	-50.9531389698	5.64117445435
-194.54332323	356.699837489	9.96788365853
-93.8850640411	151.03120341	0.397315969239
349.945353343	-74.2919314932	6.86339022338
31.9109614682	-53.9418650415	2.8816461429
134.640424096	-100.679889677	7.04811315756
-331.087222869	207.770858106	8.10077640024
80.2914848113	-249.055912706	-2.50718042502
318.142274104	-213.659957474	0.353771059873
34.3814611647	-6.15728448216	0.0737780059396
58.4688690601	-320.610825708	-1.7500764057
-362.864424878	-52.2329740836	0.608905642551
278.108359857	-109.903427358	0.83301410316
-245.045958635	55.9541517558	16.4811825909
121.129015482	308.09366734	1.61110749664
-91.0811374982	33.5727857327	-5.10861072171
27.2012979682	-295.661417016	-19.1037970281
-60.7600838569	297.075721922	19.57771477
-296.477458482	-89.9610430597	2.62423935923
-282.836196989	334.440196058	36.2265966131
113.896740037	112.093561508	8.64726754005
118.404210376	-302.492942074	4.32990149774
273.785438499	-90.2129257726	4.74018577041
134.585828835	96.1555185646	-1.4969199293
270.865708799	-166.049186892	8.22105218654
79.7214833374	21.440417516	-5.08589079002
-104.459649408	359.704721087	-1.74910604667
4.60558514642	10.5718192445	-0.874004386855
-107.474381143	73.2200273828	1.26634141597
-199.055778039	152.724294016	13.1280895268
51.4765769242	-200.300484155	-0.205460782805
225.192451184	-2.71503933054	15.9604769114
-110.92907948	-200.137635875	4.97299818132
172.081193631	-310.517196748	2.79872775597
-254.572421337	-242.91613919	-3.16800114539
-63.610734942	264.127684907	3.89326470774
166.56097192	-246.739743797	-10.8742402026
-65.7641543854	142.329094614	6.77835403235
-145.36197752	170.269630116	1.19721580569
156.773094057	-195.870196351	4.54912783672
139.506563462	122.987520412	1.31533008468
-159.539980025	5.27780607999	4.59906011471
170.243282677	229.163947223	10.2224361914
-40.6574664414	-275.518045803	2.83023362745
-156.255586649	173.060177347	-1.9106065032
352.250297609	220.008712532	15.4713407951
-263.253177482	19.0195378904	-12.1315835137
242.843685319	-1.44340616975	7.5932185101
-362.489790842	38.0844220095	2.06486577377
-362.116047727	347.806172918	-15.5859569115
-5.16382469451	252.760380683	-2.87772973577
180.006953626	176.040703745	17.861271067
236.735887832	-80.4706185456	-0.0892475819012
85.0590227743	140.693004227	2.54541126562
-134.490403657	-138.340763934	3.73460879977
-301.332888555	251.141806488	-0.25212371758
343.981898096	48.9434352223	5.27842115396
-330.744115795	-183.771001944	-1.66914939459
-7.9415516849	52.9484546179	4.16377717823
-271.178621957	242.119246326	2.37197853751
-329.812392136	-206.367601791	-3.43254417676
344.833587253	-90.1626180446	8.40200951286
-254.843629771	59.8483604	-0.312396960744
-3.21763776737	99.4246686308	-1.64907679617
-208.051765979	130.241411278	3.18266714852
135.581589625	-61.1428429694	-0.602094560159
158.588136217	-114.820221351	-2.5314475281
-342.352138413	337.608953594	1.0246391844
-149.484479087	321.332670434	2.99824131117
-229.913341193	-257.200157176	3.96301817603
36.2102273255	78.7765956513	4.0241594872
-180.678954654	-105.539594051	7.17548203156
104.33419842	108.822775207	-10.5569702194
160.975807228	87.4690604314	1.20482856686
-111.370307467	38.2190153292	12.1342658565
15.5218906885	-364.800499741	10.5664265461
-198.527274971	254.608304918	4.51916653522
-82.7964680898	241.400862862	-11.0311786981
174.554836664	-44.7995450757	8.97569102289
-173.829352795	109.124447136	-13.125018947
122.830284678	314.023671963	-0.969759812129
-228.609833624	153.028027695	-8.0792468523
-22.3159081116	23.8783655389	1.49571758847
-89.3154308627	225.28987084	11.5775747556
53.6723643801	259.905538624	3.75798614566
254.965265504	-233.288470866	4.48447281327
38.2483668676	236.629568801	2.35790967939
45.775793268	287.012881602	15.8484511379
-320.971426199	-274.376391008	9.57821439245
-283.425862101	277.941771159	19.7130004381
346.52380403	362.871089095	5.03558014413
56.5951961669	74.5990637227	0.889723252701
340.534145771	49.0376433406	-5.84582322784
-252.008971814	-230.164838516	4.14207624689
213.657225432	215.740602141	2.64038792463
-273.531641968	-159.8668767	7.54128996119
361.015049409	-209.480014003	16.5469294755
-96.2240334767	67.0523399407	-0.603805411554
-135.839435586	-118.512301686	7.23341406572
29.6533262903	259.249570463	16.874952118
342.606286898	137.791200215	4.01871748307
-92.8379515515	274.918443894	-9.82159183508
90.7760892947	14.7540402016	0.0197876787103
-264.293122753	-171.321270457	20.8887437172
-305.307183341	140.719318322	4.6672435785
295.097261284	21.351227669	-0.758640751247
72.0496225322	-2.08077745026	17.0997259624
122.978046235	269.859358749	3.46368583186
115.676773187	-242.760320021	2.34138214756
-254.973968446	-97.2748694043	3.12039469745
323.140083824	33.810570006	12.6045405586
-133.934482601	-48.8987861532	21.130962945
-185.74665358	68.7901506297	2.47438369081
-305.412436299	145.865432814	1.7851541414
-2.29456863007	11.1648733229	1.48486244803
198.850844743	-153.33566674	-3.94056955935
230.228605342	-244.871077958	8.58296181599
-46.6131785742	-137.180677378	-3.3969641526
164.455785451	309.934932692	3.46395804004
62.1785211306	163.430752261	17.0259740852
31.1260897098	42.0707764898	0.199296918267
-212.801968505	-26.0924319649	2.26325457461
221.369442158	-357.884471204	-2.11895094684
-206.496523532	-28.4595772571	-3.07930416783
-49.3159353653	204.507551179	1.20541629098
-363.880217357	-108.644264404	6.2369235896
173.774112598	319.515581396	-2.93166913625
-190.221037129	304.682929742	11.6684474486
-83.2225134637	7.30655131689	17.479897748
175.536041028	153.83677102	3.27429355112
-21.3380908728	-115.115225266	9.61011603261
-254.98809274	-317.559611661	0.910320694164
-340.430710153	222.656343468	11.2412546654
21.7935976191	82.1183675972	-7.72447746126
-271.827245175	-330.39170565	1.01530944254
288.335659766	-364.972290498	1.70595588499
-245.294099264	154.416860194	10.388366223
247.506292583	-95.338517366	-5.12335541444
70.5709767241	-256.844602398	-15.1673453729
232.687790069	-327.095932333	-5.21470996473
-14.9994543294	152.040501485	2.24336436631
83.4231905828	362.826965577	-3.30961241484
-68.9659808502	-341.702065525	-9.67199964657
25.0316438697	136.996396088	-2.55787654257
-80.3593460756	-285.542126791	10.7002664139
105.472581579	-356.35158577	-8.356598793
332.357739033	-338.936870036	2.50153043116
-292.666351432	236.489446669	-4.65666997195
-36.5469814618	32.7794105094	8.21290049633
187.176575322	-206.209312801	-0.0311040579214
24.0017933096	363.969342834	-3.37382336156
122.847950778	236.29569116	-4.13883055619
172.867125179	-59.4558031894	1.81694334272
28.0921939549	53.7724325524	-0.374809037758
279.974637259	-106.912154098	2.50225138398
-104.582429332	165.591375011	-4.99257520074
280.715538086	-102.981475676	4.1679037846
-364.692379212	228.130538544	14.298434916
303.189273516	-169.232240343	-14.8720559838
-280.118675693	-57.0965686844	-0.223354517703
188.771115191	86.3849081006	7.73248378083
-3.56589762418	363.278684047	-2.75446815923
-211.493672405	-275.741379982	2.31965192242
3.40487863304	-37.0829351099	-3.84504240452
272.899025453	-84.5845962075	2.64751604138
-338.755582617	29.7952429601	-8.32807992736
304.68938653	-289.807849819	5.37920914576
-341.174611579	-143.034796404	-2.59593809143
21.0950042731	72.4458042784	5.00367358304
-31.7977293861	-241.640398077	7.44872392411
-61.1678598938	9.54094107475	-7.25460387085
155.707318977	217.31852479	4.71016220593
-278.87291826	-294.59098597	-1.75585328044
-87.9064799018	58.4907773908	0.108424365333
-109.844670733	-64.9551319729	-11.7758579259
96.259711475	-349.843112567	-11.2938843337
-154.511754719	181.926390734	-14.9173627839
267.296236284	140.146145752	14.3418852162
-64.8900425828	-78.4844954947	-7.06928794447
20.1772421542	244.133530181	-4.54303749349
4.97094156235	45.3939306508	4.50238042343
32.5635425293	25.2525694052	2.33435665356
75.3654525735	130.241664327	21.8770495957
151.470640758	42.0605917915	-2.18733122538
14.6970167332	258.960153586	7.82325387603
-330.393226637	166.75932496	-3.88896767281
294.609911653	260.082827955	-6.05470553919
147.594024597	-82.0053038058	12.108364709
-233.798092276	-266.341350817	7.54388677308
227.692392497	333.368137451	13.7629161797
238.052344351	182.401130394	-5.63478018411
-3.64232629826	-180.820498425	2.43548948236
-348.354800895	-197.984759206	2.05535768925
-130.072483629	351.409039254	23.4780452559
-143.225894665	273.274419245	14.5997630749
87.5018138918	-23.1725969554	8.02546180525
157.956349936	61.6285613596	7.23549130044
-224.572622699	299.746527389	-0.947556925404
-54.8755332697	73.5553437849	9.48374273163
-296.275285201	93.4981289895	20.8566167406
16.7863386696	-27.9028761862	13.4452798316
324.072472344	-200.472984506	-0.652044280345
-87.898160918	84.4592807002	0.036644454577
46.6125120645	-25.1047512544	5.26787998866
273.869805184	-268.520906097	1.68601824433
-113.153253293	199.333432141	-1.13501084512
201.879314835	-342.836007337	1.80766114102
-5.34279434084	-120.305090903	2.26294231805
191.399477416	-179.293334209	-4.08875811261
-299.3392115	-245.90063652	10.2672959825
-135.83572436	41.0083332025	-7.29100283518
191.657250281	-176.714255326	0.601373682839
-339.671370184	-126.469632031	2.59555735549
-94.9170627737	-36.1947513556	13.3627723171
224.508548342	-349.024501108	-5.62054142148
353.648099715	52.7958930942	-6.453407289
324.938631745	-175.422376118	2.81413781912
279.28914857	-176.787661237	16.1517617464
-47.6514285407	-166.06765979	14.7587494854
-141.267367325	-244.242462801	1.47744968831
-159.086527978	-166.257229714	-1.20241187157
-344.683837058	-147.237869589	6.28744831411
-41.0985221004	207.876364987	3.34071632955
-245.993952268	-205.241710534	1.56125367716
-165.553713233	-302.184824886	10.0816919283
106.190902488	264.572976791	-4.29114059737
-330.894345594	-112.358299153	1.25708533802
115.588582939	-187.529688921	7.71315656338
-129.806527239	214.045786847	-11.3866709046
123.189419345	296.670447823	-5.41377658505
137.15246885	43.6546678876	-0.462462572287
2.62687686302	-344.941226127	21.2012347367
127.237104825	-219.01346443	-7.51747090752
-44.0257359851	-3.63876856382	5.72845392229
-134.885501303	-122.656746684	6.83728538379
-175.655297532	-233.335364804	14.1205055136
-96.8530781063	67.6270785003	1.65150888486
259.588372656	147.71965255	9.95174893129
-244.916240318	-85.7171039965	5.31388734199
12.7689977695	-118.665692857	4.73488794184
55.3568026887	228.791547325	18.4297318256
19.7393972698	-288.353667824	6.91763346822
106.585782798	21.4016555324	-7.27684251033
-353.50938926	338.02246698	10.3881772366
61.648323262	1.67711118321	13.6620504582
247.971787422	159.204485716	11.686122255
-239.756027364	-121.629654814	10.177265405
-66.5596540675	295.383205774	17.8203612737
-154.547881911	231.644999469	-4.43886718197
-192.901409839	39.8046325596	2.20749858814
301.84788471	87.6612087491	-1.34757752787
51.4085246696	-150.451328484	4.23945810042
-286.959096804	15.1784241818	-19.4507736581
279.878446061	-128.854321881	-0.569370985715
-245.163653592	-202.566744998	1.26455821678
-198.707022401	84.0379854162	4.39046760089
186.000723421	-53.6033432091	6.27454244314
230.356277548	47.7763024049	3.5995318564
-329.221352542	-313.946583675	-10.3360164816
120.753620856	-162.931753665	0.741632296639
79.4718278665	-174.817423298	0.301191877577
331.366565044	-171.890165699	1.03479017056
-306.51319817	-350.912314807	-9.56950257503
-207.650628073	110.133390612	4.67694534215
-225.072778324	300.774376267	8.30184225367
325.899228324	-7.35415369072	-8.17504153382
-302.351894087	-266.854962629	8.37583269175
-43.324388423	138.223321555	5.19160087549
8.56856771351	-20.4804776395	1.23141103398
114.288881896	332.977718992	-0.365976360008
-334.850357823	-362.871016481	-12.5832538719
-293.942141355	35.4178423733	1.83938582023
25.0688163924	21.4783970484	1.24322501651
90.6947814068	228.41685145	-3.27020030121
202.085144947	-2.10500969465	7.3432736951
139.112972954	-190.757915945	3.12401611438
-284.573970537	-105.925907387	-7.14602025856
233.546426195	-78.4042722671	1.77928798679
266.559860095	-312.17813263	2.5039500252
-197.195829656	-245.19989639	4.82461309603
-109.298879484	-305.138311164	-5.4869409553
-48.2440469109	-167.038654732	12.6666380462
149.267955585	-109.710151223	0.905640577657
308.283985245	-212.316162029	2.17982981316
96.7878834736	97.631776042	0.914921662704
361.92486848	340.055477042	8.93495166442
-72.5472104008	-1.59780791455	-8.16281538538
220.560107356	107.076840861	-9.48769133278
170.771608883	-184.381418355	3.53764457451
-36.4251305172	206.804353676	0.634175891339
-1.32198215123	292.863802266	8.06060529575
163.513517679	-272.460878884	-0.295051294903
-180.867734941	139.652902666	-4.13466594384
252.544281408	184.901825366	3.40618145182
264.908060579	92.5511339284	-0.155031154393
119.562692412	-234.104287552	5.17429320884
201.862709075	232.072712377	1.66219842211
-322.057630818	-344.065647781	-2.59467413962
228.760373937	24.8935608589	-1.80138448239
-8.4749587457	175.760921673	-7.13997546269
-307.180620361	-87.788528474	-0.546659229816
-238.485352422	342.146832092	14.0628154224
-205.478965174	86.9149462836	0.823166573962
-226.090740399	-97.399371525	13.6971975513
-5.79527439977	331.541028121	-5.82523932885
-215.079610095	-178.591774884	2.26488626573
-198.284561431	-218.141295664	-6.09239341478
-91.9447962243	355.833812997	-13.7482533493
201.941592287	-56.519700511	2.76536398544
-12.118303775	308.230019745	4.82768797848
-178.30079914	250.003021447	13.0837873869
-324.686943233	82.763849709	12.3542394662
87.588714579	33.6171495298	2.64627059555
-306.126874862	-355.169957077	-5.8721817665
334.693884326	-181.049938744	1.28082606138
-237.966761623	-24.8493020025	1.70879771592
251.247661541	-199.395926119	-1.29609464673
-199.100789527	-167.007990483	3.54018222157
62.0636244893	-171.14755865	-4.26180902191
8.96759216118	-178.748083959	12.4024622038
-57.1666592387	-250.764842264	17.9324400613
-30.5961533878	-284.11216577	-29.3319704019
-269.629373256	241.821353703	8.57829103186
-83.7547271324	86.5216453567	8.45160798058
-0.984933438072	62.9882757625	1.28827743232
287.716097843	-283.853970356	4.6896636665
-84.8657291922	-45.3044185374	15.202194937
-143.842105175	-34.0595930312	-3.73727402907
94.2975942702	274.254229091	-0.00188767381326
-34.913919178	-233.89367153	13.8421882926
-220.297234972	179.978861151	-10.1661764934
297.275390204	0.713679222546	1.76557431718
160.124134909	-296.544636415	-2.78137937693
319.454410136	-362.960509948	6.38419243225
8.76888811855	-192.958027634	11.510890727
-248.237174954	-116.478278747	2.47318102036
24.8261592699	-142.129176985	4.12783062598
281.716452504	151.343198351	1.82081233168
-142.875266003	117.027453656	-4.23352780887
112.300634426	299.173201739	1.60647607202
290.992160533	-213.461862377	1.57421923886
-186.990798329	179.275145365	4.61304709594
-68.1647129526	51.7140282712	9.39797214381
219.569491188	181.179525965	18.2432057406
-149.903317887	-77.3775218506	3.06480309988
-236.283910437	-62.417401653	7.68255412884
-348.361092822	163.879416886	-4.41182902251
179.844703755	-324.464673884	-9.35336389439
103.455625552	76.8108432734	2.16608058704
190.102108881	49.2075964825	5.62844686141
-180.204393769	-136.182911244	7.87201817357
-149.442540484	-172.921576811	-0.560282395204
-256.374727208	-190.674110641	9.51733701391
-102.302500057	349.015065891	10.4775856416
289.091425506	293.141425333	-11.8322079334
315.25327918	318.11173265	4.75441471448
-291.295718764	45.5423392365	-7.06303693767
-151.691359266	-2.2973773203	5.67534295888
-241.20743468	190.113762377	0.432629919692
-340.634542167	28.992520194	-0.132776607035
144.320423677	-274.515518473	-1.49027879125
-166.279992311	291.029749308	8.58240343281
41.7160097228	-301.43353875	0.194651839289
-214.109473896	310.128211109	9.18798273599
-98.8616505322	-248.752428016	15.5041596174
85.3704142629	350.207963189	7.65722585678
-261.484900709	47.4769053705	2.50838708487
89.7087211555	-336.105104843	5.67437973776
223.83649378	338.867988835	13.50916957
274.103116296	306.291390188	11.35646094
-314.996847956	284.950034172	18.3838894892
-224.596216988	-285.814055584	-0.128415760502
-354.307444028	225.265240855	-1.31707304898
-204.964068032	86.6123146762	-0.180868163239
-26.5656395482	-361.281760678	-17.4354423104
130.638034505	-188.663168176	-0.246697689997
-250.531792331	335.593305038	27.2111192306
68.3349829998	-289.905360186	-8.49170191716
-289.428146577	116.943216818	6.60807259791
113.831589092	-321.27268885	-0.127558837897
-328.996459205	-261.110877697	7.85508294189
-62.1276117912	-169.648176909	0.995977074848
-59.0720971988	192.899470146	1.4538346136
326.846083924	216.436838502	11.5638915911
-258.947928429	-311.528668456	1.78293257448
-86.3839249268	-227.719928835	12.346588184
-61.0137936812	-130.374789237	19.8997158865
174.439846161	-71.06517489	-0.291765052652
173.210109638	-98.1288474121	0.554541642663
311.824325052	-34.8120282971	-6.0752042386
-196.62169589	-134.360339296	2.5568480431
-164.483039727	-108.834245477	-1.14339617638
208.61481754	-343.43308046	5.34483759437
-44.8557156933	147.248690973	0.309169587648
-33.6614524732	-116.849327185	1.95804223134
100.679719107	308.44572674	2.02519875885
62.1895523205	65.4664603711	14.4036679898
354.157608421	-22.2202906931	7.8282590916
237.805945647	145.544913275	11.2765061269
159.68411854	-362.393391447	8.45173614664
285.63003994	-269.914648145	-4.23620011268
-156.737426396	-129.478014068	5.23038311074
83.750594531	56.0674963842	7.65766194221
-98.5926590084	-13.8119152738	-5.84056145619
156.377817656	-66.4983084928	6.17478202655
288.434878749	-118.676947808	-10.042757689
211.27451715	-315.225474212	-2.48089171598
-36.5000372263	-61.9229664067	5.90914570524
-316.817606787	275.599375186	22.4744305679
74.4271783341	60.144001024	13.0478116261
1.4950528126	351.059864887	2.42498078841
-338.09085851	-269.205221534	13.0014211916
-16.2557015388	323.730938443	16.2422599831
236.818190683	-112.093456938	-6.93001306157
-227.941451554	-160.911572146	5.40762128185
-195.490833822	353.048546016	9.23805384956
254.865406893	-311.671520857	-1.54974968216
-333.690051288	-321.856805403	-0.0252554990341
38.2166207123	276.059719634	19.6291119015
-135.888107234	223.410311951	-6.32318114317
-187.028290743	208.638908686	7.86595633056
-118.204325598	225.809926572	-17.4252675827
-337.420008455	164.148348364	-1.45390860682
267.593959853	-290.877304643	4.3404091145
-59.9399419978	-87.0900235215	-2.16629261301
355.99234387	-239.385565579	-11.6981443869
-128.038026356	-225.637208584	1.15668590348
134.385140776	-179.506653345	8.07353927352
-329.141903121	227.543675103	12.975459089
-44.5808360412	62.4452425412	9.83323321242
39.4221593882	55.7671802777	4.77591128094
-86.084109179	-187.472047959	6.04184810426
247.012601217	-278.165407457	-0.0591821934402
365.986668312	72.1860387891	6.79498756242
-80.1788542856	-286.913281332	-6.68403362288
-289.239209009	-258.967589357	-4.65266894258
-209.127421474	251.56816078	-0.606932338604
-240.645562878	241.871066171	2.67686508171
227.532572146	-159.899819415	1.65421134495
275.99816172	170.583585099	10.6432012742
-181.65594813	-327.263358779	-5.34944690356
-248.390652944	-357.658972309	3.86973000932
-290.251361357	308.083799371	3.51124765652
97.9840321605	-183.655421625	0.641769596644
-122.509431839	360.806326565	16.3336456316
296.94037098	-316.776095571	3.6049844534
-273.452073066	351.401182099	7.30236540587
-161.06853502	155.45557153	-7.11914297328
-192.178464919	204.476990362	8.05673302706
-54.639665857	100.698502078	1.27302314407
-179.603357586	-155.184409367	2.87675638165
-72.5135430662	-346.528630505	7.38081391643
-325.279543763	285.764727697	4.84699944095
-31.9883752469	244.656218352	-4.06796476037
-182.435125706	-333.588667622	-6.15691210458
100.34590685	-151.809349855	-0.0767902532332
20.1540026658	137.771256473	13.1825273051
221.533838056	258.024361729	-1.44518613617
353.054205376	216.767385862	-5.81844945259
-200.133588341	-320.149975902	-4.03124121278
334.244207903	-359.558655299	-3.37397385268
-334.614225724	-323.719072668	8.04679073684
37.7549212003	-115.029494831	-4.91561471236
-27.8369510839	-228.294502519	-17.2731040782
-38.0602125662	-109.185210383	4.57237320824
217.320997058	-147.887608329	6.43756995321
192.051938301	343.198657743	6.41639539289
-308.85906418	-289.781897273	1.46820557655
-345.660876998	-273.381229064	8.05011078151
-149.987888468	159.416853294	-6.95049255064
12.2703152541	314.496468188	1.15564985831
86.9871838872	-210.555700751	-1.86595645312
323.101001761	-281.332476112	6.34501194439
-163.802373886	-272.072145257	-3.60812244079
55.4259687559	204.082645201	0.298126519657
-99.3199633168	202.094307872	13.1807605137
72.2317783963	212.174276745	-2.91264500383
-122.540238192	271.356955758	-7.63011835139
-67.7566957344	353.574331753	5.11744063153
-110.120719641	-5.68846333681	20.8357033962
280.491000996	113.650476436	1.75452936822
238.651363236	-104.27174564	7.2792276962
353.518875786	98.3690796174	-4.79713329347
34.0969927885	20.2098226602	0.0236253208287
-155.390759056	-349.711719977	-2.83699747638
306.069420225	-24.867400517	-2.00550983002
297.290241802	73.8930048921	5.45143617207
345.880933114	36.3975499135	1.69105824742
258.474942258	69.7394162912	-21.0077310307
250.664711481	6.05680399918	3.68510338474
306.574584812	241.872442042	2.11978579321
-79.3617675994	-225.374087207	10.8411478543
115.723991477	231.302184661	5.17367598761
298.166362239	-74.2715885849	1.36808638069
310.68556579	135.218936201	-2.79467131736
173.396111949	147.281136817	25.5713113936
208.546501232	-30.4938334127	3.02824415563
-279.680573748	329.494286825	27.9534931492
-225.536347314	-61.6773449447	8.32583327481
190.444748411	131.606704529	7.63272850936
-155.581143565	-172.673424948	1.70487637776
-169.562973404	42.5720119919	-2.10356685289
-75.1280318886	-226.274771995	13.1776431505
223.333047702	-238.602457355	-11.5690005921
129.766714068	-244.885274119	3.53609904759
67.1000190529	67.6399233301	8.77545201236
-273.058724823	-229.195050499	-0.520551224339
-118.900164538	-162.041980721	4.60565682667
-15.549873698	-163.134877134	1.22360494987
-176.646006605	237.244608128	4.42530943435
-217.382557541	-216.814275764	-2.54209651107
39.7136024982	-278.480029714	-7.04280032862
-231.456095617	-162.408973733	2.55093637217
-189.854908377	341.188858065	2.21026116146
299.217900072	-271.876285306	-11.1834181031
-199.502701158	180.789296834	6.22180241109
-187.181870006	305.157540818	17.005089604
-6.04448258935	-232.936737069	13.9477463569
-104.763131733	-54.5469013501	16.7172952491
282.954257988	-239.647730386	1.93676945607
-297.150034087	-33.0195474125	-0.202091594375
-298.212125803	-10.5940368875	11.4828423133
-254.578015427	178.845799906	-6.6568747023
344.41751452	-100.182108575	3.69302236673
-218.875078076	295.13610107	-5.8168338258
-67.4903369995	229.26351114	6.46988058181
-42.7836357612	-15.7642717265	-1.9450913612
140.705752859	-311.064124469	4.20487404842
304.627396455	267.80285417	-0.5343434716
-15.6472489951	259.0039197	9.38665624619
103.424447777	25.9793076665	-2.93006145948
229.166044964	127.555389804	-5.40996988171
-127.936155794	-353.669645417	-11.7372814813
-353.957026194	-20.8031639536	2.28243288245
20.2842608723	-138.878205441	-0.145827603624
300.414998469	60.8901911757	20.446215783
183.322938482	310.998892525	-4.64198587844
271.165392037	-237.651696264	3.47150589812
-51.4506499874	-358.7365651	-22.1467319611
101.135374721	183.294289898	4.0514636475
183.087921731	-176.768737318	8.41629088065
-10.5327767121	-323.913259181	-3.45464647768
-125.621561997	-36.882901739	-2.93986055488
325.245571724	-204.809491931	-4.77036514945
-240.382838625	-347.808778331	3.15846706414
-171.871151016	206.635048369	3.82423817517
-215.105910157	297.60791672	1.21505815107
177.556355031	177.237152262	-9.74787252174
90.1612922949	-89.2328229996	0.0923855256123
189.563255759	-9.11761769776	3.7340202468
182.126452907	250.156458703	12.6341917916
77.2478315256	177.289462615	-6.48975219325
-4.95034060657	-281.104276636	-2.89848360514
155.951414539	-77.0630164219	4.81224382954
-74.7285422029	-218.818462047	-0.906301735348
253.073501342	86.5864132116	10.5939512929
-55.8797132025	59.9979595695	2.57677784472
109.82908819	-194.769480977	5.45100892061
3.23157172305	351.490687404	5.40518390981
96.4752405548	51.3465810594	6.35111262295
-341.405683352	-176.220595838	0.118913249633
218.674746236	48.0655699518	5.04400048114
-105.797625053	22.9392290304	3.02027280225
-63.038270785	159.044738318	1.48758171631
74.2123109324	70.062325885	1.51964142185
295.095695642	362.254176764	7.7272817759
56.936064081	244.883901308	12.0144550155
-253.853096319	-208.149674089	1.81251504211
78.6408875421	-212.359271198	7.00379490918
210.395199963	-212.560549133	5.98126134021
-21.8485648138	-214.517230097	12.2677047989
149.900682559	352.702008842	8.71108689293
233.15877598	-317.310273573	4.44693837625
-12.675894006	-310.386369273	6.94258248712
112.541228948	-235.487312445	6.29001371963
-173.00513238	249.394712354	2.717477768
-118.069851044	205.850504755	-1.45260578985
61.1567296543	164.238682193	-3.37445904528
91.4212847817	-118.033836636	0.576519418416
-102.901435378	-301.147159083	-18.6170301122
357.695206819	-323.962809421	3.07990722576
31.6419014251	-219.862323191	-2.96680454526
29.3571825641	-31.5007596596	-5.154899521
-31.9745536903	-3.16341372157	-3.39804901562
-183.672142777	181.67200572	2.78568816162
-160.193281056	153.179639554	-2.30041249119
-19.6217338569	-145.792620541	1.75774897021
-198.6055529	-130.186526674	-4.99549687838
-46.5609326153	366.364577866	-12.0248183677
335.29522265	107.869449544	14.4717336577
-216.799044597	-295.51671512	1.40705402021
-193.439838502	-312.227529802	7.35856050131
246.942067381	-134.692677338	1.16741090255
-132.510430773	251.931115702	2.07820479466
-231.733441375	181.657245071	2.80671700192
56.5183179118	-286.82315343	26.3479000126
-277.247528362	-294.27736057	2.48131370785
-321.01283865	-172.252258982	-6.07199954057
168.375398763	-34.8540457602	-1.62805070095
336.577611487	224.518882127	5.86320550335
74.6676575542	-266.931988717	-4.8920096349
354.227329583	-278.048503889	1.69058803768
76.01475105	-32.415652282	2.58882953256
-325.132158082	210.936115288	-5.26728374055
97.5257111607	-189.445528214	5.98683679006
361.509920538	140.861281963	-0.539783891038
-349.457839086	-185.631246283	16.4481228048
-119.174253131	242.221628339	28.3200303867
-337.063175966	-23.7635521233	9.06575454569
-22.3929844166	-107.904198564	7.77589085527
274.462818803	-286.641999838	1.21183524007
-165.070368578	-249.406497863	5.58601086282
330.496902648	102.750486211	-1.45891472561
-95.3216822173	292.342080269	-23.727802306
195.323718338	-214.532687252	-10.9397189869
-192.059578187	270.770180446	15.7894350835
286.926396553	91.1403959111	22.3198092687
-257.820752597	209.845142795	2.77886623694
73.1435821623	-278.0808235	-4.18074933783
-167.328237848	-347.456108579	3.85246023393
248.166163895	-20.5719469877	-16.9427993878
-104.495193921	-212.255032265	-3.14482898346
-26.7379105448	-119.908610194	1.66101187686
298.278690729	47.2662622836	2.6839620027
-247.692776544	71.7765807422	8.06164374725
257.21056509	327.365792269	12.3628106341
199.336125217	-311.831408099	0.535415497246
214.76396905	-36.0897255317	1.04668557229
-2.51775699402	221.101640165	2.2779543237
259.336515688	88.0575467277	18.5168248555
329.893805285	276.954942788	1.90196512004
-295.490033419	-209.31133777	6.21941689101
156.402440093	-75.7136892793	-1.84798041477
253.939286327	-333.376245592	-3.17705044253
333.622280298	357.291243322	10.4579918806
105.13762586	-40.5254848928	3.45775988551
294.514123961	257.692332714	-12.1015858596
53.9974199194	-112.197574581	-3.03867122798
-208.94910193	74.0644734742	8.43488821905
166.267188178	-364.215145704	-5.19679792812
-27.807482596	-360.537019731	10.4358517578
134.732559429	131.538962341	12.6237586645
-220.834711967	119.935573781	1.31756246661
210.20405987	-168.632466735	23.3588466755
110.242348325	-157.523666479	1.50191497836
-10.4835237518	95.428347827	15.4456028055
-127.175407538	-105.287848225	-1.14320680919
323.009656803	198.458423117	-6.31851702221
-286.771172677	-275.2288313	1.36769450995
-281.53755614	-212.239833851	0.712577162168
255.882838419	312.443093847	7.44979860097
-107.422384285	-173.065376388	9.53762037272
-344.250630311	122.188779054	20.5546063992
-102.460350853	93.4601094174	-2.20869508614
286.555419742	-10.9943151208	-3.22913474493
360.939674203	-343.248783512	6.10800611577
211.539397698	324.455669481	11.4519373318
-91.6232043179	177.273631432	10.1573362421
145.783272358	-62.0588727262	-2.62552883695
-36.3982183977	107.769533643	2.02138051989
153.495464365	-235.640871296	-2.82998115264
-225.685121006	328.321435749	10.4596772584
-192.245728581	69.5725989155	1.32091130461
317.775837223	-97.9453393052	9.37944140616
-358.934437402	-183.438176225	-1.8615515052
-230.298814313	194.896494243	0.128834988329
17.8361680452	-34.7891841599	4.11656249165
-53.9545656996	-271.044507315	-8.71889284875
227.73455828	-58.9998748293	-0.7946546998
-110.28665263	112.825642858	2.14124152541
256.785680297	-153.272861543	2.3977941393
320.504868098	-344.772739038	5.18227436371
116.977093506	-247.439326434	-10.1540641416
292.162191324	245.337425188	-2.16639249631
108.788980086	-34.1801412909	4.09643585579
296.726204556	197.388554546	1.99401225917
-131.332932057	-365.65154777	-1.07673074545
89.3623834236	-235.15166201	8.46210249962
214.549119641	-206.209940256	-2.88583567011
58.2691707429	237.997503397	1.23564593037
331.280608038	-67.1982643058	2.93610593138
38.7887643868	112.783228914	-4.74824285654
-161.965815409	119.064108748	0.911869739254
-253.937861382	-279.972739196	3.53153765398
117.755986955	277.432058265	4.70111119875
-278.211625372	-80.8399320207	9.26396070274
49.4378700663	-147.404461403	0.873510042604
86.2105585396	360.452281423	1.56873552654
163.627214421	5.30367926045	5.13397006476
-108.693609838	204.892678909	-4.5900772367
215.595071216	-72.0567862802	1.36401678714
327.136190112	25.0616237696	5.52306034956
-69.1345388383	320.973322048	0.372625598375
-6.43363062347	-146.917463156	7.35665572877
308.028092163	-84.6538245364	0.867103500286
-57.6014880126	-261.895581788	-10.4589740161
74.0413913743	-186.634830076	0.581530986647
232.892459566	141.165391226	23.0272957566
120.299875106	235.924041564	-2.97602986995
-89.40845352	67.7882550228	9.67650079496
-182.060221024	45.5505850387	2.85739920317
106.583646235	-144.695077967	9.25072885445
-50.655224867	-310.816031691	7.74997144294
-154.886419788	147.230175612	4.9010939474
-29.3105545254	166.240057828	13.2883801825
198.405673344	337.764030854	-6.67839372956
212.61797035	315.972288609	17.8077835964
99.9682264413	-140.381442462	3.4198115917
149.518551066	-1.40658818636	1.7468641149
-243.682183332	-167.139059385	-4.95691621196
249.665396558	68.5612430286	2.61933261447
334.72665314	-196.344090952	2.6508075141
323.278603435	239.805959912	3.24330348329
139.384629676	56.3503925844	-6.67466337358
-251.707269466	98.337245661	7.85862355459
-121.050329385	-38.4161644239	19.2953603527
285.40295588	-34.6126128179	-4.47490708446
-201.518662659	-244.189830906	4.94240201079
-169.407107745	4.42015784457	14.5366202315
60.8164328549	82.3814946346	4.65275953501
314.976775515	212.951948124	8.61379716405
43.0021767622	-193.165506983	-10.0620156906
138.98216521	74.6440537982	10.6488513905
-192.382889655	172.305607012	20.3321368344
252.328184721	-162.430756362	0.714419488075
363.735208424	-146.748733211	2.97859318264
284.061449282	244.288462062	12.2732572189
299.306198699	338.370588124	9.59162494308
-131.002922696	-253.891450911	-3.21577486559
-272.449276104	96.3915773164	8.6157279756
254.302988334	-175.080180917	0.262400163606
-280.605594451	-333.592271204	-7.21630977609
-157.081323204	-7.04629615035	16.1978777958
260.542974352	178.046545755	-4.73699590857
-199.526307221	229.200337041	3.3157728842
300.040912219	298.53789251	2.8992309
-234.831198685	354.924791126	14.2774076326
303.623771366	-207.289144085	-2.13918120739
-209.279406522	57.4245420754	-1.79172499029
-366.303905651	-133.742251958	1.02091684366
341.269990599	-106.21093497	3.62382020411
-181.507933613	252.443312516	3.99949381415
182.129020465	258.917730407	-3.16446858567
-219.292833677	309.687568509	0.408022826614
-342.979215953	290.752881756	-10.3631214317
-173.755598995	54.0196677095	8.35227304353
237.615450854	235.422639991	-7.30302260232
61.8054211429	143.657473801	-8.57346603772
-265.506056475	14.9730552005	-9.67340329734
21.0738675737	-72.1790056378	0.162319128703
327.142441179	229.790398497	-2.21107154844
110.543841045	103.115271803	7.61565417878
-350.389698749	-267.283206463	13.0162223115
234.123870013	-339.910779787	2.28698839992
120.765286116	354.067985343	-11.5336391022
89.5892856567	-96.8817920381	4.0458448055
299.75605277	214.864859267	12.8999180005
149.790359998	207.603746519	-6.40257808732
-235.590240637	-218.00186355	0.782800823284
327.147485591	139.352702648	5.30333505641
-36.3156617156	-35.240324733	-4.27844998999
-363.509614963	-354.873588826	-4.7216391517
354.267015274	40.6390732796	-6.94268286129
-254.5697809	213.715765751	-6.56639624351
-161.572539502	42.202119152	15.3566768348
-37.7567642405	-217.492581034	-7.61455337454
-336.666659698	289.469260964	31.6947718205
-212.53091787	72.8994569057	1.81952825143
-336.434466104	-365.272772166	-22.3733505784
46.0548610709	181.250512623	-2.59468590333
251.615908517	31.5551865469	-5.93906809954
114.686396391	12.9802421697	9.03198194078
-361.103785725	224.236531651	-14.3941517767
233.773191514	212.589645679	-22.3556035206
-133.67941201	-211.192246707	2.0809650363
-14.6710213536	124.491085217	-9.24861598867
361.582717254	-53.8418234174	-0.727145452095
-301.706751443	25.6690729349	17.7488557152
257.962455366	10.6092507197	2.6493696866
-262.419992499	-251.485891428	-4.33214610767
-252.879445553	295.246099769	26.265559518
-28.9156813883	-153.303468568	4.55194319715
182.642466526	-146.518493046	-8.69325486207
-126.214750921	34.3724058358	-0.258055391928
-142.721324718	15.5549178372	-14.5619772858
-12.77339486	209.803470872	3.85458525033
-123.450725526	350.213092242	-8.00342169859
351.298999418	-143.85497168	-2.42004327171
305.924181337	-147.919406551	-19.3068945745
167.515911887	125.504527252	7.4141872502
359.664350643	-249.088072093	3.18812422958
-298.077687259	-190.932851442	3.58473013638
79.5413616419	99.8843271769	9.29255957184
-130.494837813	-110.610137955	2.40517469522
-233.5688802	-237.431499598	8.55952473431
339.186505616	-132.663338388	7.44747470049
161.039659013	321.235514225	13.7082996009
-268.246227073	96.6047645355	3.28495548733
-310.809387436	-231.263017933	7.01604750071
-130.819542906	52.3064466115	15.0157335746
-187.044397688	121.094231635	-0.775371165908
-88.1657463917	136.503396026	10.562620521
-20.4233230682	-162.022912964	8.73355401554
-209.394887279	343.688746369	3.70371317873
325.950581322	-202.87020609	-5.40319983504
-285.488892013	27.8156746681	13.5532337014
-220.364522526	-287.698747318	4.43934468136
37.6233884445	241.81245052	-7.61952991508
-232.037699166	243.929810722	1.91746318794
-5.31254907635	33.0535714644	3.12419225656
171.049650832	-51.4189876175	1.80580646143
364.188150449	-248.055511166	-7.28919478778
356.883058557	-328.401376793	2.41215711434
293.22511312	126.394174269	13.6620570386
98.5506981527	-172.42883095	3.72332113992
255.17552366	101.098510385	6.84911742196
328.122359718	202.719017721	1.14543341302
-172.513218897	-295.90354362	-3.95035740357
254.580334911	-294.018937636	4.28778613419
355.824493186	26.102526275	6.50737233115
260.503536216	-153.854967331	-3.53848598266
325.29893569	-168.220079882	1.3952371824
335.601168051	-90.6086077234	4.46980039068
81.8609405552	-102.647102446	21.0694590577
-324.074804364	-349.205577137	-13.8847317256
47.7183392731	-342.568805979	-9.81875246725
365.387689193	0.897922472631	5.06838536177
98.278836986	-73.8110086197	-4.91353392637
53.8601917425	-189.424354889	3.034625219
77.6304346078	-254.422934502	23.0493734266
-324.607092864	-154.716475685	-0.331806415818
299.27406997	-307.673911106	10.9918465324
215.303224446	-278.730359432	2.0435399174
-200.067143922	-193.205344258	0.923842653131
-138.344348857	281.549567123	-1.35111249742
73.0614254517	127.591901091	-7.80852366311
187.880727134	-289.512815193	11.9257463538
343.287313914	335.729111553	1.08006118285
298.853629354	183.369826008	2.9035665359
-94.8071730488	-296.363031069	23.6663226183
46.5331316907	-131.542490993	-1.78917668004
-362.464814926	-344.204794872	-10.8468695558
147.157722833	-356.717254923	-6.96501240789
-66.7051441345	-318.179232662	-9.76706738449
-168.111994893	-210.772184012	13.474090456
-255.222141804	-191.201774983	3.39669394946
158.446871231	-62.5977322387	9.72958002523
-163.970326913	-141.659031523	1.41695250725
-316.262873526	220.991692903	-4.63483256254
-307.674887952	152.740306622	10.7587900656
-330.392143507	33.1252482947	1.27387469571
266.090922703	354.860925858	7.41369701215
-302.768824397	-68.7781506989	1.24011537501
15.7957486901	-87.4540203421	11.862499908
12.9832451529	306.058086623	16.2511193575
-231.38314594	234.860865742	13.6646824435
255.820935122	258.418175089	9.46442664187
-255.568050949	-21.2444602035	18.842706641
-191.253228326	37.8106192287	14.1523475348
-303.894532106	-30.3960193872	13.2174256882
246.696689259	119.647859762	5.4874064856
185.414501072	-183.359178148	-5.2040375762
112.673061785	-296.944023771	3.83862008127
-40.4205055286	-232.764074291	15.7078292883
-306.156906689	349.407888694	25.5362827037
-28.6303582832	52.9630492555	-3.18656081831
-11.0515317631	-206.85366896	30.7972652345
-149.46093946	214.093456708	-12.2025545524
-154.24613646	104.937007364	-11.3029053624
171.934344222	-157.565729947	-7.011917145
161.164972879	47.3500733372	3.05414529149
275.31909503	-74.3800051736	1.91176226119
63.5972162987	276.174367578	-0.870837366971
254.720888788	175.384919273	13.4924555637
327.608188188	-319.977265283	1.51944971192
-290.204734278	-64.0345353093	6.83317116223
279.734814734	346.744676184	7.74370325231
-74.1629155747	71.453948038	3.45911929809
-195.301387862	-68.0530894994	4.22777213114
-277.201272024	-346.485164172	-0.407954475446
-133.37519159	159.494245116	4.66232351261
-289.03803568	-55.4423322146	3.50685913548
291.001853609	-40.3975110662	5.28338460745
-40.1135539731	162.785734537	-2.53600878907
-73.6135697229	-288.262634638	-19.0137477771
246.151748226	244.67442596	-11.1147972039
-212.982120948	-193.731021613	13.2763441072
-353.31823467	-258.911761678	-10.5504978027
129.500420393	-170.205262321	3.32769259114
234.849945392	292.610478398	-2.90227176718
-0.0881847609067	-49.9063721963	-0.938595498458
245.717677468	202.423880041	-2.65298575008
103.507965434	-315.707072421	0.107187816885
59.2853911207	10.9534988256	2.96290834204
227.916109174	354.410621002	-0.178403503957
366.480808963	127.710329765	9.97629792005
-264.27192622	153.732210644	0.922685718281
181.503871931	-317.203136726	-6.11280471231
51.9682569029	-357.463916702	-13.9212082265
306.894887413	-221.794418742	0.378924703093
-226.379165113	-45.5499207731	2.40685044491
-227.401535923	-7.61129248024	17.4686355512
153.884862173	107.795411261	4.235377001
220.489917203	-334.406666266	-4.57148100692
-57.6027498068	156.71289154	0.168565825181
51.2414841538	-109.981079177	4.500111812
54.8853413296	351.919421703	-0.878705284502
-299.390885015	-84.8646039065	2.45683119803
-188.003778265	71.8915372631	12.3507064087
339.692937781	219.357059941	-6.93925153335
-355.318556136	-366.093518606	-2.58596048229
226.929999169	264.769378394	11.7462520462
304.30870375	67.5815777363	2.48794065128
-238.319558161	277.490756543	15.0978875049
-67.0084542746	-103.926054779	2.32842377925
127.426173814	-304.325463672	4.18823339352
347.872147905	-183.4874337	-0.813313771563
-238.879753444	131.482710644	10.5999718068
169.963534383	-308.809934198	-6.15051309744
121.185932776	46.3982740824	-0.820221234646
220.60212991	292.812039117	0.993168915974
-293.597482907	296.666694523	29.2247221568
-324.267221979	62.0068598245	4.7306281189
-216.887716794	161.856073552	-1.06531617737
307.244118293	120.999486877	15.044871589
-273.403036427	-113.417748497	-5.67583600285
-269.531547187	-29.5427940691	-6.3193033629
259.144018594	103.276352708	-0.129334390087
129.654203823	301.655401999	-4.95535786812
287.050452343	54.219630213	5.33132191908
190.466858225	-30.9742377157	-1.23816030227
199.543112866	-260.255887047	11.3896999436
-126.140555808	190.914112017	4.31608574445
277.434013414	68.4843823261	4.74725367697
-53.8350864957	315.940804348	30.9121403573
111.757935622	-66.815021773	-1.81062945692
316.866249714	-193.102772695	1.00720045861
338.515430006	-118.287736915	-0.0219919493587
-223.27944072	137.518456459	7.471756425
189.876518607	-236.173915391	16.9685628327
224.34284264	140.961201357	-13.4805516585
-273.29105307	239.497499766	10.6453744234
-195.139681108	246.093285625	9.1479041768
276.008039383	-167.07422863	-4.4616664227
-120.384991667	-182.264829551	-2.37827642045
132.126058343	-79.54035269	1.1667078963
35.1803384333	201.444683655	4.41705778688
63.7813130764	-324.802522047	22.301560748
-324.31768145	348.216799203	9.54273329865
-266.431789099	-48.8013598791	10.7201575427
225.089578887	165.0251319	9.40142774902
141.007608374	-248.756748086	-4.88392337205
132.507640182	-356.509367746	-11.8032023804
3.36721657033	-229.428509155	3.4091683212
-246.862704699	-281.902230608	1.26345747682
-250.226967718	-271.258647239	-6.38321629314
109.31146716	-5.06855918828	1.54485779978
245.509257367	-125.443782274	5.79678178161
-165.902217884	2.98020352296	-7.42574751831
-335.85628466	249.600717212	-4.26007603705
-6.83388775511	236.812556335	8.29860874454
-184.612550675	-260.320505844	11.0144572243
-18.3584132875	31.6927747496	-4.8362665463
-191.402352806	-320.797319851	3.93245747908
82.5914838071	-54.0825089617	4.24216267976
-114.365777324	-124.447901667	5.44484343586
205.037171286	-351.731120612	-0.0336521821964
279.957711921	222.237406996	9.53691270279
-181.548125816	296.398389	15.3000321517
323.849013903	-267.946103836	6.30467648731
-33.3814894337	-54.5070976758	16.3944472513
-266.689577361	108.857985893	6.7989485069
274.076881504	184.984534578	7.68030883074
-48.2952420333	-118.345297173	16.0889957189
201.121278836	18.9491739149	7.50870487669
352.796231575	-285.847949289	-2.30080165809
-209.668062687	103.190315404	0.0387239998887
-143.569806953	101.037307141	5.56909941125
181.264576601	-50.9318829014	3.66659433193
19.4550003843	124.25010206	4.17595677552
-60.7754258058	347.096910177	22.4772550941
-349.851831006	191.205706134	4.83071903184
-284.295626462	22.5900408266	19.3861956879
-337.795411248	220.411423101	14.2565726594
221.705846624	47.0160126132	1.09765199476
272.351877723	257.643413558	3.51468375816
122.220508874	-154.833885364	1.5379884057
257.507594301	269.478415926	-0.0417787509631
-366.349068196	3.85863228905	3.40725440975
-270.754428725	88.1295254015	13.56278819
159.154669241	-108.513960235	0.083097479474
211.131731899	-155.344855177	-1.15560013556
-103.214266119	-247.453981136	12.559571299
310.539489235	-238.588885405	3.2182194296
-43.7805626537	-86.4627018794	12.0659026844
-155.507189394	167.242141056	-4.53886545202
-166.249633391	290.608020122	24.0915947008
-355.819968028	197.462665558	7.46118088645
321.801728005	26.5234614723	8.58873392119
-164.922155026	-155.054851915	5.15611633454
241.532347092	55.7549973389	-4.56910466158
-79.0226569915	-293.222815347	-16.1817619514
-10.2650711744	316.678492014	-1.83130337168
-91.9177510545	306.833066612	27.174431593
332.073738978	-89.2808637907	13.7370164561
-174.340399135	1.11744304191	-9.78787709027
262.405902599	251.790742774	3.71571433834
-294.252041601	17.3541376383	5.33870493513
246.180274631	-194.129156601	6.52616810552
155.150721434	131.530569597	-6.97217004148
54.8042865785	-128.442255372	-4.8611077521
353.752449596	-317.976702244	9.28961412478
-274.091335104	273.90516875	11.8820102945
-31.6981724077	351.247241747	7.37433591929
-152.335932458	-187.656275901	-1.37366997588
-129.283955075	-362.638332785	-6.2195429181
180.695094044	92.1941629317	5.41760091476
-332.781792485	-88.5243292151	8.59891355523
179.182225508	25.2408714839	-0.606169051298
118.243128638	10.9240300019	6.29835749805
107.026732289	-103.98647418	8.41838583364
-47.3150825418	68.4536106417	7.27911921091
3.86420444111	142.758623687	8.28473409638
24.7012642205	88.4115890509	-10.3188756175
13.3943780345	119.558477524	2.91526008846
366.348014947	80.0213571809	-13.804516617
259.522357723	-229.391214559	8.15458617357
-350.059946513	209.526004716	9.29927320605
229.091687765	69.3058857015	8.25444643186
2.72561137405	-23.4538490643	9.02918269753
-354.097776465	238.538243583	16.3224101379
329.082826943	-210.253665495	4.56378085705
-340.559423213	-66.8209498161	-3.91660204229
217.235704881	-89.7195320206	1.81393802677
46.6386653919	106.177925688	-5.05346834127
-13.364762135	-221.949139867	12.5786038153
-311.17847795	269.477509536	0.313974229598
332.278239967	348.089436254	16.9674648848
-10.1659591641	-294.165664501	-3.54102900686
12.2508551558	195.20903183	-0.346406452548
-124.524898141	341.6493109	7.90616045095
201.343086455	-155.953653926	2.51674839507
-240.225490121	-236.959145904	1.30931630121
-119.198195695	-163.048956646	-0.479766028243
2.19742571252	74.2383591713	9.64999184916
-41.785668233	-360.832515868	-4.18282517324
216.371005163	-257.283820281	-3.46068664189
-247.767055561	279.375431895	13.5962446905
-198.405150741	-103.089216142	-5.54316005123
-5.30725169618	57.3729868893	-8.75839114422
-236.144008865	267.299242203	13.9282757117
149.998423654	-311.574497387	6.07042632262
-244.737911037	-320.912235576	-6.00402359725
-298.849065527	259.233529002	-5.35238883102
-359.744733096	-237.625334988	-16.5772485872
267.409417535	285.582390658	0.955087503519
170.956711813	-253.107450575	-5.71267016847
8.19214528208	-72.8453149052	4.99345918844
-147.352161635	226.088492044	5.69234049148
280.822054725	-277.813005158	-4.00686796592
135.168564332	-135.183131251	1.85585221142
53.4243931813	268.618865285	6.97152318783
-21.9542332307	256.255200943	12.1399529484
-358.691121492	133.577552912	-7.72384744205
216.745440151	273.810940434	20.8696047504
249.211800187	133.726003724	1.64412951194
113.843503778	184.566022371	5.79820754185
326.563916188	20.5916205432	-1.42890854346
-299.084701503	100.015769495	-4.76963973114
75.5717095572	73.2720564819	-3.66621640378
-224.954764121	-292.831167529	2.1747883406
-187.55377222	-138.077873656	-4.08925368359
-219.257837943	-338.744403412	-3.83689483771
43.9541168181	295.083288493	3.83530208195
-138.926529686	-291.978177575	-1.20979548389
-10.6538487672	2.7930526358	5.31130783756
-186.747035404	-220.821087458	-7.67172228213
-354.63971126	123.730964708	13.8187920513
200.970513846	-133.673649498	9.59972764779
-138.693698511	127.355561967	2.00841776396
-169.95214039	-122.991783157	2.87759204963
24.8040327954	148.421664891	8.13921796233
-279.380364655	256.16608244	-3.87375126528
61.0866148854	310.269965436	3.5062307767
92.8188923311	-121.041768911	3.80630172419
261.197514187	-122.910339029	2.1952271611
-307.512079553	163.597492266	8.90787165554
-308.47638987	-148.726617194	2.94246687757
-37.7513996598	-12.5369903872	6.2867354658
-191.072633406	-338.105887407	-0.821437209497
124.298349801	224.817174512	0.431134147276
143.384634973	-298.493301294	2.62409974569
-190.808593193	219.362863286	4.04415188003
71.0001781392	-115.128375705	0.559545211989
314.605515264	-252.634981952	9.72672393067
-162.66568363	-27.3693983668	-15.0288710528
-55.4692695273	341.344178544	3.93415564023
-190.748616639	92.2215706684	1.14726091328
170.273761958	122.943113336	3.45827517224
259.22183439	364.46211442	7.68244388468
-88.6221039694	-159.573195708	-8.81452917078
-287.693561737	17.2781511093	-15.9812997046
168.737075147	353.15810361	20.4715499519
-195.043602018	-283.282820647	2.90688556398
-209.12148894	233.198909271	10.2859679001
318.712276799	-9.10988297482	5.24057828913
132.127362528	-168.141619429	3.31436907022
282.573698633	-364.048779769	-9.86848266305
-30.2845858562	310.510177069	12.9890228742
-342.45388364	254.545883151	1.2502260901
-150.656889356	148.212230181	-6.87425043026
-235.101052294	204.49765001	-3.63063999553
303.464171768	-83.879862279	-0.393875915417
-209.436685587	246.189620534	3.54304147006
-160.314010603	305.257579785	19.8040822982
-79.3309641857	-338.209004134	-4.92389029118
77.1229223503	-314.200728905	4.6453027861
-329.509450973	-165.680645473	2.27883546436
303.607903802	70.6429455491	21.7133154753
345.204451922	205.618941153	3.23321880153
-259.147200752	101.17141481	-1.37585502625
-294.98045785	254.887415801	-2.43051074831
-263.020266717	280.69869467	19.8594281353
-2.10741720516	-68.0152513366	0.544723138923
-20.7687599753	308.945548712	3.5740703415
-240.125635074	-292.531024035	0.929556349751
166.899270084	-54.9901557404	6.0828400992
-332.041258841	-340.800834414	0.424154516298
-249.424351022	267.203196818	19.6116326549
-293.15353133	170.769207893	6.2885318367
-88.3709523258	187.878766232	11.1038504717
-149.267026558	194.534799662	21.1263507035
-118.200520686	-266.783818311	15.4271783497
113.531749168	-338.719918667	2.8958211786
115.690964971	171.766050259	12.2045508714
-235.434831549	-77.9299044035	13.4664291251
270.277500937	330.846701641	10.5429030436
328.009919554	-188.068152814	3.67267465697
-90.4050933828	142.537247465	14.2361774736
-288.390029009	100.05458865	1.64164520984
-343.132664853	43.0702317314	-4.45124824894
314.038431824	209.204083976	5.89787153319
-168.228444725	344.283842109	-2.47103523998
348.860248039	72.3138979666	-4.43752070514
-119.283229095	358.810614802	13.5293924228
270.277404024	-98.7301003652	7.02862239985
-245.83026022	187.788179521	0.241695365792
57.2276749935	190.360379184	-1.32372657889
293.295351015	185.457944231	2.4798453068
-133.944087003	-147.658996311	3.75919510352
47.6609277831	-37.7095798527	17.2202365802
-297.12526758	-325.175674049	1.50612275681
-172.609126988	160.91908609	11.0776566631
190.929427734	-258.186012063	0.009031245582
-306.895870329	-328.171231187	-4.20621686501
-177.116088678	-157.444785122	-1.53488305498
-155.416408799	-216.933196722	9.48230766143
