384.013941632	235.989780513	-8.18948443288
206.729440045	302.710190585	16.2307321712
33.3667477983	413.765334182	8.21290531073
87.1418490061	-245.07095309	1.55518570198
123.224358985	-275.285761589	3.05239317963
416.926644936	320.514315898	8.76697631803
-7.0784070773	-260.019494079	15.2183757144
-187.304178752	280.481200957	4.88173576192
98.9707258536	100.079365927	10.6730987996
365.097089954	87.5721945526	0.380149930915
-218.037609621	-125.898554133	11.9663178857
229.69021686	-109.564291733	5.89086774517
193.495516167	306.76213317	8.18361088747
-222.149284371	-131.47678624	8.48279338767
63.0523829441	-209.269527445	6.9837155747
249.084000529	36.6346350642	6.05358718782
396.160856114	-97.7039942549	1.29314304315
193.47197478	314.516553108	0.575587586063
-121.372923021	157.907548653	0.821819354466
-45.8046473488	69.4008731506	0.492570560017
-252.765470918	-56.7142715304	2.27979464587
311.411102645	-103.155116492	-3.46402550146
-5.54778684062	-123.577259498	6.82552277205
-224.079792048	18.0434895906	-4.81434514002
-237.971318929	345.071981957	10.0638524824
374.691654533	431.634121239	35.8461540762
247.850322103	215.725457367	-5.16840108096
-55.0288569739	449.425763738	13.2371279649
-66.284992875	-3.78660879431	5.38878056197
-278.345747188	-216.10313108	3.16982662644
-191.910046502	63.3489802776	10.3018642857
-241.181536977	-128.00770627	3.50616694013
285.824496588	307.467753681	0.973279938286
345.352140531	233.649610417	10.3095227503
244.471403133	291.945798023	-1.52964442041
52.2471432879	159.482666932	-1.09075383191
326.635076999	-280.482227106	4.96466733974
-133.641383656	279.967384235	12.8863864216
379.126033792	6.85876370831	11.4622573293
444.640268912	-117.723432497	13.6869817684
66.8906876946	-9.46089813639	4.99668370305
425.781049135	-196.487330403	8.8272293444
329.856342415	-158.568491818	-12.0937421343
282.388545311	220.404839041	3.4183812195
322.401440744	8.166921778	3.37414031513
-45.8078938832	471.482945919	17.4213766663
444.857179634	16.4663631591	10.9845244549
103.476168453	69.6458290909	-2.05376893777
-141.254909121	310.560762121	-6.60052018009
418.527056436	-95.9324169589	4.71060176332
419.27980361	176.837408077	-1.80068432485
-9.39496248257	-106.987805033	1.27143830204
44.9430159009	299.73967418	3.65986812052
221.33327529	92.1181354863	-0.748723434001
244.662466776	-28.9182889698	-1.37539891296
271.811909878	255.258984229	-8.24585765818
396.045750154	381.574678854	28.0088695035
417.362723189	105.769428666	-5.82236915956
-261.177143875	-280.20953032	5.5946227134
-4.72723348641	322.271136501	4.20197090074
56.5236173644	-5.39854116872	-5.61661862866
-201.836258728	-237.182492339	2.19920131774
115.378060885	180.291759167	6.41989515936
-230.232925994	456.333246037	9.57736408886
-149.041451733	352.275682272	3.10715251644
246.148323937	128.05487153	3.16662694845
273.963537035	383.002740175	19.4196567871
-12.4780372765	409.050133009	15.4123434386
33.2774569888	137.298048297	-1.77648838094
-141.115071688	97.071701676	2.65330215948
302.743589747	306.264834107	8.53378108311
-159.678340984	182.650783374	9.90592519942
71.4656420489	-297.105850203	3.05393730234
-197.017691569	191.721579454	0.404426900418
-208.542562347	-49.9832610863	14.7520563013
326.287600661	395.135394316	30.7558197529
243.283858816	-72.568837512	-2.38223022924
390.249367519	3.81111897601	10.3736658975
-87.1501677538	294.901876127	1.03533310088
-57.6021961576	-6.76157523358	-5.88146693209
-30.8661699312	386.336110328	5.18669091342
-16.1015485439	-264.647446166	14.0033803495
-177.968364721	478.849385457	-1.03588449999
396.413352871	-130.060142101	7.59766897307
-83.2096501273	-130.713219771	2.7275393698
470.52695653	-249.569215856	-1.37072730586
-25.1078303743	181.195372216	2.12385141941
-144.678023748	188.833326516	5.5708594404
449.1666248	351.217415911	24.6909425401
211.51332937	-70.6923717235	5.80971378005
295.827265661	-105.283384171	4.45158295701
409.488671187	183.567511813	7.74660241249
45.3957376701	65.9094788297	1.20891845549
422.293671235	375.150395237	29.0413502335
83.5888801201	366.524814833	8.77324727721
398.964927858	-70.0837853202	-6.4044977322
-38.2018149328	-171.895473813	8.20031157366
367.707204515	-170.135357907	1.60981996377
-89.9883269479	334.910925671	0.59783396672
-287.043467263	359.341851914	2.08895513086
-147.774896567	-122.626345249	3.94031056927
59.2191857629	-8.52213724589	3.04522703909
90.6075000695	-119.109829484	9.54511591784
-163.413941753	-152.969635386	12.320352119
416.358887026	109.357362323	-6.93552397434
223.583027083	-58.7844751722	1.44945874389
-63.8498744444	-124.145888512	5.11695806982
229.483872323	357.108622354	28.2230774222
457.282888161	233.952664815	11.2696285919
-156.99396442	255.877697049	4.50763250905
472.617850351	-26.6229626606	-7.94615593054
59.2471253517	-186.911392574	0.858477271915
-229.721665889	147.753102811	4.93236960098
-135.256860639	-214.226285695	16.8947300821
-236.986931583	-142.726819166	5.34710024221
-20.9230580132	21.3393678935	8.15855207167
-15.0144142004	-84.9950646077	6.5833937101
395.993083235	259.881251118	-8.45303952093
460.808289689	-82.1787295282	-11.1584831884
213.870011741	-113.646998345	0.893889092541
-52.5226045373	154.353404555	3.73615351926
-233.058070423	439.707109459	10.4700292854
407.000181992	271.076829947	17.805729581
421.048193488	446.646981563	51.6883326623
11.6630934072	-141.775887729	3.46590776653
-126.882337155	386.348564083	-4.88988055554
57.2357385811	-113.079014018	-3.62195393504
246.185454659	395.000134764	15.7995635463
20.7366397752	-172.848594481	-2.65382558477
-283.642658464	255.593479819	-0.770811141711
-120.020613915	312.244716015	3.83592677981
425.190353534	414.206587117	32.2188104457
-138.253889372	-88.5360881198	7.47350420808
447.351325343	323.334691751	26.8160284669
6.39641913444	-292.299913177	1.10378475012
58.7720409724	396.487422577	-0.299933315878
-238.305275634	47.9786909341	12.1195242899
-242.907584737	20.2463204122	14.8857927527
419.428491319	8.24008625975	3.12864326538
-114.433190788	-206.83051499	11.8759685956
128.618774809	463.734643273	-0.381568843631
-143.176941902	-56.1363069532	-3.54926944967
-168.546743456	-74.3928035973	0.596910653788
415.468476104	-32.3828119273	1.95799807833
211.018130902	408.412125198	13.6632851055
-48.2340265385	363.638642746	13.8830791721
191.096438086	389.004125766	9.05042819333
216.98494096	475.155457434	11.8682101735
-248.960383367	-286.478203926	4.69859556759
350.098164671	-288.762129295	-4.37166980397
471.968507884	450.262483502	48.1528894942
277.531937528	385.454072938	9.19106842285
85.7034786675	195.776345103	2.35090833832
-225.073336875	115.751148861	1.16911509579
399.045113025	262.787426294	-0.216647444185
105.840161186	-299.218127874	1.53256678748
398.115551712	-193.253666032	-5.51620039577
-126.399354707	476.148289107	-4.92086743083
56.2605477983	-156.158756834	1.72667121929
-108.439658768	92.1905935141	-4.85060850002
88.9533340308	-97.6258033589	4.35451192792
279.778329586	339.488467392	23.3217305405
-286.976630279	322.867517497	3.10134337725
-137.228094512	353.927426734	-6.45789832303
10.6739892464	-174.447728819	9.00763721747
268.91492741	-285.786232994	-4.9851266779
433.254452645	0.384630412086	8.41496727457
133.497478616	-192.020211166	3.41227487989
-281.506592094	-50.2233235519	8.51464877012
-183.197037359	-107.296388497	0.677573478929
-149.205983611	-246.086698304	12.395711454
-173.441887041	-185.069093222	20.9164387971
390.778957509	-52.1538280715	1.99474692567
-46.8121325069	461.144070391	-3.70213269737
215.60496783	345.043169849	20.42159448
280.657732486	415.721320267	25.5125386067
259.873732352	-173.97728239	4.22818610039
209.210317427	275.508292287	7.50994254287
374.916196122	172.517418251	8.73838991954
412.114783969	148.706863005	5.69573187707
-33.9722041969	-262.94366197	6.36664248896
-245.353769731	271.625874571	2.48114654349
52.310756867	-109.374107487	0.28394425141
104.330853467	4.31669413604	-1.46224923335
-127.389985297	443.468419826	13.95072539
332.809904392	-105.236851131	-14.1668309044
301.057487831	152.909901045	9.41369352906
-163.114519563	390.296641865	7.53691757314
375.558946159	31.3225748676	6.13686578364
417.980722359	-38.1947069887	-8.98929075681
98.9356775851	433.40674619	9.92870623661
39.2273707046	-85.5933028653	-6.27422147699
94.3884774418	304.094353365	5.89589625731
-120.973826226	282.566844413	15.1722924755
151.86302859	72.4027105505	-2.64852734103
-14.7945158349	28.476633191	-10.1152066091
456.293400098	388.714705477	39.1705661674
333.107148372	-246.359412161	0.754085487827
387.38353883	-136.653228166	-12.9673280834
308.560139205	171.760075231	-1.30450818146
-127.002834282	126.277356983	1.9693563767
300.985176572	-249.927051906	9.08494867942
1.45478433677	-63.951164971	1.8986581816
419.982517316	255.247583022	7.27650660288
245.639461742	-4.42182105604	2.14234855485
177.817352343	78.0061114437	1.6794198952
359.142716141	374.363347658	21.1558332975
436.28385384	-60.5888134472	3.42041771001
118.387272252	118.880273328	2.92478061275
-141.413637923	340.63571114	-3.91977912759
-148.625694781	189.716843459	8.79141515933
-91.3661107879	-62.5278788181	10.4297639914
-2.07573067371	180.513263045	6.10986656823
-222.411846518	323.596678799	-1.82072483314
-276.295580034	-202.132150149	17.2755429357
18.2406640944	80.9402049337	8.98936977742
232.106303549	279.010576962	12.3562549801
179.013855386	-199.401711737	5.1763032001
-78.1190439829	4.07104003457	1.94526677945
-2.27395429619	93.8630804643	12.1582258778
459.823747382	174.342582738	1.59702388909
-228.695765064	-222.781925529	2.47002834094
280.7510663	216.159742889	11.7459578429
-96.7757790012	312.388610237	0.210011505751
384.146683895	84.6315325221	5.33598802371
191.901173603	412.916119111	14.171502464
180.79941988	357.934724727	17.579200952
165.3444675	3.01921132292	-0.0687884879191
100.317621474	-127.072427392	4.9239566763
321.690899604	-139.179577554	-9.56513506037
368.358744919	-133.754416838	-5.15330265568
14.9966777516	166.034793354	-2.57091425817
126.01358362	224.569197219	3.71998715708
-231.209542822	322.668379785	2.35102856443
-24.4973787387	77.1392601443	6.04169899267
154.609194661	-245.22203045	-0.69811132144
-39.8605382083	173.600314661	6.66302061223
154.109761869	-53.8247354876	0.898029565122
224.996826083	-155.723751848	2.07432767694
-293.295870461	-224.450075317	3.69246906445
359.153288663	84.0698228488	-2.90306573324
474.923687494	271.1450534	0.178489966438
91.30697364	253.205154935	-0.7127305843
-283.148011215	290.972677175	-1.85303382645
-96.0603814807	416.164346607	17.8373118617
-129.796312732	-249.043910625	14.7035516678
59.9804529339	21.8319141042	5.56196564269
44.9252169791	-160.147544688	-4.55910414646
471.97819207	-79.1927248456	-0.798411383382
23.5832818557	-149.640406203	2.30134766801
-171.547338574	107.558920971	4.04447223016
472.934335989	323.212309448	32.0905573538
-68.3855634518	247.8293754	-0.411701218162
441.611457447	52.3872371486	-4.32974669424
-237.831846367	364.835510932	9.48551322653
-272.711614107	221.330866684	-5.13666402442
-221.191298539	390.002014319	-1.57312491794
-99.6634199158	-122.651123387	13.509879607
-155.880576325	207.529046099	1.25319116873
272.765859845	442.481334281	14.8487426156
375.2499793	-239.168879172	0.172998323054
340.037632462	474.915600539	45.2279196107
-184.216589284	255.843452705	2.77148214203
-283.271601056	-85.753603759	1.17431825817
246.971829506	-5.55961162748	0.77868269333
321.987988099	346.444108807	18.6197794179
386.88349304	417.333103388	29.0196374382
-34.9963351725	-83.1834993433	11.9746463281
35.107445536	-58.0962923539	1.17540909868
315.694026548	245.610342486	8.63311407083
65.2395281853	-243.066946339	-0.174507880565
146.358780151	206.806501825	2.5000957358
376.929352968	-29.1182386747	-2.22014186884
-95.5505119422	377.803460553	-7.37118976722
-174.148430014	230.949010607	10.5043241573
446.748314706	46.6961668932	-13.9924983818
332.256799981	195.785246943	3.35212858871
453.499376986	294.656528552	-6.23259859601
-29.7979090439	24.6900515377	4.16514211637
326.578140433	196.575573446	11.6684229668
210.976981452	-41.0686874182	1.49833862379
-11.4803138539	-254.072331882	15.4051873886
-199.005064847	339.934405836	9.55756089708
133.204083364	-261.205601702	2.69613277002
-185.067306778	-230.736947793	0.82133816449
223.289527249	7.84525243122	-0.219756838922
133.71380779	-180.289746363	3.19763111283
-104.029064571	-113.884726364	14.564936285
471.657993078	91.8345434792	14.1287900505
-252.940760117	159.993104203	1.73392594318
-118.074016209	307.531259133	4.88127766609
415.974222968	-168.821238676	14.4392499344
-47.1486405375	104.609585215	1.9352841933
-254.234491193	12.3411489492	2.92980202833
125.647462882	385.14005854	1.10839647567
-42.7500782662	249.004287216	2.31832308866
-153.955508525	419.056084684	0.362518659664
214.245459879	-237.422765258	1.11105674715
-84.255587504	-77.8080061618	2.75551164114
11.7983653594	12.8442527495	3.79803640516
379.935846389	257.751748126	1.82063466903
-204.939556373	294.937536313	6.3114913706
291.897323234	10.1416186744	12.4485068367
-84.3887860976	-91.8675170973	5.79703820571
-202.348582288	461.18705203	4.24899048097
206.402221316	303.586683654	15.0138886695
-158.772518595	294.967317901	12.2233080765
-172.158915625	339.574794232	2.34495050509
330.405890761	-32.792391587	0.149128193932
90.4990562561	-48.6525700075	-1.28247134799
360.148110647	-172.607601134	-3.53311219332
327.702240003	442.76865245	29.2305639239
196.741950912	-3.62465786438	2.72109236995
-284.339885268	447.552534625	3.67161470237
-186.832283135	-161.251236683	17.9807178822
367.920899329	-201.591333675	-1.06582978539
-70.0219292697	57.2134545653	5.0606690204
436.882178865	340.135997557	26.3828947356
10.4816553139	105.735386984	10.0083426338
-61.8125185013	-53.3003630898	-4.38692296575
-119.961635915	108.633050792	1.38488477501
198.662084643	286.373986982	9.2264555294
460.099490232	340.102096529	27.6675249659
290.047167065	242.796668604	0.195012721523
141.692802787	286.656944286	11.6832034111
-220.72720003	70.0005389551	-0.840933062216
-19.9931584777	379.223930736	3.42117293191
41.2425168494	431.27015176	2.00069130433
46.4216761114	313.490837164	10.7793129228
358.140554368	-193.464380204	9.29036641928
430.089922671	-50.1363940892	-1.46493198191
129.800575684	246.187628911	-1.6190184657
196.563407854	402.637878192	10.0736186786
-28.2440284214	-262.948622398	13.662223965
87.2874592946	80.7368472457	2.37356637371
59.604566826	170.163112125	2.38168456761
299.917944393	80.5756066657	-1.5883588807
-8.68178184743	232.231443062	-3.05022100845
312.674872271	-219.675968409	0.363628063066
-273.092281206	-41.6969179309	11.8489725581
328.529769605	-33.7885677131	-3.34734642936
33.8093261677	248.732025094	6.21670051356
468.058577102	473.970085237	57.593022163
82.5801586382	-195.954607443	4.57470826137
-299.835083258	-291.26315055	5.86396302176
475.655806225	76.5549826008	4.19804201719
272.190223026	-294.0667412	4.51360864108
-146.839655885	-193.043711575	12.6908828347
117.79596429	-109.93769983	-10.3668818077
-182.534383838	423.971794584	-3.38015273319
452.798192996	89.1408129068	-4.77552448394
149.09772527	-77.6554769738	-1.63414035659
330.257150806	227.752127848	-11.2993049552
-160.888482523	479.3955787	6.53594169547
35.8911637508	91.8992302373	6.79066473518
365.750868056	-61.6787250663	8.56866893034
-276.511517142	-187.062691153	-3.55743492302
52.8158847538	426.816998856	3.91459139918
104.159492185	102.358241064	-3.42556542332
-147.954302609	322.460158519	-4.32293821683
466.782710069	353.668318867	32.9455693707
454.504075479	152.55159728	14.3053729901
326.612860773	104.501595792	-2.07035670909
-125.252801258	395.302112145	-7.4823301868
289.04475394	286.902712459	21.3456426445
-167.274122963	403.426338161	10.2194487377
82.219560256	29.1990521311	1.70207726833
-54.4547592177	351.805422218	4.06596378538
-43.0366906971	38.0135399106	0.0469070665482
50.982953119	442.817943806	-4.76513286671
90.7583450285	418.318444738	16.6739072205
461.390595446	407.955362964	43.308057738
451.395691938	356.997213774	35.6812392588
255.880099782	394.015987926	12.8004242151
226.788423411	59.9247343039	16.0226785302
-105.330839342	236.670197716	10.1298299373
-231.566730857	-34.6534491714	2.15446067195
47.8207256632	191.728029068	3.64246679009
365.019292434	-253.157491355	3.75291987621
-100.036489797	111.665720886	-3.25797759141
307.472455247	342.317937959	23.3853772891
303.701721218	-296.542772467	14.0415689103
-16.427711752	198.555571676	2.69459870394
278.612302361	-41.2271392551	-4.72918154514
-143.925681989	-141.556477798	3.46331075585
390.725349615	-1.78570996536	2.00745723302
-266.175183529	19.8443759248	3.18566341373
368.933462635	123.567235663	3.75819317516
279.770865257	302.400362952	9.35657317378
247.468967171	241.176511238	4.97760510133
413.187729531	-167.670541579	1.87441718094
16.5124622312	463.216149917	4.63289493191
-237.900467916	349.196745261	-3.54897491609
247.865664837	-155.644981272	8.34139468189
123.088465937	380.37390835	-3.13598164097
-12.25281878	-30.3890431415	-5.40920930663
475.200240398	-71.1687120448	-4.22969678981
221.649100827	209.0730015	2.4796019954
-163.581513979	-227.638389931	20.7316118755
236.376571861	184.226687705	9.37192288945
-91.1797711286	-210.932516319	12.4682371266
269.496198731	-234.872138615	1.03690696562
-147.625235144	298.407803917	1.59508472454
-213.924704612	368.308298497	-6.68692549167
363.251609845	48.0651104926	3.03233340535
-183.445218179	382.870302921	-10.2600798604
288.803225639	-100.067410469	-2.62212228456
-163.097409022	133.449869954	-2.59151535229
360.019037277	444.057989559	42.6823547179
465.876433916	-144.18936308	-4.02322717601
-101.119663924	362.600409897	7.69441699713
203.491482347	-235.978339905	-1.85681552117
-292.122058896	-231.979699853	9.04510393521
289.234796687	351.211900329	7.30608505686
-31.7366646691	-33.4564406708	12.6869435264
292.9149685	64.1799601784	3.03057675524
440.449337794	-164.93032072	-0.567270961312
167.341990058	-32.1507410184	1.86221190442
108.491516401	-283.111467517	5.08853927848
-67.0904685976	-77.5463094916	0.229521329696
469.090342765	348.68105502	32.4247287265
-40.038454854	141.716543555	-3.71257296676
175.735932289	476.566031749	2.5712864036
429.131505572	-291.52488202	11.5310716565
151.094350733	-22.8955397332	3.36248845802
181.242828525	-95.2793848591	0.658290157373
-273.94520843	153.950059358	8.53688638883
406.794724406	216.112509279	-0.975908443796
413.417709953	439.664471143	38.9768510167
33.2878529632	-4.84054378557	-6.30911858361
274.229294046	266.236340344	-0.89896335675
362.028487217	318.863196085	20.9255037142
273.98860004	475.646639507	26.3921172646
358.434622732	448.631227413	46.598234952
-263.49080434	115.155608512	9.15550891395
166.765039369	314.891912078	-9.45696568811
299.844990955	-103.582022051	9.59960173916
168.408160937	-38.3879898736	2.70314924703
164.470157909	392.469348652	-0.245942794136
-291.831916594	-140.228389374	-0.573255739971
-164.13638731	166.622501865	4.18805490133
248.788908886	307.103119818	7.99163005561
-10.8630993305	282.427681415	2.8376548771
130.558963393	21.7793366423	2.32551377851
-175.533513543	140.417971364	12.5818036007
-25.6643087323	-154.279954725	8.25930479051
378.586488959	328.028526173	28.375142849
341.297621413	79.8066777951	-0.235753453204
354.887452287	-283.867539702	7.11473778587
-281.876484664	-237.422240695	4.22668114448
349.951426922	295.434363065	0.275357581201
341.692843173	-177.669794211	-8.23233774347
37.2055558783	-172.833185241	3.13987095116
227.121321875	-193.216012029	-0.909899259056
-127.597389077	-43.5937939065	7.72098853639
-147.255926574	-230.62119571	15.427475371
-131.178430301	-103.723740758	13.5306662325
161.451094608	405.723845356	-1.390811886
-225.943461398	-182.105815489	-3.42374804757
208.384515445	-43.4723078759	5.23625765611
114.402801336	-258.76620064	3.10782917014
-166.460437569	-48.9971322135	1.43230527258
-95.0684270127	183.556061369	7.06929810388
428.483514397	177.421499172	13.7599200877
-128.293718692	-6.67515833992	4.49736802858
-77.2117007461	1.50820863076	7.92627869242
-255.575572304	-95.3614282678	3.81216986102
299.437138392	401.906235757	32.8654547767
-276.675751365	421.372850132	18.5232261598
-275.199623147	342.759199545	9.09252682669
342.353816523	-53.3119394804	-0.813734688005
-159.628611153	326.277445983	10.2798097009
412.285752724	423.727403569	41.025433617
235.20018314	-202.187553528	4.05975792989
-11.5767233942	-82.9911346166	1.59856229843
-88.2955156528	103.928550939	11.2610356599
-198.543490131	353.010916647	5.90889508884
-117.89947548	-76.2487646879	8.65093415772
-50.1253150056	-111.779982256	10.3230954222
-221.374742744	332.426559973	1.95979811268
67.6283679617	338.06342336	3.26488254067
1.9664833856	386.220218142	7.06886159294
-25.1729204795	257.346447085	2.99003573875
31.5242793978	287.677423956	-0.205072160114
245.627177801	-122.607265053	10.7520911725
374.043422447	232.499458323	-1.48496802609
-7.49267897236	378.811818424	7.58228290947
414.00370246	430.986943171	38.7901437596
-64.4571208452	134.193738362	-2.79127278223
-201.223616504	64.2637783277	7.1637573887
433.438819125	-239.52506267	-7.69317299896
465.573102275	131.337084857	5.15020746506
316.537190456	-274.313559882	18.7053614352
199.652879092	-186.90328635	-1.84258292447
427.258253955	-206.810840917	-9.85072734626
104.922526021	187.948144061	7.97600347769
-117.401631709	-199.964968085	15.4228435366
231.710766281	-153.005232007	1.7876700523
-44.4889608212	-263.361059977	18.1223638963
-146.663381304	-88.1875755228	0.189252587589
33.9968360038	-288.971659115	-5.36102691521
313.319283277	-83.8777871506	2.0622891095
135.30383323	238.702881467	8.9022668205
156.630472586	409.751420171	15.0424489797
296.913107676	-194.284349272	-0.324707547393
4.28207819646	402.863693571	5.74497874205
-35.6698476433	-203.611040044	9.71834293256
178.292915332	-279.533588597	2.30705215979
153.72699058	304.598385323	5.83456957971
367.910881667	-187.864117349	13.0855613572
349.321716814	-11.2304870679	7.37231397261
369.724178132	72.5405603319	4.61168876077
402.719923141	17.891056058	-5.07475034338
286.172397784	-50.1096272431	-2.96613320493
7.15741135622	-13.5655819888	0.288223644448
138.551234563	-209.519332609	5.60736810301
61.2225385364	-75.2432682611	-2.98016630391
192.963779519	267.166593451	4.11399392853
-5.58074262801	7.6593509262	-1.64381238348
213.237175213	445.20993668	16.4258764065
-177.5486635	-12.4354177558	1.75043230023
345.591718909	-63.8831439843	7.02130824698
409.693381502	-267.130564511	-0.269484930601
-48.2090087895	-50.1548234354	1.01853759012
28.9145314453	13.8364219559	8.89047213918
224.418949032	-250.820066764	-0.607077170933
256.867590643	-130.265707498	1.69014964437
159.91521828	-80.561023564	0.482798400553
221.723174727	473.257201505	12.5356268846
1.06723683386	404.313727322	11.4843232432
253.427211706	52.6830035613	8.30928642952
402.114323549	259.550294387	5.13501201038
259.453651346	-240.341881532	4.17407250998
-44.4385254774	15.6869434031	5.97607764295
246.469106669	-14.4916944269	2.29178643821
-217.941519991	383.94705127	-4.22000198278
-247.482830408	-180.56196184	10.8787210651
327.568233145	-60.0239880288	10.0545698524
445.407601403	-67.6158732832	4.32455023868
81.1795303091	-209.747046851	2.42634257193
251.748887027	-48.8376418142	2.77828511242
372.462627241	274.056916532	-0.644282632172
85.8140907496	354.219277608	9.50049133282
255.06108363	378.742122271	25.7849535969
271.230005005	401.81151008	11.1842188745
340.124856268	-268.337530019	13.8285873306
-265.767626702	67.1053475397	8.55800082528
151.186612587	-88.061474238	3.89130964106
-275.012486219	272.682284903	1.61450004518
-57.5309759169	419.8464593	9.7899264262
100.847126151	-184.496186437	0.996281595522
24.8848664414	468.654199225	-9.05740798374
304.866837132	13.2327470606	4.75897667177
225.010018649	463.917189412	12.2376409667
-151.873151383	43.9355262991	2.45001347647
-184.71808472	-148.279954177	2.7510933476
243.12550019	-97.5966980074	2.6939512586
218.743554046	-40.3259398442	6.05393527172
247.648940639	78.5423618619	5.13571578658
435.913645387	-293.312834764	9.62018637183
126.356786614	249.094620266	2.21554284089
59.5964502445	251.675039671	8.25916284837
-13.002042697	221.381446447	-2.97700695991
232.207974717	-144.11675979	2.72049345979
310.744127864	34.7503162262	7.70485687744
405.852095267	-54.9194180047	5.94417515803
-23.9015131339	-259.875244219	5.87153536809
65.981942226	457.06140553	-6.42745960403
-88.6813294063	63.3806019216	6.81181483307
278.193615363	415.882300979	31.4256426951
289.412457984	-258.098452119	11.4230225168
172.565261863	-219.343841107	-6.17739884762
112.04358778	-285.525853924	-0.911678112126
201.714552939	363.341319709	24.7679818689
-92.0481492614	142.666259989	-4.92334695077
279.199788681	428.501632708	6.81277198557
-235.40170666	370.276946728	5.23452024775
444.666998343	344.063183579	26.6219161392
-142.683423057	165.456163937	-0.732971645945
236.322121667	306.244066671	2.2766873015
-174.42975372	159.898313085	3.20628728719
155.967505523	129.84312756	7.53854983036
168.886635875	-68.6104789735	-2.28874736287
161.553794907	386.125158869	19.1635925864
-238.066350907	-36.6140646072	4.02234751691
-262.038445359	-295.5652453	9.79561071204
-28.9751961637	-64.5467337369	-4.93022165395
-123.135825999	441.442666329	18.9186076317
-140.883584002	182.213985465	6.58783877778
20.8313470443	77.2825759731	1.57298067905
-10.8742445327	-269.558374478	16.0517119129
169.362453352	174.114122687	4.17039699373
66.4840370443	357.842225375	4.63920262409
82.6567994771	27.1455543084	0.335226392925
256.035672806	332.147514144	3.20912165887
409.692794336	-60.7502593924	2.58411104283
-20.4198237551	30.119927475	11.7067094502
394.364006304	-254.762922798	0.961447509376
3.13305953445	-54.3620339363	14.8850877189
90.6570025289	383.297207652	16.2553050588
418.092591012	460.371537512	39.0014433601
116.885612819	202.000463256	3.84341994303
163.732267207	-209.850019883	6.51660294262
93.4801544222	325.463453884	-5.27138284309
-221.895763964	75.2004273393	5.14070872847
133.776418739	-13.6658319389	4.38053130945
-110.930521335	298.056233414	4.03437741349
-287.751741391	452.035401711	2.35098099733
-98.0420386183	-15.4041726776	4.18465913001
362.3474486	-77.8861060899	-2.76636558508
-199.632210214	-120.349857306	1.3192664466
238.968246952	82.9451006666	-0.546483278637
-244.448755631	-22.4650565917	-2.36921646172
-184.980580352	-176.733080934	24.4752087375
199.680452833	11.8540716009	-1.37129030072
85.5153263576	-279.40507853	0.807587421716
312.876981085	-114.869113687	-2.39946362264
60.0766790562	-256.124165499	-0.603026743717
116.949250672	-230.585105704	2.1918509743
-37.7379867778	-75.7664411137	14.8743570181
142.403633539	107.590289449	0.985317209427
198.713395641	28.5243164728	4.21618488706
74.0061715575	326.922246923	2.24058221773
429.876050904	252.909687825	15.0583501477
249.730821986	59.1889509797	5.76731898433
-38.1081583983	-166.809666477	3.58851307069
-191.896309504	342.306818284	12.0868303133
286.273202227	351.329075299	17.4253355983
-119.597530692	108.422435031	8.65958054917
475.458914455	-216.176818281	20.2337921503
-63.7701378427	65.6876743387	1.27818122152
277.913870955	-17.1116781195	-4.3633601932
231.125133849	-161.305536789	6.25186389178
370.266685686	77.0694220917	11.9863053898
149.840904587	153.770114344	9.56280129089
-205.613264533	-73.1639353526	-1.62315186279
239.249113063	211.554484699	5.39011102935
-118.945447424	273.710729324	13.5915981941
160.907692202	343.978193145	-3.34784715202
141.154387942	-228.470203816	2.55480985893
-180.985102324	359.039004505	-6.34744799668
296.093279935	-277.9311184	6.22920049127
-291.3320402	443.232936542	8.09250653412
350.930096478	-80.485753934	5.36504120137
-66.1240083905	118.369646942	-10.184573432
49.3020986099	172.555001489	2.70566505302
-15.8977552865	263.255522015	8.15983386926
221.856338911	87.1508657322	-0.782817350622
-149.511382698	468.118038237	-3.68214443348
396.15795313	476.544980127	45.3141685544
82.0514518185	387.346755285	10.9653953337
4.2245619927	170.82746712	0.844323171213
-295.542938426	-125.480226241	1.03535172184
-200.325721254	265.584559816	-1.87653598008
108.816902713	428.203648155	7.12632388647
217.959324412	115.582965979	2.3366045413
-15.2874421403	407.940564411	0.775531177834
-47.2346654242	53.1579192622	-5.68997746092
-190.31865514	393.479511157	-0.944649959366
415.801942762	-104.990624968	-6.97977154669
232.816057528	-52.9580049759	2.46142675719
184.021340291	-82.6475737348	7.2918978656
304.591416613	383.150906295	21.9437506588
437.995734458	-8.12308037522	-0.0344281689549
-248.078359918	55.3708285981	0.12525937356
-284.742813831	440.676215629	2.50703960446
-0.512313780112	220.667061814	6.16264074642
234.218363704	-96.176964539	-2.49419947587
312.106437735	-76.4566769556	1.9354161855
374.14771836	-258.751956628	-1.63088850783
-89.0742823855	37.6124712602	1.60131945062
244.262269056	220.837904731	-4.81068077014
208.529895464	232.295612418	-2.6120670418
303.221487318	-72.4632438073	-3.96225770955
407.779685123	362.222717707	28.1908616168
-207.225228331	-86.0216788468	3.97469689577
368.916966608	-183.82354843	4.26887354119
-275.869455231	403.090171688	10.9193767306
117.560296461	219.092573743	10.8652814366
313.547152701	447.703415662	35.6297389455
259.77551821	471.729971998	8.24005204197
-292.682284987	-129.126886074	9.2112126927
3.92259643329	-299.921522135	13.3889179148
39.4256548887	-151.805665563	3.52334364015
17.0369542845	-30.6762332511	-4.50220166955
301.75467802	189.359797118	10.4195455973
-130.275039076	337.790389703	0.0351480804152
-110.786239016	-215.770341648	12.1538894779
310.552218101	470.097633522	23.7067617158
335.243338269	406.008967898	32.9439358711
-131.303940467	56.9313227537	0.0742839503467
-2.38520093702	144.010179252	7.08254155251
-177.908767121	112.644534007	3.77707785659
227.836222254	-209.978934149	-3.26819917188
436.06929362	358.791757716	17.4575306875
14.2287662658	219.494067632	1.40867086297
112.884520218	130.871761902	1.19969333994
-61.3504472916	-27.7193162834	5.00312855069
149.394321673	27.6061808194	1.74621576647
93.0448358705	472.075466271	7.03886435335
-41.1658788613	439.59664667	4.53741148497
-103.779287683	-78.5675263003	-5.28842932926
-20.8108247099	368.751745057	2.22669698291
-122.034649477	472.541421097	0.263196184981
404.767073778	65.6306390294	-5.85147066824
-124.347796361	-8.68941622172	2.79850423697
-134.911609636	431.571650842	8.55278280057
159.218699012	-135.08869496	-2.50041907418
-86.6154929803	-131.953448916	9.02458231304
-149.299855783	314.359366487	1.80084794951
67.4032522877	280.805251198	9.02832813273
-193.674156535	171.813359141	5.45095541146
30.9711019364	22.7832709477	-2.12934350361
64.6699131134	95.8911154644	-0.175739867357
25.8915358918	111.730206499	2.40528553124
400.226888733	-254.677625638	12.7742971062
166.168140978	180.75200019	8.28532334232
-138.635659631	-49.0422696702	-3.27112496855
469.139710922	18.0917706745	-7.10131477402
-263.732053635	-20.548763076	9.38529324557
-215.007665525	46.8460204208	8.86474722843
-291.274860611	414.896048077	0.125720440939
-216.88543554	-202.434643957	16.6243504151
377.990667632	129.600610892	4.95084247349
63.095494858	344.942582903	16.144709791
2.68498916547	64.7157243736	8.11805308362
123.093601742	-204.449109897	3.77448881836
189.755717614	-254.741770288	2.31009159549
388.756333362	315.26347474	31.0642125303
-258.106717018	243.018500509	3.24271037137
367.021686708	-70.3087489179	10.6056190062
47.1693761509	-147.077078542	-3.23268466891
226.214940451	171.691188159	1.37418252018
263.172269463	470.334056866	25.0104552448
80.6441275833	293.106627416	13.4991711228
311.521849393	-154.38494438	2.6320363848
-148.752095459	164.965320609	6.71525818408
-49.9991612562	123.028166416	-5.67488216027
147.160341881	-291.843416914	2.57132464403
-71.6295183862	310.70786768	0.496357275068
318.174415971	-298.209712989	12.2988155427
115.832213609	317.308983331	0.390980427019
460.639028276	166.567370459	-1.10779189935
345.170177218	-15.9080054788	-6.56735917514
62.3168878229	357.337681183	15.681279298
13.4152596356	253.511170966	4.16187087887
-286.738192813	161.236654358	5.8383925447
-44.4054880735	101.4632591	8.47165542548
460.321507414	349.002928447	31.9019391654
92.5909351655	300.093297321	-2.65814710752
298.038597303	385.836756204	11.6950098962
45.7183908106	99.4694012357	-4.63373910484
114.350617742	404.973010655	-4.63328455092
473.057664009	-256.998771929	6.695984144
153.986497666	84.8924254553	9.68183529556
267.798668785	60.0663607052	0.0833341839028
-254.989608827	-88.3579300126	11.6948262646
384.082681743	-198.189386831	4.55254530341
135.756717017	47.7624734431	2.20302261235
292.474044755	313.6637206	9.11949105375
278.339705	308.133944085	-1.88746700595
54.3760274997	73.987873361	9.60528504629
-164.71554325	171.825705897	10.8523677652
-269.123326634	361.471780769	11.720283014
-135.752443204	244.389159768	2.00017297346
-128.824125411	-152.738580008	3.30419425239
-296.097600312	69.9893089399	13.1475951073
-67.4050660518	-79.6283747271	10.1796138353
58.344573974	-220.231096678	-0.69470454842
4.82993367925	344.738752336	6.95661903999
-126.741205468	243.847632457	1.96563714779
-126.413659965	-266.989001501	17.4403735088
-187.240301424	-31.7338089622	-0.0198731504254
419.640011951	-255.354100228	3.00428159571
-90.5949835556	290.032120894	-3.69562876732
-116.865230894	424.204309082	-5.58342875207
234.427122814	-142.582712494	0.580247775294
169.214010968	-196.692717832	-1.99213906026
300.470544866	401.187439288	19.9324496533
-65.0122501638	357.688524056	12.3836673152
197.161362549	377.437296788	9.2643890643
-109.765783078	225.763414486	10.9547755243
263.042993373	164.152381117	-1.33126091915
303.263591244	-84.0103095869	-1.57487366341
330.604529666	-252.584229033	-0.739645806275
234.25570315	439.474644436	18.2591295724
-286.351361871	-179.025381797	-0.385747404005
44.6682738762	87.4113262311	-4.75433938884
-275.656782792	456.175971343	7.57148770432
-236.018288082	112.450839998	2.44017956495
-219.729130226	225.61470427	5.3812968288
96.8194593176	-189.37531599	2.39551883607
349.984797547	-234.29044104	3.00795880041
-256.230451182	-247.220239113	10.0771741923
18.6869774533	69.9611665706	5.14741964857
-39.7271246353	410.955447523	-2.730759547
469.647261122	-270.049460856	13.2909347166
358.372154632	192.974483579	-12.4461863199
368.366835468	-268.428627868	8.24586127732
4.05648068157	-12.5332902366	-4.14741415071
255.775881462	78.4450260514	6.10487051059
73.3089375488	169.069722179	0.611728292533
-289.296436588	370.426504934	9.90353838831
-77.2214302093	-207.972324424	8.41134334409
76.4658146646	418.762493363	6.87836001853
107.693229323	286.544071304	-1.63106872575
467.676648247	138.388440537	9.88709906423
431.483045271	232.661518504	-7.17267121461
-44.0678384057	14.0685497116	-2.8886136317
-272.476248459	294.559825031	6.30224843104
215.02976356	90.9508785162	2.07373553791
16.1382890082	138.783714183	-3.23074323892
267.773041222	14.1519001848	-5.08965949688
-23.5169390381	-148.272906288	3.71999611252
456.192235175	202.98253078	6.89326942065
134.970259487	-174.123649288	3.9208789806
298.158237325	-82.583055252	-7.06207278418
-252.607578862	261.279445285	2.89675369204
-88.8103195868	-246.698261641	11.9563776686
391.942469373	110.326453967	3.9716819722
-77.2850600182	220.82972936	11.7985732924
363.191930615	-167.338086101	-5.93001748137
374.981898822	468.806523207	42.5471332798
180.127407191	-269.875036289	-0.481590035662
55.4049499903	341.744445186	3.2632300335
-106.840658633	455.194309691	-2.43726925952
122.12532659	-140.873050333	0.597273965463
419.058466601	107.318198258	4.64681163629
402.216269733	227.147824816	6.76485820378
33.4521558968	-113.129258976	15.3237772822
276.529109473	205.737384567	5.31780500037
202.905696092	308.329565316	18.9203795844
-276.788883936	476.072730642	8.12148066123
-236.50391524	-50.6255631902	-1.15896129927
210.701428039	-7.31221944695	3.69903529304
406.329833744	324.543794059	24.4866731748
239.34156747	131.039609797	6.4888260824
116.683919509	179.210902638	8.793558343
-176.039505732	310.737277866	-2.40195073435
392.030532726	-39.6032650718	-5.40056793435
183.326835196	416.265744305	28.5219297195
433.572612755	243.9062879	5.25339743842
299.051105353	-252.097460959	0.0396625285351
249.092560572	193.936733041	14.7290854802
-212.173933796	417.293852903	10.6471132727
-264.971802608	106.605847434	1.63359139978
-48.0402045631	25.4694142882	8.10342828984
-202.667711021	327.234872117	-4.20544798825
252.967841116	476.222813629	7.77001064805
-251.531026379	305.063008305	-1.52202491646
224.32731314	119.473947424	10.9130999619
309.030484342	409.328091053	24.9458136662
-68.667499315	288.449564361	4.53760419836
352.211595578	-294.876363465	8.95900765459
8.99357307694	83.8268707495	-0.0422999858912
-51.1439448926	447.808074333	1.61426475277
263.671802558	333.657512821	8.339068637
-148.728300739	85.9269993004	2.64026470009
51.9837034406	-129.222386433	13.6427558637
272.425734176	286.74416561	5.73031067679
161.056588806	282.522785376	0.162043529557
-189.45526094	264.045241112	8.50526549625
344.560941652	16.5979404041	-7.65287693529
42.0907023738	404.503198108	13.9623973047
289.009089506	358.664847535	16.7618277927
-114.479717695	-285.103200338	8.2578743689
88.4305591981	-234.951599678	-0.553187894237
73.5901716351	18.0485591715	1.31955981174
155.513091081	-218.459548411	6.31371304632
223.0980036	351.728494519	2.10876821155
-267.757357955	205.91304968	5.95314704016
-297.264454944	400.149319981	11.1314432556
130.053819419	-187.848072621	4.03176847927
361.811686311	456.0404694	42.4855686234
-281.826825299	-178.100028455	-1.45990333345
85.2286893171	213.135827273	-1.75885827949
-93.6094030264	260.79991835	10.9170703715
-144.671090296	-92.2764743786	9.145633282
335.590887734	102.457669149	1.29645213948
-219.203664003	-55.9460020004	5.53803932226
70.6874567963	401.344005249	6.45376358814
-16.4289091872	-276.045237058	15.1109706291
468.522153178	-68.9260871718	1.7946230492
372.837073249	-226.560138443	11.9328832606
-34.6030642602	-56.4619512775	-4.6525899215
-265.70525188	-255.729146968	6.34690846063
-256.336820357	-20.0576764909	5.32342714485
-260.598273391	-284.604286191	-1.65398031722
-298.863877409	117.25892065	9.7546555929
315.358095595	-48.3486976562	-5.08778920483
-153.16353932	216.055655638	7.96147269911
450.222342637	314.442863172	11.3652094534
38.1272843215	140.800666865	-1.24866779604
-256.137223398	-78.9968153773	8.39156237159
450.048490873	70.3324416413	6.25650519831
228.158890155	41.1497686178	2.19549259417
-166.368056071	-102.414858979	17.3909694037
-298.125150082	-7.10149925993	2.1196436343
256.168633885	403.93891845	20.2246424042
-94.2008296089	406.394232266	10.0400383367
291.225394756	98.6555346408	-0.990511974628
474.853923357	441.80904797	45.4228052352
-196.403433606	-103.003220921	17.8413258169
-39.9105684792	-20.5302382434	-5.6476424147
-9.03582492083	232.126229095	-3.14144895983
-208.408743802	413.614336853	-4.88988259922
-185.053832176	147.01260118	9.33832189838
185.777098588	57.25624921	1.65364028255
195.490436575	-282.435725518	-0.179789569794
448.436887201	122.735181393	-2.09322710114
-81.1819671429	-96.4942487429	11.1066609528
-182.654681008	240.839273448	11.74675266
451.780989573	111.422244794	-5.59007252474
68.9194811717	447.972091675	17.6781825437
309.421171075	441.453362759	22.6119714507
-189.330018134	196.115060736	10.013599355
317.924287018	225.222920714	-6.17124195175
-69.7607597997	455.272731204	9.55775737565
379.728926697	205.507908709	2.93533938732
265.803112855	161.510231023	3.7058275055
415.047986592	39.898804592	-2.62119657244
327.144796644	-56.8912669847	-5.30905721839
49.7184267935	426.830204256	-7.41639464809
324.659731267	326.853318522	21.3489612649
274.976465377	121.277372373	0.384106797429
312.863234936	173.557828379	-1.08951290805
81.8583840128	-69.0636330624	7.32454044375
-106.893636277	385.43212131	-5.73552936061
43.0770701091	236.805162213	7.27896419943
115.08191675	-42.14693296	1.85790043307
79.8581243981	248.652873905	9.30956376338
-3.30039827018	413.140066684	11.9072995507
-77.2593013775	420.047347529	0.285184360307
-297.818906149	140.837054777	10.7831666044
114.388923204	442.327496562	4.72140030283
-75.9603275655	2.63314994029	10.2239387592
435.789536377	94.9674901895	9.35535564356
196.850954064	401.052132922	14.9182083639
450.606207983	-87.4793200589	3.2682555848
-235.881705175	56.1659881052	2.76466062535
-184.965095539	40.4861296662	7.84683047793
-93.1727315305	-87.1931191571	2.89911729592
317.433196566	48.6732524019	4.75415145937
-182.705310087	32.2506135813	3.84478715467
-287.411312431	-243.448376578	7.23309247889
-37.2917710276	469.52223467	8.02960413021
-150.663795078	-149.766850079	19.8577994834
-112.704942731	32.9887958139	7.73107705961
-87.9887328015	138.344624511	10.2329118198
-260.73790243	-238.3325623	3.06276433896
103.736731663	19.3038011179	3.20779682293
457.782789736	124.156274679	6.55479728996
162.274975406	436.632448757	23.759084515
437.896902388	134.976826171	-9.21458103981
463.62310636	394.979601175	47.3060868939
36.1007714337	-105.516897206	-5.9964524392
63.6357479857	238.271181997	7.43581752349
438.147345966	210.140040966	7.46646362386
142.245544544	286.908628222	4.2411049232
-120.567621734	-125.327065431	4.40088561698
197.306046527	399.702055027	18.6614198245
130.060207836	409.724718895	-2.20571349316
-226.135630637	36.4606724479	5.15259202509
13.4740116527	185.797545577	7.04854066228
466.947787389	143.624034996	0.714419785855
39.778257249	-214.471670746	4.22115365215
-39.7053792382	318.659241102	0.952620215052
333.578048381	321.419202073	18.7293155248
423.573497803	70.1708703521	-9.04354166271
221.305231798	-56.9677437793	2.51711256603
-52.3490659029	6.7871784606	-0.288909295638
184.455462274	184.697302257	1.25630929413
381.853533158	-119.446080482	-2.80830623607
348.191809121	-69.2854237595	-9.22934409288
61.5545010828	396.688571827	3.87759938748
248.160516535	115.692641128	0.749298199552
85.0300614949	67.02598267	-1.05876666264
449.392186653	-75.5865798397	1.97582283859
411.978462358	144.283656724	0.464518141555
204.440116845	131.196831791	0.110717512043
-204.357823572	-272.972722594	11.0191483451
-202.477717779	77.0069399265	3.1611778235
-19.8953101478	-295.629931756	8.30191674902
85.8829498244	197.55645158	0.929180899752
76.1873469288	432.004549639	-5.95987062473
445.154096288	47.1621027506	-10.318612908
-102.963133791	-272.884467011	11.4284957827
415.126767273	125.037993103	11.0588549486
-108.550648197	160.706723501	8.00997986645
384.887510118	-85.8529311195	-1.75053432896
99.1526451319	314.335671087	-5.24319858094
-278.740613211	-266.561718457	3.98194771049
35.9154436741	157.080249284	-1.59368261586
136.270409401	182.26920319	-1.35634002866
-44.862652079	381.706154683	11.6411808881
227.413580616	-40.5886019422	-2.12855599377
319.32040175	-226.999091181	-9.25394702286
378.648035801	-161.777240784	-10.8243669607
-109.444810642	-172.365484443	3.71497004045
465.569335561	8.13927532753	-1.88739993924
