-432.123938648	407.677223134	13.770550677
202.317404724	184.651829176	6.47173574883
-116.14713915	56.2393212244	-7.30458356218
836.991667708	-340.193779166	0.11894890708
-65.7775117172	815.93240664	3.72494617667
539.972553535	-371.112425084	7.01135113982
847.724835721	630.459872991	-26.1317502666
658.927436519	572.474571783	-4.70196473596
414.532601289	690.728937839	-1.66231160832
702.106371197	660.778603953	-18.4517303826
-31.1996227323	101.710416517	-8.14763785398
-135.798827223	572.816317243	-5.74475248648
391.061205367	623.089100895	19.9504905075
476.976388413	109.720017887	39.963748362
546.744195253	847.720501161	5.33322313901
170.337007346	261.178781225	3.13798009725
-216.182956776	253.623667625	-4.5725753845
450.442587472	210.395607426	13.9104673935
-508.798617059	24.1206778487	-0.646734928431
-114.667988276	-532.168061759	3.03031058407
-170.924842785	445.697274198	0.9077497931
197.386981218	375.90124713	-1.29656782958
-62.7704719993	403.088283802	-6.44682393205
-393.535028791	-186.986065068	1.58204694908
812.059290838	-140.616478508	11.2305684912
172.779298692	455.292851306	-16.9526856695
508.064412103	134.939268867	35.1269851379
679.943222437	259.783408002	1.42981769847
-127.26132034	569.459708298	-10.8809863704
426.305635477	-267.086258287	-4.12854902153
145.610234283	-57.1151425372	-2.78490272933
573.799472801	-421.145948622	-2.50136287985
175.935637022	-139.00714045	-0.947853382735
-169.228810944	701.634967586	6.50286820641
650.588778411	426.982133395	-0.717334836499
720.821690032	-500.27612631	13.0074168699
-455.536048369	337.579620604	13.5252706424
299.499009801	777.295303427	-13.1514104008
-409.001704797	-412.146847865	-5.93969454601
302.610303898	-25.4632320969	24.4429273167
548.548623743	-444.230077984	7.72869257385
632.764459719	-155.188498202	3.53339283776
-305.78831619	348.78802265	2.58887944927
-374.189090102	122.15454845	-10.2166622551
-313.395894295	807.833498225	1.82000315349
487.454103886	433.014463009	3.99577918226
-260.187687357	160.534047135	1.68328916832
-422.70381544	-106.180413829	-1.46231800042
-193.612224503	679.286957472	1.47077358892
351.469998707	786.244921616	4.56104369977
-168.345051828	336.825412813	-2.54573064754
605.440691224	644.773820696	1.27629886052
781.178625152	-414.453488266	6.51717107718
-81.5341702545	500.564931757	-13.588831946
-74.0357500178	-266.225716272	4.81422571909
148.273310439	-476.088428732	6.40954772204
301.373786784	287.844468297	3.5291798485
79.4176424613	-243.684120642	0.222042282044
759.724796432	755.692917707	-38.3091236324
828.2050405	15.2375746818	17.026190295
661.825035308	-283.21867173	-11.5218492214
696.065061181	-245.584859358	5.29763446279
616.955485509	19.8690138549	26.9600720671
791.389999644	425.464877012	6.16395745331
-484.429277827	179.431961932	9.17696291512
-479.723208675	-540.685056617	0.0752843905393
-315.817962077	152.277633793	8.0086560919
-202.75756645	408.139909449	1.5931844249
700.939631946	-373.519825057	1.33928730407
-377.166905716	-61.4792641503	-4.02417315511
14.5660647332	221.834742774	-1.01251467002
-478.32984919	236.920740842	6.13287524181
-508.403686427	-544.723892251	-7.40681329509
378.913992198	-463.212246128	6.90505526503
-127.391800623	-485.642711414	1.88795319874
273.2667055	-438.208263432	4.70914357649
90.360811092	-411.839529862	8.74789300042
552.074107586	560.972100354	3.03669956095
-45.7236489821	607.827919279	-16.2691553135
191.994479434	518.128205642	-26.0769464852
-383.533006296	-349.85607475	4.67174155603
-359.636610521	779.738599825	-0.484324505706
58.1251673136	318.543589586	2.77555432847
739.767624112	649.512439298	-16.4726444767
796.42829103	-423.682382187	5.6813420046
388.280352737	368.650556185	3.49589548376
-49.1854426243	-124.874540353	-4.03093004423
525.448736445	-314.305504106	6.15489318887
-206.55014211	-131.209796764	-11.5683994941
575.744954823	48.6597207177	32.527759588
-403.743067179	623.254951702	-11.4469113459
313.995394179	302.174997663	9.40716150041
16.8365856283	675.186643259	-54.3723411848
207.637300975	-255.326275965	10.7275862385
257.905310383	566.52127765	-23.403430573
222.154464955	-245.884998273	-3.41969577499
-159.041898915	395.468277447	2.0060825007
-492.718606692	619.971208846	-10.7103171938
259.538182096	-50.6214023313	8.24373206066
-149.696073412	609.590339199	3.85325517004
467.865689717	-427.193369572	3.65585454974
786.893639408	-330.550882427	8.71935643401
609.830131843	369.639288703	3.67634609156
192.907023998	582.290576831	-40.8802254041
44.0102347918	-62.7587020569	-2.75522545654
276.55993056	802.993605205	-13.0678999048
-346.259272346	223.776228531	-3.96045807345
-1.39440007451	358.174536742	-5.32983031695
8.35910579462	-172.374734332	18.226933977
763.181722912	-74.9593674416	32.5183624363
-369.642771425	313.61280563	8.31032758504
-544.016250738	83.5591900874	-0.497625274412
-360.107372694	780.142681907	17.3629918782
88.493662068	90.687935679	-3.25933881218
271.417195393	824.399192211	-16.8101491947
-109.081343373	172.913942889	-13.2990769463
54.2211333551	636.785093831	-55.0749366918
11.3225003807	76.2881512535	6.03176559113
-115.112998344	-64.2283637391	-7.72820623884
-124.405055714	-64.0419479164	-5.63470355174
114.869404887	48.5111438988	8.64539180143
176.67801083	802.820647641	-58.1120631251
-80.8320277974	155.553772076	9.27093570576
522.81692919	-2.30061468927	17.6243659228
626.384731942	-383.645901211	12.2960793117
580.174208325	833.034471137	6.1845403631
424.490137279	671.165285553	6.40399804656
337.842203409	-361.618142389	8.57488527389
-124.894925858	-429.5046263	-6.77846508663
817.193233478	422.247020136	5.47595696815
-282.829498973	-262.037103478	-1.23791769619
269.386175801	347.881478255	4.09093607353
727.280271832	-222.230499742	10.7087395734
328.539307869	-37.2480031194	8.75040497169
722.169415307	-2.78763245964	30.7356292261
874.833148447	-232.814255888	-4.59098985425
76.1413891292	-212.472387355	8.59812974062
-67.3990685927	64.1380211937	-18.2892287272
154.560259565	542.391548759	-21.7838021054
83.0606140687	-129.000315652	2.72054829477
-389.633734343	527.713289578	1.94119680977
544.046727201	-190.934793641	0.895241437573
252.167028311	31.2102194432	4.81929410961
376.86677702	161.732605461	8.03194070611
803.938592873	566.263620808	2.00237915006
-204.745336498	561.203607301	2.85318122295
-468.235866945	204.677203822	-10.2197333186
492.936457401	455.251266935	12.0319964443
527.527996529	-537.099446279	5.24064787743
825.080933342	-7.50946857192	21.3262680411
777.0294282	-183.123686656	4.19362423253
-225.888825254	-265.271676399	-3.31880270888
-199.446854982	-78.5621540982	-4.0192334666
-221.343282512	229.166818956	-6.20934100553
-312.616889737	408.962138365	9.20036155644
201.268547894	210.845847107	-4.46798221311
299.635183662	259.433979495	6.87931424244
-329.450614326	71.0642876528	-4.29086729472
184.82569326	-246.153603608	7.10190277905
428.190298968	253.188093915	6.98238676135
-472.750952048	235.436467975	4.10009885065
-501.277373813	-394.796395627	2.54918389672
-224.183278224	417.334186423	5.98541147637
-165.701918484	-284.596708981	3.42010292607
821.998734308	256.447453966	6.23443960545
709.274423614	697.445601969	-13.0388404678
-385.165394882	-162.712396518	6.65007141558
-509.249616583	366.397182442	-10.7946626201
-377.373086363	110.991100862	-7.009871902
-322.08559898	-325.472130189	3.2123136058
265.179955588	642.877993691	-37.5422883772
-456.679310586	725.293693924	-23.2376327929
-489.9683216	-26.3757780685	-1.70801124717
274.257494187	-474.246365556	13.5012924098
-154.912701968	-169.25429516	3.36672611733
813.829048619	214.489646101	9.3847892604
260.752560114	621.657844653	-29.9233340752
-202.176266445	630.771490008	8.2185212035
379.526750246	-54.9144441851	15.7213420357
205.738773469	234.573202911	2.85242261415
156.544566411	868.667744727	-47.2290013753
117.963528352	847.923974566	-54.411756067
374.282098642	-262.45996793	3.61759648697
-518.000689764	-302.04290317	-3.63702212839
-136.81849387	229.244822521	-6.55343686723
-167.788973257	205.055092447	-9.8475814698
612.766670909	688.299122101	-18.6112658449
-183.552494621	646.135601262	8.42940737415
706.33857559	-340.411475924	9.74020798806
-52.9175795357	-184.320672034	-6.60217649718
395.158246894	597.619298914	17.4519064212
527.288058792	407.418827765	3.43021421389
-177.862638897	-425.616745857	-5.11781615324
835.009475872	-421.524423249	1.15207407704
-339.496149562	95.3899358647	2.74705380772
-469.378604779	828.554047854	-37.3855979927
594.478233061	783.46132635	6.38761259024
423.843367403	180.331890444	11.0466665877
-439.101308837	-284.641274529	2.20925230115
232.959987609	188.271173267	0.660488283766
-32.0815227614	695.382109681	-32.2983455937
277.625889325	753.541097628	-30.829170558
-370.875063988	821.910163341	8.03102108446
-10.1949183114	612.367505336	-35.3135347599
-57.5966082433	102.736533792	-1.62119242933
551.407046242	827.602727592	4.94810318404
407.760085422	-539.469133607	11.7465061504
42.64100689	-82.7818996392	-5.69088140873
251.015676702	-202.281100264	6.19880985801
750.186548718	-356.900995594	2.72325808823
-312.179050168	-499.73282697	10.0163036299
248.104239932	-543.125399135	0.36943627995
719.270020808	132.146476598	25.7913633949
533.615821691	-178.168327306	11.1334736827
767.25798005	-199.391470525	18.9453505923
146.666555186	34.1514493968	14.2523961801
109.407846939	123.087093404	1.21353820429
-122.751784908	-27.2117217449	18.5674928885
-152.550908782	199.861566399	1.90894873525
-174.479245181	-27.6983208305	-2.8717846709
-3.53662523882	246.787330002	7.78762182624
-229.928576234	-143.862515134	-4.9889923131
264.876642669	-279.784129378	-2.27843382783
766.634342908	36.1663073138	30.8225836219
562.937682082	794.348860207	5.52323603809
664.337267503	-415.456793551	-2.19751443021
-243.041352353	830.418001065	2.02537535961
578.166460233	-346.333677267	14.1305431658
21.6728790064	313.457844642	2.95962551008
-148.172638826	139.4307312	1.51463383394
-133.009313104	-305.393394066	3.20565894917
-212.403468606	-355.562225118	-11.1338989774
-231.394368015	655.547632164	14.3041981323
-229.372323779	-370.507679062	1.68284726825
-467.957880433	-113.662098694	7.46461762441
155.912286709	-176.580088498	-0.519209137364
-135.382024693	591.60607267	-8.56297581551
-356.639423166	-226.339447881	-3.70493624642
-360.712379046	-486.755284918	5.24157219397
701.72560107	327.846991559	-4.80698823471
574.299917273	240.799573215	9.11909124637
729.496734499	42.5321647508	32.8521788778
251.512822011	7.98269701437	21.999202479
-495.393416209	540.082582426	19.7566812259
284.121198139	-507.920677842	8.09300829097
481.289265709	841.278119951	4.35764341768
-488.986639776	-516.640640341	0.570527582821
-383.395317657	2.52797915657	-4.61077313475
483.758859009	494.518243577	6.49647241095
483.184677015	81.6419606769	36.4996210725
624.90716987	-386.30984344	2.03689029516
628.358844528	277.289182239	-11.5738841511
16.694248835	-15.4441238475	20.2957501751
820.808171598	363.227768636	4.36194962925
-48.0884995199	310.133504034	-3.97688184815
-149.966033196	433.736732077	7.96239460125
875.497683297	-177.12152622	-9.60489474887
637.666526416	731.993103428	-2.00767193048
534.824715015	726.248283916	7.33263937519
-147.076998072	829.790266544	8.24451052471
729.605290831	647.776503658	-16.6684255524
-94.59206077	-174.031360161	14.3151048515
706.496737469	-226.005737503	5.82457227354
214.66585998	813.568134684	-46.4248045261
-29.0025344303	-201.878861729	19.9767582892
774.311301744	-495.189545551	6.77715255025
121.029168608	-210.387884731	1.20694574583
647.23541265	391.278584116	3.72209644994
-472.297710452	-349.175677987	3.88734425476
486.99173307	-479.179785791	-1.7046645965
-263.454489178	180.046373815	4.9888669869
448.947386434	235.342184964	12.8362345152
11.2921709084	4.038699898	-3.27682324106
-86.8820676663	-248.193819384	8.99999557188
267.940388895	297.011099329	-1.88186564477
109.732059153	-544.513756007	11.287738956
507.586227944	-513.398847389	3.75282922532
-489.855603093	-490.753074603	-8.23296664391
-315.73090639	194.834841623	7.8183175656
633.897934395	-246.347435948	8.13819153053
293.992759445	-319.672793504	5.60409310681
-304.159142976	127.108072877	-3.61258589369
-543.271185031	284.152128894	-14.6751668663
207.494938451	-100.684133348	-3.54200392616
334.444547403	70.55826235	31.2533720841
-52.6555741607	-226.195563845	-2.81270173758
-176.292315229	277.212037487	5.97587630575
830.758329748	-92.3677572988	23.3579685147
278.266040618	328.570289576	-2.93849994209
42.2806178304	219.656994201	-4.09670486401
730.113934384	180.693166428	14.9042264407
-435.641559799	217.624013666	-0.11989456725
-357.691870382	55.0635572468	8.73559590975
-532.151170866	469.29817263	-4.3284283053
464.862933213	-22.9032582246	9.7408558222
700.682413974	106.772053299	19.4084947604
115.311639359	-268.223928475	-2.65212698656
828.296738579	279.368255625	2.53056875511
520.525633736	-145.736389063	15.0127749283
479.989918423	356.563582304	10.2816308685
515.923448849	346.09204871	8.90948136165
371.391896908	-448.957149681	-0.0141277274305
-303.773452657	-248.290860673	-3.74829863397
526.217839415	812.38176651	4.93884797871
-263.561090555	246.023425268	-7.95522663567
310.032504008	103.072917416	11.2725761844
-86.4225868118	451.843788563	-12.9240088303
742.933664774	300.921126953	4.85277322905
-8.26102914398	341.643078237	2.67374854712
-134.522730112	82.0233115458	-3.43628167332
-343.549150928	241.268737894	3.35439599172
127.487480311	657.265017911	-62.358345774
-320.746236305	136.382814182	4.43427740654
229.996467188	64.595021427	20.3425993992
-374.387639026	387.353768146	7.67253012252
-147.796774862	644.93497002	5.94329910005
480.11368065	389.22194846	9.07283883298
38.6073174831	-122.990624605	-4.90692714937
-301.188603614	2.98562222122	3.67084067226
798.858909605	-99.9696264948	33.7097532139
133.496924771	61.0135337129	4.36317023079
724.294162651	827.040477713	-49.2529562471
-193.231029246	686.077794512	-21.5248505794
511.521107682	203.776453228	14.4296775829
301.300053375	66.9360187983	19.0551739917
-218.100113303	-409.931123095	7.10218270328
-143.921250745	136.624211834	-4.24702972562
338.348006859	-363.04677168	2.8388127776
-36.9847780299	-140.180304043	-9.17623974687
-502.059460006	686.773368021	-12.196092804
251.765153961	72.9087527116	-2.1733815999
153.439178387	101.791086191	-2.84890791358
475.148764873	-174.780830473	13.2487640144
108.625473137	-248.334350942	9.57949105039
623.860927216	-507.611850938	-4.7864907789
804.736281829	574.932228543	5.30827959524
-426.848711843	116.665411488	-4.3190057176
-368.165875188	-182.412409247	-0.486565761481
-304.314847713	326.740203829	-2.76450156212
-74.1463123464	834.325205769	5.07070018002
806.247956	-78.3970387446	8.63184012197
596.843754958	621.859998286	-0.0753659185517
-396.568563117	-435.278777293	9.25651519202
191.697968173	-519.622202167	7.51578952456
-43.3592458278	796.247670137	11.2281688869
647.80738298	568.379865307	-2.98108668128
642.161497991	563.298915634	-12.0954058542
-365.565467544	-187.525226566	6.34628065508
142.823219848	570.777496016	-37.2089085512
615.513642001	-153.647775997	5.53861475043
866.082621765	32.6672861167	1.415034256
40.4412418317	126.081158372	5.29296441342
-179.093500129	-344.661467772	4.72573548777
-333.797380302	-507.010889915	7.93771063989
-206.67958031	-463.954088977	-2.03666608062
-83.3159899308	419.269124262	1.19203970738
-340.994350927	-6.46835868142	1.89555787077
197.159903156	471.673217675	-2.53344072661
500.676559521	221.380465857	15.3055961549
503.478578014	-226.559595875	6.13411453944
65.4655242025	721.328705831	-63.8942070102
-6.86948514982	-360.011795466	-1.10142806418
314.468673213	-201.300389827	3.97755028844
18.6542301431	-447.169336815	-0.276642636855
808.105391093	464.218196158	4.71194671751
352.37068196	-78.8316678698	-0.739785369065
261.654971085	-305.407349667	8.99748010939
459.659757353	-113.401575086	11.461689698
6.71006150432	191.614605334	-0.040744519529
-246.875115861	-243.771419895	6.92334070172
-324.458137957	-135.378117831	0.817369133121
381.13976102	140.532815719	29.5214461117
751.699913088	-22.2553086987	32.883329818
260.504760147	812.710705958	-31.7050076427
481.751259876	589.531421658	0.00164832464596
-323.147176186	296.828026561	3.4590156642
437.46552362	550.080826739	15.5455062439
140.894147108	-330.574809374	-3.22032445194
-180.788069754	-403.323876137	-3.66362836943
650.894498565	-69.1447102326	19.4488655113
614.573139285	-511.50665055	14.4106603766
-153.15340448	-30.8955243884	4.90574830672
554.154288682	473.445411719	8.77786822732
-318.734089154	-469.379732092	6.1182069739
701.945599822	617.161858187	-3.26362019158
-23.327127998	-435.675462481	-1.73145084995
711.550700091	-269.447202387	7.18316832884
385.50116259	214.844380873	21.9485411269
-340.1831924	-528.148707069	-3.8652506496
127.683704402	339.030827587	-5.78983166812
-93.4152674081	-114.824497833	-0.302412922305
742.520713588	400.010121996	3.94477245687
309.745718269	637.45096397	2.51661389179
621.525715159	568.282207116	-1.76426366903
214.213386102	-33.3841528981	-2.76609220556
-31.8638366406	-326.430675249	11.5323024821
751.966941455	-385.465526522	12.6780751771
551.349036859	577.412534171	6.02356583985
-270.455616897	276.111943428	-7.26938601946
-66.5119280446	185.58210349	1.06567738148
-434.235586952	-231.239667593	4.04037851632
578.475940867	12.7930226148	21.1551107425
-389.724240713	-473.382371663	7.28711177568
-415.97583529	-64.4652785613	-1.4335076208
-243.544879555	285.072718856	-6.85994029269
-317.305854872	343.557596427	-12.1325509157
391.537062515	-56.9185681109	19.9183467555
615.392906768	758.478869012	4.09609166583
-375.555594665	367.566624166	-3.95296732125
148.333678924	222.268548032	3.04267707748
41.4570727653	-45.8107345209	12.1268718782
-224.710609322	-431.90209738	-12.459034783
-336.032264939	252.643631414	-13.4339046161
-354.725994971	218.471135818	3.61919339177
273.840177611	225.938116524	0.705137521327
144.122290542	351.001801183	3.39150361727
720.450027012	809.320216609	-38.7287877221
-302.210518087	751.853155801	9.07012774299
-167.262122035	-290.183996113	10.0830974535
-1.1968766112	272.654197246	1.99072573652
620.241244563	53.7591624758	32.4103033091
-127.609309245	-202.998599599	-2.41616163984
493.919887679	-185.688160035	10.6807282157
-120.969660594	-357.623750687	2.32792417288
586.976632077	-96.4055432931	9.22029287543
-134.504664993	-425.910351256	-4.54865395491
524.392861068	74.1079318665	38.9383269602
-253.368874153	472.236522232	3.22900412173
-200.862027524	-399.289487784	3.85585078596
195.999831623	147.618878412	3.31239092034
790.283245343	-204.489927426	-6.10976492698
416.637915827	106.206608993	34.0777050765
823.772880494	354.383587387	5.63423284097
-20.6725707113	823.578772142	-7.55388930983
-345.611967428	309.427043669	-2.1384958507
-87.987245003	523.261682472	-21.3917806416
-222.991431965	225.640425017	11.5055754752
712.014676028	-366.365819645	-10.3533156914
563.005912716	-253.610350333	14.3576803545
331.71214162	25.4280383576	26.682081119
120.118780014	-284.585870932	2.42622144477
-370.502413113	-270.550734858	7.92933015386
-30.8804234855	589.189775901	-20.3165136494
755.939256579	-129.219068848	23.6354506405
-114.104292123	199.498793114	-6.18256811869
-337.47871226	-370.791926653	-0.523744318014
-102.704315136	-473.455382446	-0.693932586744
660.369748129	830.30072951	-18.1982179122
75.1716656919	284.635927833	-0.351264576695
193.465073124	635.192114118	-50.2033829361
443.253552318	373.045663735	-2.38868880037
810.200551781	88.611961506	10.3615052159
-166.417745842	267.676492675	8.49953092293
-378.988735051	-87.6928209487	5.20753603278
-531.275659744	32.6918363689	5.68097240285
400.347036062	824.869781792	4.95181598847
-38.6022311458	308.417072656	-5.6246511076
736.530890472	-295.330586173	-6.06211345087
-282.277330141	737.276875695	4.44305402866
78.1014470219	476.050774663	-3.91218667467
164.282472112	-359.004319596	-2.39153557797
274.306029538	824.235521561	-24.0840431991
-36.1724301188	633.878082825	-28.2909505927
816.651259527	-204.45064975	14.4042432918
-341.267628258	337.699697343	1.50299868716
-317.563192857	564.012465129	-1.0573129053
-309.277985376	65.226895569	6.07726057089
-51.3843202489	19.5971561918	-1.08462999751
298.17592921	-126.586639621	13.7784235009
446.727264962	331.935456431	13.6970303481
636.825573362	388.800724385	7.39938993231
351.862900778	453.483083258	-9.97157447507
-407.357046291	506.071909469	8.9633781624
-482.996452407	448.8174258	4.85306579755
168.834560389	-64.7544553138	0.328326371741
819.892566624	-218.772911539	9.7563704138
35.1330558527	-493.760724091	5.51041954163
274.026518696	491.880269	4.05215384086
93.4478369662	-118.275485616	0.352446520992
-273.55295512	514.787721876	2.1427416554
-408.986102187	419.879414512	-3.29735027504
464.647892353	335.203609881	4.4070199857
133.977647031	279.281432924	-5.27220106263
-175.215797641	-404.742945917	-4.67727771123
682.68933542	-439.035128752	16.6667887961
733.350446916	524.475954188	5.07911788484
447.146959635	458.73446782	12.0853259761
-258.509730073	-123.629443044	5.33455743471
-334.182853204	480.888801813	2.27362268118
661.823139414	-383.336607715	11.6132680766
373.537982225	-222.287074501	10.3351911721
-268.541092605	-308.904333481	-2.19033265718
578.76001714	740.936050114	2.12051251288
-272.169963515	503.141353693	-3.66071234792
-463.041592896	756.479425179	-28.8902260181
-401.398405962	-534.792046368	10.6767784179
98.8979368895	436.268748172	-2.51314285739
136.942160462	277.071924405	-1.09939889073
751.111520779	458.401445678	12.6673301274
-288.695736397	608.58045331	-7.45884943419
148.079574925	76.7225848715	1.55500127575
-510.890393667	-3.51484238191	3.1748082084
-334.013871277	-204.325011429	2.6938182127
475.719520007	-63.6117842042	20.3364966935
-264.723283984	81.8879946682	-2.55663966751
441.514481703	461.04936213	-3.95131567647
721.943810433	24.4167722521	25.8578142984
260.865812474	800.01619993	-18.9291363921
591.715095385	647.028238547	9.71410466933
-209.40866461	29.6347803377	4.85854803303
506.19949651	744.675398391	7.58818729092
564.218205618	-268.789866829	1.36984680163
-41.6412687474	-384.187382175	3.44373797534
135.48721491	216.176360124	2.28712720475
60.1076361206	341.561532512	-4.22673578058
-376.724754814	-300.613354684	-3.9489094192
-440.530962106	-339.077433801	-0.164819209076
79.5326269326	460.031293742	-14.575127259
246.892352127	181.832269597	8.74004539994
-396.978623949	425.750970083	8.74208503616
-484.722976421	644.522884103	-15.3292740012
559.848904482	-26.2547891802	8.98141126573
558.231231064	428.039337611	1.89800174569
-66.4110425748	-254.156309932	-1.40910445472
2.32241025038	517.92796455	-8.1431739762
-180.026167391	32.4052673362	-2.39008527485
-148.415885414	688.958213487	11.5814878323
-299.351894611	-28.2141293858	-0.794636949619
802.947119012	-348.860553775	4.37457739152
347.355174245	-392.474253736	2.29060209076
-71.6337001104	651.830669397	-11.7782482834
88.8491754511	742.678905529	-69.350124187
-496.140161855	640.826755513	-15.5132758477
84.7492622614	-244.122248166	10.0467268419
-269.703182332	579.671993176	-8.83005143158
758.860048306	634.118948837	-17.7220906386
297.73793873	-399.485683487	9.54076245055
243.047751362	431.692023555	-9.23642784181
359.827045978	-40.8369559005	21.9630931487
550.706264748	752.416683391	7.72253976654
717.971856324	435.498627602	12.0820202026
290.620883581	423.887735198	-3.21356992535
609.143540511	-396.145867454	14.5926701742
-167.347292772	-381.749539567	-7.86844491684
840.946036209	-82.4313256605	6.81787225701
602.120593516	-463.2081384	2.72303384301
-275.791467261	-270.231936388	-1.73784817984
-228.428691603	618.658397915	16.5764039414
686.643874942	838.741540216	-35.6460191867
563.019859367	801.588426407	6.32816983869
753.478885831	313.744584396	5.1421893445
51.094811714	462.996698094	-16.8251312581
415.191585326	97.6180448128	27.3802312816
-208.693147087	-545.764067113	2.05277375184
358.001056014	337.022167262	10.5179505966
-146.672209586	82.3977376205	0.275659119498
198.257185097	594.198924416	-40.783091225
-477.286663374	-222.085020507	-4.97984671888
-219.271105328	621.973948788	4.96616916553
-130.280981959	-505.823950187	2.61946899866
-459.790162775	-424.647763968	2.21962049428
226.073322638	-304.243331883	-2.84485201588
407.098265542	-488.588109968	-3.1370085082
479.752762725	-59.3032724132	0.792245471722
-20.2700953217	375.604385288	-1.63092249447
596.372603113	796.988675298	4.60088285989
785.988359348	737.710093726	-37.9348237645
742.690799466	-261.62267096	8.60892577351
-539.634176594	597.879590205	-16.9712801485
779.621230749	411.456338888	4.02759815982
501.222636713	817.002029257	4.76945691904
253.354226979	-389.381200492	5.9351775207
-439.567718591	393.290004462	2.43837903872
342.233171392	79.1614199138	4.08133240988
-468.93042867	540.926283957	3.47274355942
-308.204397125	30.7872072712	4.07710263112
257.189231456	837.862096356	-21.7104670488
-297.358407607	-475.53045739	4.26290528634
297.05411387	-532.049672205	14.420279119
32.4139542011	670.246811681	-50.9637320994
-221.38209382	630.164086745	5.07819127718
-252.290947444	-263.567804813	12.6397849261
807.791478716	469.848138394	6.3653584497
-2.3847341638	693.190014854	-34.7175381958
294.633200207	760.5023455	-9.16065633414
817.229291668	-224.68098347	-2.08645814912
-392.424568758	332.137169308	-3.24951062118
798.848824432	-533.879091912	5.38889263348
592.402661956	-478.197843318	-3.49782961673
59.6566096187	686.955339056	-59.5526290722
-511.002874415	731.86485426	-36.0704027516
-108.544519371	715.958037395	-8.57254878216
-313.638563065	116.281443979	-3.78562266622
-217.467005083	-210.319291082	-0.588606081651
818.715724321	685.704400381	-34.3088503812
184.237080369	420.665266171	-6.34922666707
820.238558979	521.172778064	2.18912737335
539.891604233	-532.705653792	7.31732517935
-77.4339014755	-339.518873899	4.61015162053
669.998183874	806.628498927	-9.67894989163
15.0658555001	-517.180411868	3.75718109585
-362.769741676	-193.244863718	4.74271401541
-85.7619496274	563.547055414	-1.27177746952
-418.750168682	-58.1551662239	5.71906000315
824.400051116	-503.11908019	4.49257783624
245.76444197	814.718777077	-23.5937314763
-91.6363458156	748.408184351	-10.2011414862
515.442381613	650.369182607	6.87115020704
700.763592795	32.0801136301	37.8403091257
-351.934954093	31.0402268814	4.52949297297
227.370350598	323.605601612	-6.69705362517
-30.8001423783	412.305306367	1.88538752438
-449.41977514	44.7609833141	4.0569644754
-95.6130817257	-59.7749748459	-14.82437634
616.664911855	-49.0590634599	12.8958307549
-39.7230465468	-299.158829514	4.74518382612
485.161996353	-1.60003037298	23.730467377
-390.01643059	208.267847342	-1.53449429301
828.820708731	253.030080012	-3.8951856595
662.031705106	-179.652571291	-5.7383154208
538.848346368	700.403817311	1.74288276382
420.912326465	34.0126813783	27.8130313911
795.167112893	-535.998429896	5.19999145785
612.81954928	-265.970138169	2.62121871795
460.282376089	-529.33059823	0.630969974789
382.067400703	247.978437832	4.11969230058
-403.805772154	-52.2334259665	4.06152342549
718.958567474	767.266924183	-20.3400364279
422.474353024	387.930035893	18.1046589073
34.3383357666	35.4134998422	14.7624290564
-158.075138719	9.763419841	-2.61575632621
77.7328945235	637.803583891	-52.0688891222
-454.050397963	-542.841969549	8.77768996945
-423.800854596	-471.561534015	-1.0784753418
347.29228551	-313.532859925	9.32263525217
42.5104007663	454.84322217	6.98806477972
635.558658986	-388.67803903	-2.06773865222
666.61818737	153.993248247	15.5180848582
453.19872804	112.585589895	35.2451982595
496.878951625	505.873315921	3.5000057126
-447.990613015	82.7039185667	0.214367343317
687.018425064	141.374906836	26.0976963234
579.497638248	633.718030029	13.5602708656
-209.206890778	277.225614262	1.21699005091
-165.644746767	54.4690206134	-8.57186112074
229.695953825	-257.15002196	2.14255371835
-161.271255875	817.948589716	5.80251712707
-47.5085345071	-417.163802911	1.84738812187
237.71342616	-8.91257368822	-0.443561186916
766.883620105	-153.600602891	14.3074214388
492.920245929	-174.366313559	10.3264472714
492.169324282	-196.930460958	10.3188183967
72.3013772072	702.08400935	-65.9672243698
794.243436792	-418.660243908	9.97727094281
-116.640802397	-544.299273406	-7.97736034587
-264.024757987	-232.116441805	4.13045118495
-11.2845851701	347.451382366	1.23838833663
-373.073400898	810.279767853	4.40890308097
382.51805804	763.63017847	-0.852340904895
495.180724794	408.658223856	-0.0985692006177
838.354214583	394.398710902	5.48285230863
792.993268337	609.107869127	-9.78977142353
203.049151417	207.034155687	9.12328274744
391.81187752	276.901884999	-0.400200587681
258.820702736	-101.895999185	5.97986435962
-310.387519067	620.726727161	-1.29033734863
469.238739863	198.654328759	21.562699271
-52.1244126253	127.193064701	-10.2314125462
-226.067477	759.581512643	-2.20861301161
37.0654139137	737.803262554	-56.6929893555
-89.1788597183	800.497472018	4.68185636689
-509.897381533	-107.376256987	-1.08815233801
827.245411578	-277.326382458	14.0213118985
670.790143945	-125.524556636	13.2914822027
170.703000192	807.436806069	-58.6902157949
79.3276031157	135.866350054	1.42822458674
-28.9810125679	-18.3598278377	6.49908750448
-256.279112385	87.2193712056	-1.36100943958
-356.691124184	-27.8909279119	4.45457689528
88.8539863139	-326.57554111	-1.7613507863
614.923083914	-459.987795601	-0.413539342486
84.3467555862	-242.339573457	1.23216756669
280.346692949	355.7585216	1.42224976145
679.040646779	488.069510077	22.3516526303
-232.947412444	227.722398728	3.93717189388
311.678619633	-427.752056659	-1.71280436288
-502.303260397	-314.325409878	0.512347220963
500.190814775	-407.501409717	-0.64700131475
692.512876626	587.79477998	2.88465445689
100.906061895	202.262032501	0.437232588753
-248.036731673	-347.33211414	4.54865225941
-150.818383812	-236.490652218	-4.22060204623
-256.055736067	592.515343375	-5.36905390407
-524.559642673	-379.21767232	2.80596105852
-475.598131012	503.758564433	-7.02454728434
-448.963456014	342.748609226	18.6944048675
-508.869336324	120.05645245	0.656819938395
275.294648808	680.296625683	-17.982011869
17.2322728438	-143.274983614	-3.8758597482
438.197204253	-500.33160474	-3.9992220388
603.046313562	94.4046772392	32.9209116289
-526.44059439	813.393993292	-49.872229572
231.232687973	689.855532368	-39.6284416471
-183.516252198	847.581306819	5.10605643721
133.662397169	123.832684542	2.12594519713
-116.294379605	261.403628276	2.57040898828
694.782999898	-469.696542489	10.5743830192
47.4897748018	107.484245896	-14.7349657398
-450.02612739	186.806085968	8.83482907248
-159.920967531	839.157179663	4.6091449003
221.476903899	584.776079309	-33.4290455037
445.621921982	308.662456285	13.4461695344
-389.410674637	-251.222772743	-2.46018275786
523.853194444	697.970687496	2.15358944865
154.346123599	526.350222065	-17.6841138193
-468.380581427	667.848925787	-14.3935799426
262.03465061	597.415308356	-26.6017095927
-383.535398421	821.908815022	8.65573897276
123.444065169	637.44411234	-63.2682495621
90.6948147068	-154.350259733	11.1585542459
515.535556806	-424.494720569	1.36635418851
-210.388416201	-474.277836795	0.630128898795
-452.003223648	528.88996466	13.6611392256
-434.266678892	346.249373481	-11.9090733185
-168.008415123	38.3114739123	3.68810421468
-408.409311404	-389.279209692	8.25171934176
497.126407021	579.83355895	2.78945247625
639.257355989	-351.789445774	-1.79752661435
216.64408476	-4.29751085848	6.75926582838
469.805758114	-238.075896754	1.08388830413
623.96733895	420.93579949	7.30984095795
-433.695222781	615.958139475	3.07007849886
-539.439424455	-184.795953825	-5.04297563567
96.91633455	559.790497291	-31.810830908
-15.5952508935	297.77196247	-2.87317596643
670.769230137	38.4521196981	33.1280926868
-478.951289561	-373.42954636	-2.51392227756
643.431552922	-237.036189169	16.7310512591
312.281893416	808.260332566	5.50678508345
336.166935071	-501.358140324	2.89282194917
-332.936821579	226.163716449	-7.4725194327
185.279453282	379.888673363	-1.28341268134
-340.468383605	800.392773711	1.80572084354
-472.679513344	435.614292548	2.01611034363
17.7780421048	482.400723741	-5.50293933201
541.60521997	-524.445719266	0.21094641022
780.376636394	101.510855149	15.4435330829
646.345931412	-372.830501469	-4.43939089653
508.464598492	714.392269239	4.48815002375
-341.696209807	-369.14074875	-3.25424485402
172.111064874	-491.404045786	-5.45737759849
-96.8479554004	-238.616172874	-0.656187637023
92.5681264377	1.00739761588	3.55250558842
593.786903462	-365.248696861	3.93251807946
-301.448783808	836.795129203	6.33761172439
198.182376168	-364.583292256	-5.69574346382
402.687328096	552.760031963	-2.05580470408
-506.137089824	383.235932525	-8.08434815586
57.2175843662	684.648604099	-63.8857909737
-252.089747518	-5.29772150841	-1.85938831822
-221.189525627	-442.110995942	0.0148376034055
-411.863780557	676.975864449	-4.31435828828
-193.392359538	150.993798694	-1.33879430855
202.132947568	134.991975728	9.65973463251
363.995652031	-396.202116231	3.56859981199
856.177045274	-507.695768415	5.75865249907
595.657634426	-143.041422709	0.582845984517
335.764961417	812.434439809	2.59946582075
352.654282454	-93.9849373109	2.48719598702
438.134904931	-224.843972686	3.7930123551
-76.7514974837	290.184210757	5.45963868576
-434.414691717	-328.546762311	5.4451971077
-335.51878246	-479.905196901	1.08173247836
716.295256713	211.410503223	-8.9998679805
128.333562657	607.957905743	-55.535996143
-181.627680844	776.779273511	4.58456782611
154.733072244	-197.092047001	-1.65051577554
502.384122026	382.73902525	3.60699635726
207.88495904	-325.916193605	4.88829833945
105.503578526	561.797107814	-30.6563941356
13.5348001686	-339.879864449	-2.20663431003
813.226801747	-280.578482998	10.4471887436
658.413173738	260.770371121	16.2455880601
-174.996097637	307.461557403	2.67714354453
51.6103607455	130.144127411	-7.71248591188
-280.173428793	-32.4455474967	-0.485167493251
-402.185820631	-162.319223905	-0.809784081054
527.454076784	122.686850101	41.2538481794
401.533909574	-96.0408676128	-0.853508872874
219.725877846	810.526793863	-46.0465652925
199.034185967	672.660127221	-48.4562178217
70.356484088	56.1983141767	-13.7302305196
-325.12096234	751.876961459	5.39316006713
760.549992361	415.960173301	5.52865704056
-423.383868629	-248.449132259	-2.8487230223
-416.842859927	-190.440199045	5.15791077623
795.970119179	160.295962668	9.30740498399
-133.785122979	862.659808383	3.90341311476
257.792648496	-310.046393651	2.03972974823
-201.457793266	625.232078165	14.1687253918
-119.158403801	432.433401484	9.80697122044
414.966354877	110.359991459	32.3622517714
199.539615796	505.128813294	-20.10020824
-327.766310384	163.662531028	0.520464596731
271.041763656	-406.901158687	11.2193832269
641.613841514	586.957305802	4.66382916795
377.474867426	-273.258139008	8.8309846291
426.874427465	-77.8709107082	19.9041637427
-453.187012517	477.763116057	0.405879408778
784.909691056	-174.292745294	13.2900174823
536.470306826	-384.355071418	10.563058262
-461.436371996	-280.601593824	2.75975854917
745.368908685	630.296206699	-19.5287239767
343.166120011	140.444019643	9.15118618164
818.847920243	414.354846692	2.40219636685
101.64359278	412.002744704	-5.70231146609
-259.542078082	-370.641368241	-3.75949243457
13.5809645458	61.5556406118	-17.4460673794
531.497411655	-427.957121818	4.50783799622
-379.674202404	283.309732722	-9.20256894775
48.1897868895	120.99398229	4.82386995514
608.404588329	-233.733468524	15.8008914945
213.820189109	-487.024129313	10.6991216394
17.647885229	169.411464865	-4.22749830936
797.997662056	414.12647485	5.70071553838
839.064345901	-55.3820555009	14.2470114788
248.544503031	-277.493255054	8.84487470887
493.730213406	850.513769041	4.38849941773
421.107092764	834.690330625	3.60095856511
474.147926477	73.9688018584	39.8158042003
871.747812696	114.867136124	-0.710944529677
606.408429034	308.655422659	-2.47660853337
-80.6215848266	706.713211678	-11.9306608569
674.376556781	-284.64106478	12.9436984397
414.820182811	528.493429378	19.9846583446
95.4359071246	-373.424149905	9.0604211394
-273.680418472	-400.141537988	7.73732832102
672.957310322	-499.594179759	3.91876447304
736.88795073	-487.00708512	3.63702431619
-120.393471666	-261.518375555	-4.87924722865
-181.758557697	410.707559337	0.083609651535
-33.4769878299	561.523331161	-9.47162786898
-304.37161005	-144.171321332	-2.03401674659
730.935917167	260.592019358	4.30506346682
204.380805472	-333.606430828	2.31524784933
-138.605035789	-254.973793453	-4.60150224088
516.392415592	47.7084971279	32.4644523585
266.222856463	519.981386587	-18.6829157856
307.480606703	309.048859061	9.95409921126
-315.110929052	344.030397824	-10.5364057033
17.2548456327	427.392999232	-3.73407325231
-418.136080006	-527.340601584	17.4634865685
513.174086049	804.952965889	3.7836323259
216.10346156	333.837246233	-10.282186084
833.085447553	-70.9832279356	10.8301509735
302.491353783	759.950112952	-5.15042683306
657.757905491	293.432172271	-13.965591404
286.659202962	699.326270657	-18.9847348221
202.189753364	361.905879826	-1.41004484627
610.737738621	189.826980332	21.1028817603
850.353347185	148.073453944	9.88698171399
11.4675247311	872.486684499	-5.69266806679
131.775574449	-226.306314911	5.45769711216
426.085744617	-343.337842032	5.12868028338
-480.001606451	-493.230135237	-0.126851820198
-293.651636246	461.115297043	10.8139610708
641.70528037	-322.457821095	-5.19249044535
549.866687087	626.320529327	9.05040742779
-118.906677405	336.371643181	6.1817512324
70.600042822	-396.158917743	-3.02275102333
-322.595594083	595.940771901	4.13338652143
-19.0869666956	-382.38293448	7.62900541314
372.259157288	606.498514638	1.35929303798
-444.026005958	74.1134035635	3.39516925359
277.864522424	512.881326737	-4.30563671346
705.025063732	-189.71331103	7.33766007859
790.338629849	618.615932485	-22.6331928134
290.120979484	764.537059725	-14.1428475936
-455.821783732	588.336126682	7.26745631254
-436.473284145	775.054069224	-25.9521508173
776.596250593	-494.419116019	7.4826861773
-478.165814474	65.5181377931	-0.126335336977
-341.636102191	139.41234047	-8.46646605834
803.644645434	-220.609443491	17.9127061989
390.473449062	-495.010886499	8.40027906601
221.819165279	-491.373453398	-1.42228001779
789.145501615	405.691009668	4.16680607447
377.758986364	547.431044539	-8.01079000152
556.349422114	257.549650385	16.9000357529
623.041961051	637.530940126	-2.66446844765
275.493337455	-318.649441287	2.56842981365
843.908706328	491.835257085	5.38859644594
311.355660098	794.849119333	8.00850473264
838.390430791	-288.340532882	-1.17527130804
574.254661844	134.322694977	33.5266291439
167.759270848	188.739810316	-6.7663307192
451.203129806	313.928515357	3.60248337092
327.203059498	-486.921630742	-1.51554181264
335.132577681	671.84676847	1.86935787839
7.63701988266	-83.1753730218	7.21388233093
-85.0168584282	-279.771011952	-0.434723286653
-323.087442087	-481.206007634	2.14488021329
515.075125448	3.92225468145	19.8489067572
-399.775402557	-189.973568268	3.97162199011
-82.1491098412	399.822846936	-9.77405741906
636.363602187	638.051972841	-14.1069945907
155.669340162	-519.082263792	1.43404164642
-43.7892573239	616.209890241	-17.4544048789
-381.421977681	-518.191051583	-3.82924713895
616.818951761	-82.6711335745	13.9391741504
-210.474555827	-78.5332415112	-6.13593496904
610.970851662	-290.19477005	4.55904761795
323.12718733	-303.373593145	5.43364091956
799.14479796	566.090250412	1.52972727947
566.531015316	85.7401745172	33.4614631712
97.3772333431	-396.588856363	-0.384154533901
-331.569646688	524.593486798	5.84657668833
796.225374666	676.034594016	-32.6793366685
-162.918478236	-331.331008714	5.31397033048
-189.965278292	598.524842304	8.21475082398
109.196132834	325.775246779	-8.28625796919
759.455267615	137.414796122	19.1075402787
-399.893472612	661.525059411	-6.56901595234
64.2074900952	201.792311487	6.19130581502
660.901532059	-466.23029734	2.99977625485
-61.3217210985	-412.23642049	4.001859589
512.762108298	-95.7019915216	-5.87683490061
-456.114818613	-546.967956751	-5.42109155959
450.598055022	243.323932836	17.0506108117
617.762771969	470.459534581	5.60339165882
199.072158158	-242.772411635	-5.26517733339
177.675703063	592.832382008	-39.8464623283
287.472277647	123.993665756	21.8634988357
-46.2436078946	687.929673427	-14.7993314893
459.332248115	659.892414439	-8.03871868798
187.047687727	354.544455383	3.35858422473
-183.767915526	-282.576125933	-3.73883841965
448.38380863	473.382693248	13.1923497443
-518.220345983	8.85424168452	0.597694585212
460.945892164	327.10709545	20.6046364731
283.557968349	-319.338253467	2.44056758533
288.976937187	-3.67026842146	15.4470244489
67.9201722359	-509.448969818	-3.78254676376
667.494143127	54.4733862548	29.9120577646
-43.228943038	715.904709236	-16.405356114
-345.726564237	432.877269956	2.81654614379
114.092425125	-77.9902918386	0.0859107623503
-32.8902999325	515.243703637	-13.7335081567
-293.157868711	585.834607374	3.3950886322
-162.010136272	623.758124119	-9.94839031302
-355.416104641	738.907447952	10.0422869142
-151.380285641	-369.051522776	1.19713538954
-348.260326362	-422.000481942	15.0271260188
320.025423913	-63.1150350203	2.95611794011
114.88638415	546.503374936	-28.8113728391
32.34442853	-207.695226395	5.47619604572
254.033198567	-18.4013987873	-6.44080057009
619.482374605	-365.520636733	-0.241135546131
824.870667554	-225.697521557	-9.62382033256
-164.110229247	614.441287482	18.442568407
684.485713988	297.137627551	3.09346315863
23.2177508785	402.021422873	-6.22377599414
329.981682329	747.095663308	5.50780758332
130.32381209	-70.7238466607	16.9972027921
401.464134513	98.0711173679	28.1499358108
-195.88070451	-197.842039214	-3.08704604165
-104.482133768	-151.89739688	5.0310931283
635.089873795	785.592098139	-1.9200428592
-322.631178966	-8.89732680524	0.348308192554
627.412729874	615.697051197	-3.67943098787
12.9210968386	798.494563453	-31.2369296216
453.725301183	-110.860932792	4.04558806017
28.920826754	-55.9286954461	-0.264159570503
23.3998904139	243.363807774	3.14919266797
-25.6608020693	-389.312047028	1.82900799322
458.660636352	603.790167605	-9.65334717935
-289.75256557	-329.518348338	3.2187573995
-163.948040902	224.734724409	-11.3107608791
-227.136603544	587.36634529	5.44791099508
105.472474757	157.946172466	3.64600922059
829.500872272	546.702628693	3.35177070422
-513.301126359	-391.237005922	3.79937252876
-524.157080722	-229.659313258	5.01596972957
238.430807321	531.000369678	-19.4801528087
-147.665685314	-75.8776940077	-7.11107457543
-464.246684922	-357.683925232	2.54518733855
683.340389898	309.961837128	12.525447912
802.019074653	-224.630577431	-8.82722806581
718.593163891	373.07385318	-10.883218443
-364.746748171	-192.762295156	4.13684259909
75.1943672913	819.343298406	-52.2933522007
647.673289435	3.7430950043	22.3319449751
99.1186705707	-135.584523128	-1.17841272289
509.63006402	353.646676598	6.13370218662
-201.9083291	528.75351335	2.48139424701
-369.299252759	-479.235352768	-4.40806257224
592.120756439	661.695809692	-4.10949962464
-196.619824668	-61.9860008668	-7.43244701441
174.669252044	388.534247237	1.8591858135
-39.4491369659	288.583315392	-6.91164561275
485.404898744	199.917535299	17.7592822488
-332.625223798	401.662829177	3.72053634111
761.443381029	312.84873235	-5.5684401516
-505.342583484	-41.4764011125	3.01699270424
-106.654764732	771.741916145	10.1897730702
68.3393256256	-365.282041742	-0.300231174455
289.048110938	-269.865206569	8.88158826184
-135.184218646	-423.501088288	-6.6253680634
516.738469941	-203.193201414	8.49641706559
-189.153749112	308.611698255	-10.0332939881
648.850084682	844.352998655	-11.8969481791
-460.320110116	-278.004029586	-3.91857544386
425.678871713	639.552628945	-4.13326790446
347.295025301	-413.115357709	4.47622967
345.623139553	571.226464551	-19.3832533057
125.056247686	409.989399856	-14.0655499619
-10.9336973256	-330.22607793	-1.58414391862
86.287975342	-120.87446435	10.2979134541
-506.5307081	280.913862998	2.01328722831
-408.41080869	-255.515158701	6.11524566336
-528.291835211	793.431806125	-46.6019071647
697.763056908	-248.472331202	22.3943287632
429.503333822	542.230473545	-7.65657676063
372.889772761	-447.772591748	5.05628539544
352.940178341	753.119384171	6.59689130043
-232.942129131	295.663899047	-5.86660868482
476.292985053	-239.973258169	3.41748051225
-240.940283833	-282.753719621	5.21034222973
490.408894026	-212.73312008	4.88130909453
-404.723221609	-366.27630931	3.69198065161
320.86364553	438.319695808	-1.50129614337
60.7725550694	-497.165217362	-0.820238697695
602.464616646	669.787577244	3.15102344121
200.672366466	20.6118235138	3.3557510562
835.318315104	288.233762462	4.62580977015
645.295359606	1.1086764773	35.4839309775
-204.275872753	-382.071737545	-6.99467136169
203.590507092	368.655541981	-7.51565245065
507.640740905	89.5459560471	33.9330636012
662.646165525	440.424677308	13.7045699154
426.446653778	-379.572137437	2.87335369985
-220.92791731	281.90616938	-10.4407178868
420.077280993	615.364280664	6.17115727405
356.068548431	176.326044325	18.5760677825
-163.602415086	-20.8523475574	13.6846723496
72.7214565575	527.059196483	-19.1783025756
835.074510683	543.922798718	4.28034395665
-356.298228697	435.669136363	0.698593971655
647.247364019	-99.9789090909	23.4432480998
-455.620006112	617.074676964	-10.224141686
-110.884320094	-282.027155964	-9.9544952395
2.07663255058	-415.622085199	4.17976366904
786.584402987	-118.132939321	6.34373978272
-95.6533231746	372.975039454	5.42781516247
349.937748466	137.010755142	25.419891794
-297.422189784	446.170935504	7.43165207128
-101.787279677	120.915125329	13.8062551883
-531.448533194	778.227383429	-42.3548624934
-61.0201343859	162.574752719	-0.145401032248
-175.429292141	-236.894908483	14.0613975339
-157.688863002	28.5527081946	-11.2185940534
388.646624799	-28.6419621067	0.106268175696
-189.320543804	160.471648326	-1.2384139513
48.4470190134	812.167309164	-42.907384689
792.728188257	170.011954019	-2.91213716426
285.036294734	343.74512048	3.28276542857
343.044804108	235.56419076	1.05597843414
-372.893135524	533.122841454	4.26540721529
-510.190719724	89.496952978	2.19312583252
512.260510959	-470.204610672	-0.550419455894
798.933030296	716.856326197	-36.3643078704
813.225153345	99.4956081522	8.93262007692
575.654966686	260.471312765	15.1873303673
662.641725071	-373.260600218	12.4843942912
260.53906358	369.984411114	-14.7581439428
548.371000257	-384.796298193	-1.78257411927
-307.590977952	-505.25257386	4.61024656365
112.411307892	98.0918649435	-2.92714497477
735.675934698	-227.355032365	9.41171792727
572.598729586	712.403741997	-1.20938363451
-42.597463987	-9.31838680745	4.46869520825
-62.4504158838	172.208062223	9.39160001317
-238.181175177	-533.574274407	2.92632506585
617.612867541	817.098675071	5.19738920453
-454.047767615	362.424660644	2.66960430288
-296.373375902	100.846412864	7.67848921901
-485.039521884	-399.033638455	-1.39393629637
749.730482697	360.191200234	2.32803625441
-491.137624509	705.783583289	-30.7526536795
538.798609411	132.40524311	37.2943572897
-34.5319815193	643.834111379	-32.5315302178
755.348222569	124.284870401	21.3277180417
25.9134579414	-8.23077106772	16.7812375008
718.884608048	42.0179671277	23.8785798781
-198.477209313	641.095327702	7.98496034854
374.239015179	-407.322778122	1.18793277659
775.648643994	696.641488903	-29.7972038599
-494.036334511	-146.45565884	2.81337733276
199.713765671	309.103114771	4.26507563122
68.4791061263	788.192733255	-55.7410668869
