-320.555738936	471.275239758	21.5021342848
-237.120275423	515.587340383	-5.41909389385
462.437069204	49.9601700124	22.5174480079
213.09301622	298.686195425	8.44804535829
445.550983672	203.867620538	13.3173962934
179.735898243	-158.372922348	13.7832031304
460.750123268	-207.055083531	0.925778868347
283.743758938	150.354608745	3.4124532504
-47.2331983226	491.975598043	16.6833234162
-124.931537732	-306.218323324	8.89031660731
-161.638280736	484.506661288	21.7160500249
427.592342863	458.800314708	2.65954400101
346.430948976	117.243043227	1.60030390105
442.317611368	-40.6087851205	5.9097369302
-273.162671865	-258.493501604	11.529928504
304.14710839	-25.6007474601	5.19233638021
61.7565098466	-216.916277566	-2.94002143429
180.146269634	249.013163424	0.555653443656
309.500433947	353.561677405	11.4403687468
-307.344199057	-81.985161564	10.1436076839
233.905879319	317.256581611	1.14794846872
285.247142304	234.979844046	-1.8440965648
-12.0059154213	2.72012788186	7.48673464459
89.4951089762	-163.637027208	17.77266779
-115.49505333	221.200411731	-2.115607206
-272.560193171	216.0905562	-0.485626781044
145.291645659	200.075587913	2.71406596481
340.994172301	526.675867184	-9.3160221547
68.6133778222	217.420174197	3.05980522377
132.569673426	-35.4460168125	1.43025550851
193.094733778	43.6070566398	0.884413204646
329.482214786	202.476405013	10.5153143343
-265.130726135	398.221477391	19.9587003815
-47.6300492674	527.61589317	0.730958199526
-224.397119276	470.049652146	-7.64651392654
-327.12669194	-276.741892824	5.70845742611
354.358631072	232.493082366	9.54429277596
197.804176673	456.496993836	22.7721933635
-213.83971936	-252.271118935	3.21180150474
-261.867952403	-143.033205995	8.05713497939
-201.456344862	87.1915442063	9.33508219848
336.188746695	74.3751638066	19.5886761785
-300.175057688	-148.482981386	-2.72744751503
273.429275546	-65.7098002922	-3.70249414441
427.399976665	163.065321575	11.4044421424
438.704885082	315.521797714	-8.91201747517
74.3603593075	425.596728036	15.1457322973
14.7509406552	46.7575485983	3.27665441358
-136.17238639	48.6207026442	2.22722955612
248.379998471	452.343451672	0.0492804756765
-138.799273996	50.4767862274	-3.65424211517
-38.0225764216	395.819886922	2.01857618224
-199.956671441	56.0848936683	14.9287231647
102.669090489	67.6029509734	2.39629660295
327.166187901	105.409346383	-1.45094748529
437.958426324	261.87487417	20.5945984576
509.726211324	352.90539436	14.4708156826
285.689204631	-190.875332866	11.9080552495
328.854483394	378.238432783	-7.31946208343
-310.536270927	444.842515196	14.9289183011
501.309993937	-164.148139167	2.13329421998
49.2329746393	355.066864066	1.36768774122
-120.742673544	399.859187525	7.1388284993
129.212306455	-329.063267594	-8.30124157436
-50.7215769832	-268.054828204	4.18293841847
400.26298387	448.810996105	-12.4750545622
408.923315452	-38.3213009133	2.83982800986
154.609337147	426.430111777	4.43158971868
170.054642061	312.232741541	10.1362172763
295.688660522	460.278801739	3.43368976631
264.178002131	239.619717793	8.75794294161
-97.0186722726	247.171874201	6.07077897874
77.1565777551	-184.214816554	1.36014067876
366.80861007	253.382806371	1.666609163
145.228003152	163.586823136	1.93826787555
308.925182482	285.098261877	-2.45310714507
-110.932465467	-0.859546035057	3.83900525452
19.2035176291	-228.387444641	3.3347818798
19.76454913	-329.138813944	5.9501110137
-19.8165119819	296.839057499	16.2663407955
474.454685436	-52.2677451323	-1.87148612641
66.435396511	343.755898231	-3.58551405774
-266.590496922	-151.566666389	3.49315108483
65.3663153935	52.1773187821	-2.43784281028
117.831123169	222.084458667	2.39284533643
487.869798672	481.293980764	30.5992480126
494.113653182	46.9411865355	20.2489621224
-268.278115493	264.665019364	7.75359674494
318.500943216	8.91551865073	-5.89697907261
286.03234197	222.38896789	4.09514564871
245.674341235	182.427377316	5.45100927629
390.915950994	309.036465421	11.0413141764
-194.588555253	520.214731732	-2.48604682149
81.1907519225	-325.707862573	13.3701449096
181.425242895	327.677022387	4.58063123729
118.747532056	105.402009845	4.03774295032
32.7029666355	20.7385188409	0.912394439151
499.780972821	-190.214194851	25.0176617829
-25.6060369458	-149.349911229	4.28645253181
-278.251721123	-193.391374808	1.20908084283
-249.309164221	-199.661903016	6.1692429631
-39.367082978	-224.234981972	7.358159363
84.9223147677	-195.650758315	7.062457058
414.330345773	14.2258840621	18.910292019
10.5848336832	488.614194801	-5.35978455523
144.691320665	287.414324643	5.2782021768
-270.56480684	304.496889962	4.24294405373
390.9310407	-182.178618217	4.52105139969
132.028426689	377.253644427	0.389723865334
180.096176593	-55.1295265493	2.13962696406
81.4352771294	195.678624185	11.5984407938
-40.3743926563	254.901741477	11.8883195109
-201.051341786	54.9012579515	0.0478688517228
-79.6194821352	-147.867265698	9.56410672284
-96.6497226186	-50.43335855	10.1127485117
408.321937662	-139.83302269	-1.1880497497
189.055405506	226.96207602	6.79627160424
-57.4006511133	-282.671508266	-0.199042226016
506.176852374	-97.9072143712	6.43076611502
133.616462948	-207.853159929	8.24372093451
-40.9822064723	-67.9348438823	2.26713686575
234.190162248	72.7066559478	2.32561961876
-258.993217403	-70.9307090792	9.66402748355
58.9075296273	113.535538203	2.64281718421
279.109808645	135.883393976	8.24656870698
-6.71754689318	183.905838682	3.46543281672
481.360488564	-91.3700594161	-2.50379213616
-55.3507818782	-289.152454474	0.521992864352
-303.615684583	337.147590152	15.1139288257
147.494215483	-31.2143302236	-0.961627416525
416.482778247	311.139328799	-1.60115931047
-169.999690089	355.491199427	-3.72860225899
-37.6706198991	-219.827372902	3.75400371109
406.683562387	29.1725375171	19.9692908012
-164.304253426	-254.257013495	0.480556600493
-108.715309213	114.761232167	-1.74447493311
-231.928865194	265.544464773	-0.486701058538
30.8640308243	-277.565125755	1.60130296928
50.2850235431	-268.266312586	3.23263740283
-311.386637838	327.606132325	3.79068534767
464.800284684	473.265668871	29.1792251245
36.5173044321	-299.795248219	6.92267639016
-214.803406874	-111.083078021	-0.0566575368333
167.910383108	-221.39777969	6.43211986227
-131.739807549	-162.517182668	-2.86425331439
-284.055599025	355.97299762	-0.927645846995
-163.005560026	-110.360250281	2.31624970438
34.1161434629	137.415191431	5.31557032592
-28.1446016672	217.039699054	2.59529140076
351.163618927	381.790668524	9.41550513368
253.007450316	80.8169080953	-2.60429941282
437.631089122	378.35648223	11.1508835295
-37.0281476049	-100.322776892	-0.436525664902
38.164728575	505.116918713	-1.0089197781
80.4841057557	366.292024547	9.30599993451
46.9913405261	210.961136956	12.2802749972
-153.717612181	236.420128252	0.689960058552
371.485316094	333.441697063	8.59522220674
-275.522521647	-316.845602002	-1.23076287657
-31.3761678834	236.002484695	-3.64973945113
156.702308988	419.074133578	3.43739030323
318.307189404	496.697895493	-1.21420259727
185.869987939	125.050372249	7.33400845378
-146.868301013	-211.520853197	2.4243512702
319.295042934	263.820039676	5.26681304936
-193.230579192	-179.305193992	4.75980388524
102.101259818	-126.131594916	-4.97353519681
393.086446876	-291.536739857	-1.53489035865
197.120675032	383.582165928	-2.49069795974
268.906796266	264.727620299	7.89921007336
111.48719479	-133.034829474	8.04802028205
-67.3991637221	119.651418968	2.97714620942
331.237164808	-310.270440286	16.4313133824
-187.663787698	-234.585960209	4.35220082094
328.349415549	418.383296697	2.58188109108
-235.954502969	-191.51190177	-0.406003507169
-38.9381976912	425.342549367	10.1503076872
174.057613053	140.323754769	7.53832091775
-25.767298	-319.305159553	-1.36971688879
-196.216456049	-15.4752621279	6.01021829028
-278.23313166	261.915031071	-2.23029928862
-208.724308	95.8827506133	-3.30755026308
-298.711936736	-247.910740566	0.746841250514
-115.655750482	14.1541713917	7.17892197556
242.044339879	-223.805003644	3.7155607634
-214.015121747	-134.540916051	0.126178989852
168.862280299	413.2397074	6.58439667604
288.469224898	361.898965722	10.1229834441
420.915445137	-120.979518627	4.61376772614
205.780780206	74.5268434454	7.69729045102
264.898049769	12.231247734	-2.94836548659
385.611942657	39.4895710273	34.7907413441
166.916496432	-137.346673851	7.13642916822
335.009044566	-142.788457387	1.81818770155
-22.3498185003	372.050327399	-4.62986020283
-206.39939798	-108.549913736	5.58664479732
-164.222994484	443.390561261	-7.76640490049
470.364702914	45.4190355168	21.9080063215
437.748826739	-147.168683105	13.9099722757
-38.1269540513	91.6819966979	9.47179827964
448.277776036	-78.3162960718	-1.38995738712
-47.0381418451	111.950861567	-1.09515430059
193.815433001	29.1271591928	-3.55329945969
-203.601401342	251.328128623	1.984337272
201.29553055	-296.378042866	-1.93745341628
281.409814314	510.650940089	-3.49154624346
-8.55507123145	50.3157317572	-0.584932298332
195.735880799	106.109544953	-2.40147375886
514.205747475	140.056612402	13.3627718157
417.931303227	-328.055106471	-10.5877917854
375.136677655	381.44767139	3.79167774986
-89.6290552357	509.915408741	16.374954081
-258.022386343	-47.9324493741	9.32702639717
234.585797795	338.961660646	11.9814837626
104.449422346	-267.735927387	-1.75612129438
344.403084884	302.742724611	6.44043283337
195.436999409	-23.8995737833	0.690822300173
469.755397598	-313.264884866	10.6882747197
143.298720655	-314.309398886	-9.50670130583
230.970503926	300.57177066	4.92411092493
481.589277165	63.3408118957	15.1748766091
529.729216508	171.104094312	2.0566997649
304.99827862	-278.376423307	-3.71685053828
28.2849688802	-203.673090304	0.0346284085834
-266.352569481	205.43970673	2.61067801058
223.642048239	479.319909325	20.6540178155
350.868694402	413.810309759	-14.8551283155
-238.129350829	-157.376438889	2.98672316132
7.64871197176	34.6629320929	-4.06824509868
-175.554159369	135.312889476	-2.41912219851
-196.830160125	441.126037445	6.56070492625
427.899043856	-80.3984318068	16.6011498616
165.548152874	339.979977389	11.6184554457
-24.3184250975	464.613341397	-1.14517130219
-301.845824517	176.435702881	0.804441249746
412.02066022	-224.484077078	2.36300281842
450.474874885	-80.7902056188	15.2541351998
442.856926547	84.339602339	21.0832067355
-5.49097767487	348.757453522	4.56791823571
479.317206508	-240.781707003	23.0756411346
77.6005122045	-231.445795077	13.3128898929
-214.493776412	-81.6338802117	2.90646491127
-147.406087788	38.0612030175	2.08139684007
452.908886262	217.716291824	-4.83140204001
-291.435347046	-148.583508226	-0.139523053148
-237.180955437	-279.433383772	12.253478961
161.535464777	485.734341304	3.49512088255
-217.649158522	330.014547169	7.31969797001
273.72195259	450.110661554	3.71668749626
5.44013601021	-162.682909901	-4.213257422
122.473612275	-127.789932427	7.04223965619
350.927616278	507.639343332	1.38508220817
275.004919739	327.2083956	5.1891848068
-153.855822642	296.692800844	-0.628701670936
-28.3971752836	111.003085553	0.132559930419
150.19766926	258.152038284	5.78976933063
69.2340429789	-71.294028194	4.0425309989
-254.973288374	374.609959369	-7.87590452263
408.22745927	-325.828644401	2.98170363465
119.481566001	-231.534675361	12.2880146928
-315.32994034	459.062401701	10.2037075424
327.40162139	503.692669629	-1.7231485139
486.417955417	-57.8288275333	0.996953492202
217.18758777	-233.178457718	-0.163259531634
-310.870581975	-19.1564671673	5.2748862611
-16.2995410834	402.427123037	-0.0921983743377
-228.594430884	-301.683997934	0.9096904351
317.712620885	-300.35118857	20.8105328017
403.139444763	286.268866241	7.76164709372
296.335459148	63.3883427703	13.3591501523
262.984446755	144.550063347	3.81610053064
-292.009271688	-4.04133389908	-1.43675673894
122.148333871	417.077468836	1.67069104157
-222.009386976	146.973716226	8.26067612312
240.058114566	240.024071194	10.2907660535
519.033280286	-161.515661934	6.65813886208
155.734546709	-40.8474401276	8.98338018496
-33.6903796329	121.335613554	4.7814120407
510.894739652	-23.2388921085	10.019449957
311.970673663	236.42921424	4.55006912561
303.467683482	-262.104928509	10.7492349834
-225.111323791	344.12363852	-0.347085945807
-90.2941465554	56.9984231883	2.10588187266
-292.405120324	445.095798228	21.1182392221
-131.299690263	472.608892124	9.3971044101
-9.378638675	69.598632783	3.20606213927
24.3077760439	192.909242193	4.38392989245
69.8162537116	-198.128138105	9.03623532551
336.281058428	296.468309478	8.12442322138
393.960303971	398.744502801	17.731642035
-123.86329858	526.854180205	8.74242880577
308.055692607	511.238515145	2.13962045864
130.113802927	-38.294457161	4.07891040443
352.260161492	263.244265672	4.15627077244
-148.063179928	385.113495145	12.0835696154
474.210990087	123.914534316	-2.70864965937
332.869493893	261.68656856	3.0333327906
43.4407631313	-115.856569294	4.92097905119
-162.738360192	-199.706219746	12.4957509875
313.722362997	8.57148843009	-5.39115751458
-280.311133147	87.7362955976	2.87461150573
451.249549865	-16.1947716779	-4.04210761417
94.5488840588	307.899883863	-6.5813352408
360.100771098	-161.036485661	5.62756219163
357.553538539	61.5253356556	2.23810448789
495.892279324	373.837614408	1.83783808103
-149.545950901	-71.044321313	2.03157737561
-233.229773158	-314.196578604	11.6043146685
-62.2379505474	487.862761495	3.61873740046
130.305159371	433.209669461	2.88240887454
79.5608314945	100.466918727	3.24583501188
-171.89394342	-328.435176879	2.56395342612
-181.641485309	54.8988692968	-1.21243334652
-214.884183	-296.30954648	-3.95429989538
295.252359741	530.523648715	-4.27037404448
-72.3452324212	110.548100891	0.770602329073
-76.2189150838	498.529976554	8.07263717728
-187.275606411	-131.680856179	2.67531013291
-106.670568402	98.1231523038	1.37331507293
-8.37334720301	-78.2154856725	0.580375247905
-264.584131026	-41.8361892167	9.41177648139
241.297986081	310.698938967	6.51037748525
495.922372096	453.914756221	35.7804160152
-312.46202076	202.650890301	1.06702222853
-261.952761311	396.114598039	-3.73643833286
-129.955289045	-177.933979215	4.93820128272
154.308768238	105.214017938	3.80288798394
49.3696430265	-259.280626023	0.749829708119
493.02323208	-43.8404171938	7.34246886334
72.0635204281	512.340244683	4.37830827321
289.606053974	74.7960872512	-4.39487302645
-209.377864479	-51.6703525121	4.28852181746
-99.2882961538	150.843477092	-0.397050384835
489.385422904	-103.383366497	-4.04454747876
429.090955887	-213.479519571	12.0149415641
309.75406507	440.856003157	11.4095159679
-23.8434193058	433.714948594	6.60894207993
117.4253606	-80.2079532304	0.116300517725
-143.920443131	-251.823774758	9.31661249846
-259.279200005	184.079174339	7.69585703811
-256.266748297	494.10762683	14.4296061475
137.503975599	-65.0694833338	-0.189518183257
-39.3127517798	123.341088043	2.09009547153
400.239303839	293.831250869	9.1286101552
-190.316044614	219.805346662	-2.91832774202
112.100537556	174.919134942	10.8598705163
365.614333776	438.723217189	3.32521746665
453.880721102	238.466224607	-9.35379862377
-167.642242055	-201.728210736	4.40134684307
-21.541881877	387.481900538	-1.30964003423
-102.809766675	276.576184342	4.34927813227
-14.1229542576	371.454085598	11.9737119024
259.37924849	76.4368945668	-1.2576661292
138.912719548	-195.685401835	10.5031283766
189.809833979	63.2661862002	1.71365241024
-306.836958221	182.234806877	2.34210923254
276.306012415	517.540630172	-3.1785330634
-61.3571307437	282.852460852	6.26614287937
-61.1494300165	-145.273820249	6.51929590158
182.535359091	153.800147422	6.52064696727
330.012234258	-78.4847458838	2.96248030645
118.818233498	110.42338442	9.32765712948
1.61046232811	135.840790143	3.14732670099
378.71907679	-158.857405583	1.94684832355
138.414186659	-253.323085729	8.75218719425
79.2725267289	178.917996372	8.24080837618
93.8907688291	189.841393245	17.0957449233
226.59194677	-28.2623979656	3.17021904026
416.129995151	-253.936781876	7.59191302406
435.884929083	-120.783726543	13.3688969044
207.225349769	-39.1669687298	4.92152129669
-245.890315612	-205.66015342	0.654081293243
511.520937878	152.918120872	-3.60551007279
-26.1962798945	-69.4445818345	-6.40981276414
-107.386928771	53.7674978407	6.30451988726
207.060561314	-262.623978675	7.02062900365
-82.9506331376	-39.2296948505	-6.92510197705
311.540436595	-10.4689869687	-4.83426070062
-125.764497116	112.623398796	5.69790328253
-201.611300598	91.913108874	6.91758467514
293.203311826	406.120386274	-5.48610908161
-46.790073329	397.210175959	2.21116576231
-118.354881908	501.958913905	-1.69161106283
481.004880649	414.047427322	20.8419489457
347.694201665	-139.568200241	-0.292552085447
165.63209965	185.795189685	-0.0364995517734
188.460334524	527.297108889	6.32845743007
-290.633635688	-102.342922606	1.76063755075
307.534121359	403.182641553	-4.6180962428
-289.678682654	73.1131630848	-1.24434425123
204.333171275	9.0564345899	0.520673327759
298.423874257	-273.365637447	6.5547605243
202.016002571	-10.8647660713	1.53202748264
299.492470213	-109.849043642	15.5497988548
-199.99997436	304.821671401	-4.22287075187
-4.76241610826	-168.373207076	8.38109300765
371.068445303	362.791302064	12.589809748
25.6119343775	11.0839333185	4.31168151544
63.4777992658	364.466168932	20.1840360904
226.070242071	213.275465721	4.05989053854
135.368060742	-207.917082429	0.57463477855
426.906245231	105.715015933	27.9784761311
-279.608091177	-193.457609605	2.18059723182
129.791764202	-278.157781444	11.8919081866
-11.4452575635	382.5398573	-3.72960246265
56.8933339762	21.2924177469	15.1922570583
0.0548398928256	431.778430136	18.5959656286
-228.621711515	-103.179189545	5.32079273202
134.138725295	-67.7243993908	14.3135375938
265.679939112	-275.603113495	12.4959398995
-50.6398940731	-229.517541228	10.0086854076
380.072350698	504.462013779	-2.0215612686
448.204095389	-145.801288944	-2.61967738185
92.7020944962	404.893246379	18.6313285059
82.5821790494	-250.146112224	4.99695180069
273.016426879	-140.086345247	-2.18207998536
402.904329878	40.5815082679	12.6121041417
517.107907273	375.274304583	11.2884871132
-53.0602135757	147.813116578	2.25146564935
434.505236334	499.878756878	0.773407163647
72.7144532763	422.501494656	10.8983286624
485.507093132	-73.748006534	0.00247049749452
299.600767513	-323.819939556	0.409118375668
-246.377966159	482.543142976	9.35097076047
-310.444611708	-175.722308004	0.475634200333
468.13452047	-40.3046271807	-4.01797606009
37.2370920733	88.5786768443	0.60996042398
-136.573070901	240.550710433	0.164743173798
256.429170553	441.283311682	0.551305552007
-313.5002432	55.8947709869	10.672104932
2.59208846424	-287.858205786	3.9939339268
154.114160674	-240.654875583	3.88052276163
-128.532150337	-35.4092206019	3.04493998219
-157.670720076	34.6056881995	0.227697223454
274.242825825	-53.3964994674	2.20045471401
-166.274878327	23.213110205	6.94927602497
525.192539677	231.722762318	-0.992290595863
471.38686283	-18.3753962939	-4.11943943312
374.098393895	505.922607232	-7.0487823811
174.50362275	46.23469372	1.72695267149
-209.860560169	-171.390962612	9.14693059691
166.812147156	154.740509871	7.7739763769
505.618228041	-208.441979855	2.77305340012
383.491475523	119.192243557	22.8010089111
-282.345118005	258.3374681	5.73485509584
-234.720677014	193.94462435	-1.99285403711
-123.862242277	93.6570729562	0.578216231938
-16.0753023092	-210.310421128	8.26778715937
51.7367007797	318.328035192	2.74123333735
-179.168776415	-175.673708839	1.31106057015
343.883997187	273.315864764	7.9499882981
249.206806886	507.123762089	-0.989856392773
185.626297777	-129.970275796	9.01958723364
221.111401744	-44.1699715873	7.64422403005
-305.216464074	160.314275769	3.72130063117
-18.7584808379	93.6234047417	0.690902606094
132.386818504	404.221518775	13.7072841332
-317.683176975	473.095136295	1.89599144696
222.144750231	-104.231970258	10.6417744404
-257.152920089	329.227927331	8.7699196799
356.106563646	262.988630531	3.19721176148
-284.627091977	167.152767262	0.146366471978
204.70875969	529.950723271	-9.2108685194
42.7277062366	509.70355166	19.9339623346
18.9071248518	-215.917910552	1.97994496153
4.38586684	331.295843502	-4.6499716699
48.2985949625	8.07479013085	8.99468453669
91.9565305943	84.7355310123	3.11505895067
466.040227997	7.67811611819	23.2594106657
503.818791826	138.137796824	8.25693694208
328.023303296	188.189179946	15.7130996657
-221.186992696	101.92860209	-2.81622817188
180.956382176	-199.108137245	-0.697485979599
-144.04341808	200.185911856	10.0766771126
125.136055595	-270.037575077	5.51117967835
-116.855404964	110.342790555	3.64688923169
272.266826419	-248.801389824	11.941000092
165.504809893	-21.7780507624	0.132214499561
-311.176869766	376.30412967	17.3061507481
265.465318982	-249.861032608	1.29143877409
198.405380463	30.2770410836	0.0531986287373
-259.469934914	525.006863484	-0.290479939509
90.0813839502	227.596994108	3.50998884606
-179.170971455	515.580289103	22.5837453324
-195.971846756	400.097846744	1.86439628103
415.486914748	519.179311263	-4.16876416438
342.658569615	71.0237000087	20.9318114653
-226.72479436	-61.836130293	1.55334398942
-104.443297276	26.5479324138	-1.44404353202
-5.67656414721	317.464533423	4.25833139704
-145.507662297	-201.468482514	-1.66266769231
-310.090581418	316.273336125	4.06169605023
-205.829352377	150.102736924	1.2574214038
-229.43109018	328.412100024	5.71379863657
293.707597377	21.0336089996	-4.58886351975
424.309477338	280.075326128	-7.80341546931
135.040546356	295.399712153	2.71423362607
91.5820530095	263.973984931	3.84859036824
95.9645779458	-129.714238476	2.13788983844
-175.094682701	179.105096719	6.6482335101
-302.539841018	173.897080084	1.41676107413
100.73360963	-71.8839600482	12.6556170711
374.282132022	-41.0349596741	-5.81358610175
-160.318355383	207.466307747	3.87697226887
464.912696935	123.995363946	-12.2496228818
138.789677985	433.831589726	13.6793676179
-325.145420027	250.489866695	12.6484761134
468.537299118	174.420593995	6.86995792086
-197.256953856	66.9757253235	6.60837702836
-82.1781190721	49.7908558495	1.28067381266
-23.4866752133	326.032147283	5.70595582464
27.3036882497	239.383791151	3.88556985814
-87.4928278726	260.39895392	3.68047585981
-248.033747107	275.580133784	5.6838688274
491.821485257	296.196690703	9.63216301274
-54.6169732255	-137.468887348	6.32296082752
229.444144301	-181.605992863	4.64285361676
176.545882556	430.317528919	1.3685740248
206.351776463	-240.433190763	0.526794266816
261.054233407	-151.108245517	9.4824866536
294.404831846	418.365367721	-3.77660200961
-41.2931674394	517.980714009	7.96023432808
339.810918478	6.52435547336	0.918466689049
284.423888616	515.031629459	5.07675883004
435.125126066	-60.6692370664	11.0011096476
-96.4818173811	445.365915557	-11.8965388694
145.06166817	-249.148042277	12.7088908768
480.299031004	-297.568404664	17.2765630687
-281.618165743	-117.643067196	-1.93984531843
172.326720867	-87.9310631399	-0.772928865749
256.563244512	341.491986896	6.65506202915
362.319680379	-80.1015959951	2.13343896682
211.465856703	-329.112050802	11.7504086215
-281.206164532	-91.9810935675	14.4376531808
-164.235611532	-134.524035973	0.903502773437
295.9881203	-33.726569932	10.7812257512
104.19935416	-153.15933584	2.08496080239
27.3030873858	272.397583459	12.3377850751
111.892520171	-208.387985164	5.88346473767
8.80476019656	283.050491302	-14.4483289752
-199.473514392	164.975941147	6.2314634118
211.634952695	22.7125931213	7.83224973154
474.085749335	-105.009930088	-7.45278274725
509.887846775	-168.950295333	2.56527837694
-74.1865639216	-80.4722127422	4.16368210233
291.373531854	262.339880669	8.49960916957
-189.343136427	350.378025057	3.72640531833
151.413150297	207.934457192	1.39454945051
220.479727569	-175.1028059	8.43838951805
30.4573280234	110.543631971	6.79256524617
135.960998287	30.3078686777	9.11772253076
-29.3291060381	-114.33538554	4.05949877204
324.746617864	31.9954836808	-3.2810691097
457.349462847	251.1823931	2.55328815764
243.752418514	49.1831028411	13.7937866141
79.8133706281	526.890029737	15.0163874354
230.842283881	-225.985152771	0.309740531558
365.080480005	81.2867670606	14.1892943849
-217.944452379	80.6383070107	2.44059926923
210.947888891	-132.238150867	8.16505691337
177.723882461	71.9199288933	11.9009310639
406.198503465	79.6620448834	15.5118911534
149.792335339	497.651198946	5.06966489632
107.772966318	343.455607424	5.44880515934
321.71308747	-276.791415808	8.21017734929
217.673932873	-106.810453573	0.355915177295
210.23941011	466.747295284	14.1344290937
145.619692751	515.153133937	7.54835022205
-255.051733352	-115.661511947	5.60402064231
62.8048030073	120.016176868	1.51154166121
406.709810119	19.2737270481	5.98581178439
-243.837283498	-278.869837138	8.45935329319
-290.66219057	-140.210040409	7.44852373895
523.644610112	-239.262545605	7.0473724464
156.879676675	101.050910603	1.64599947284
165.08657857	-138.514035332	10.6312056282
495.402306606	73.8176116392	17.8765586488
-254.885370429	268.437072204	3.15005525747
123.875902901	-164.146141922	3.53350087936
341.650536242	161.127459409	18.4289462841
-312.600629545	-123.02378771	0.23194939484
149.638898795	0.996157069966	12.2026921884
277.360130581	509.096383069	9.42872826847
514.754239304	-329.757992496	9.93510607984
334.027138177	210.654767569	3.01384958589
132.283425081	187.65712753	0.48099173875
68.6059465244	151.901535188	6.70961469382
-15.7221441372	-244.56843933	4.24958452006
74.7638509042	-117.48511334	7.23591995961
203.281839188	-105.150456385	9.28794912997
57.255662568	443.748611294	13.493573974
-39.5777913189	51.4788700796	9.61895551152
132.787781067	-95.084659308	13.4125603816
-116.842757196	23.1740658831	0.494425736953
9.95597788548	38.9427968711	13.0593277865
487.220765218	338.595494952	6.98855179518
256.581025371	68.9229631436	3.76655313547
-201.268141695	238.97448822	7.15636745472
-129.44232339	-138.475070043	1.70176810855
156.413135974	-55.4695193003	0.939160411323
-256.777095974	320.680801877	14.1546871477
-275.626764715	416.43451432	8.49539355852
-91.4112078627	161.129207339	2.06605031225
-262.893899971	-69.8707060288	6.46083588111
460.552745204	421.31067872	23.1798903035
-321.429169834	-149.446627633	5.61580486806
250.531454102	198.899656002	0.207907000411
-283.197103773	-195.551982848	0.49656491977
399.640164862	268.976526954	2.57687076678
129.23785561	-18.7601694494	12.1167155836
216.425209122	-198.327091263	4.81656602533
-115.501398822	475.983931491	13.8152831603
513.346739004	-7.4537699284	12.3883617111
90.2198494304	-280.835920347	14.6716893602
514.795965551	-212.219356955	18.2358944577
391.676631082	212.453613427	14.5363842108
-282.088010064	463.266812083	2.89401628228
384.598899894	-148.928223011	10.1921020584
486.858406842	177.528527492	1.93722076108
507.122494395	324.436058588	16.0094478827
244.910568238	-156.204516499	8.85065228087
530.741171832	-65.8944184357	-0.164305402369
303.295408916	195.454706006	10.9802947144
494.758621485	210.675685444	2.14071174419
-51.8148456983	-19.8791486348	6.62168003481
160.476231772	-297.288317385	14.1702635496
444.335090917	195.410479121	5.50849426305
454.03773201	-124.861156193	2.25170457734
193.100783169	-220.85228799	4.23071583618
252.101994764	-226.902275087	4.65639383597
452.864848507	183.334967376	9.4068291901
129.778380389	232.277158502	7.38654447111
428.333227638	-329.95329254	24.6618515289
86.749860753	339.91962496	12.9173075439
-42.5024681212	325.592581794	8.67936269783
-64.976900867	380.425243717	3.91005009093
505.788904407	210.831040288	3.9616936135
-95.729680575	11.6933588472	5.43634497267
-225.459718584	-154.09977467	0.779931215922
203.231483958	450.85259966	6.79174689942
-318.207972211	-47.0192080889	2.90028775473
346.67228195	-271.536704781	-9.40443983931
75.9519031181	-162.54917481	10.8160190115
209.829536259	85.949154528	0.723405401792
306.998472496	-56.9390372357	7.71322709393
18.5619363954	19.1753043998	-0.939782967745
322.550952185	332.598151576	4.04558246772
-237.834255134	-99.4935792572	2.59233012367
168.099116005	169.981784372	5.64135733108
-285.913088758	485.661815048	13.4161440884
-63.2829434081	-293.435258483	7.98934964706
303.87756324	95.4375736794	16.1252303175
-147.012050295	319.790465342	4.96013535469
130.034943632	21.7534233184	8.09621498276
146.411425266	-51.6609234668	2.96291728297
95.7203059373	166.356657546	2.52742118173
391.147875429	-129.182975312	12.056638152
-85.3710327995	300.829990375	5.62704102246
363.320137268	-206.061060536	4.52503762898
-243.864158154	-48.7564601278	1.47968977204
197.396866198	174.071110175	7.69325952167
272.126061069	-205.975338464	4.72747510669
90.6472466483	-177.487695218	-6.36552158233
-71.7922418457	22.9892212834	3.08562539846
-157.337943476	491.339018893	2.46040808724
-85.5484803324	-93.7872615655	-2.41324510503
73.797427813	378.369937115	7.92207485001
349.494095114	-233.233301815	17.7055994202
390.214090306	132.007236159	15.1993254813
444.380715437	307.438083641	-10.0382432352
83.4389967186	-260.272346342	-1.28193583456
90.4295534164	79.1202644774	6.60660542873
-234.918146146	-0.850579320148	2.14922537891
489.927409083	-216.840893056	0.943193198923
504.547463345	419.974942919	31.220917302
125.954935551	-292.364390205	-6.67989121667
-189.225249995	280.492347057	0.883580035221
372.233826844	313.243040874	12.9840470772
-317.731698396	-201.13536388	8.54238719646
164.408157365	529.017844467	24.5801173229
-327.81277409	219.501579416	0.918884553387
4.60261591672	-293.147481115	3.39126635911
491.08641873	460.957196403	23.1559411554
-192.987792114	-60.0167506679	5.04925789922
392.073460988	97.1062074177	16.1798698769
303.232017838	21.0338106494	18.7246717394
-271.986588419	266.424939249	-4.13513512583
97.9771765839	30.097413999	8.19467602115
307.423323851	169.235251811	-2.68026330635
-127.733239223	-62.1332311336	10.3703013878
-279.416876657	406.822364848	1.26381622131
176.182697388	239.567138397	5.52497643747
108.894869934	428.65474624	10.9035025444
-115.486142259	-34.5018958376	5.27330312775
401.545480654	92.1626713334	3.68481641195
304.570637443	235.217261834	3.25079518036
8.49724159911	75.8046528205	-3.04271056871
470.915432331	129.712650331	11.9257336336
-255.386802367	60.6694168144	11.4527271351
450.266566828	141.055361231	-3.40258487217
68.7167138744	407.518375085	22.0335614113
-289.442169229	409.592676223	19.3972150066
415.890442573	-228.971080567	14.9018661286
-100.431949004	530.67833022	-3.71810939717
11.1332351111	425.06566926	18.254836216
-200.303197141	-105.862666391	2.518365352
-118.578129392	60.574308672	-3.19866488905
-251.279121644	96.6701925156	5.76885798313
463.609272704	-313.950835581	19.6124004132
-86.149982976	192.954638736	-2.61834254062
-209.474379667	44.8375836736	9.79759943214
50.326017005	-7.48469889842	3.23430918571
-95.9168668875	281.915577003	-2.71905163141
-295.655223994	347.631182587	-0.834629941316
-53.6422501175	-330.038682345	11.6009062113
289.406444094	-320.330558232	13.936706369
79.9880735601	-13.8814214139	-3.92336116923
-253.257442936	507.188864929	14.3719296532
153.403692049	-21.1909197978	3.3640153064
-230.662890935	321.051504898	8.38453865303
355.061074914	112.883871064	4.33056744285
-246.954472508	252.610532068	-0.0307768103621
402.228690439	-283.345576652	18.5538710049
198.423208214	-119.69143322	8.40589779099
360.785529517	244.120681831	7.42777981382
88.801563752	-9.32739322243	5.64903642301
-102.16744687	488.306672591	1.96916403902
152.720811452	-145.214811718	9.31819253937
-149.145711	244.108226702	2.49196060481
-219.320020539	388.906478016	8.28033961188
144.419025134	319.920064846	1.18505008654
306.344133186	-220.836018827	-0.374584551112
484.950137518	-103.782924929	-0.796876773355
108.942636804	114.967128649	4.77708019674
398.625412986	-159.429931878	7.17723138569
112.308448546	425.429065062	21.0224683082
60.5152633466	-160.841264001	-0.130696825567
410.282721617	-298.083459454	20.2353372524
-155.768822424	464.960191536	8.37878419206
230.704468537	161.369129334	7.53474285898
220.246983364	198.640053701	-1.40057454247
77.4250385762	-21.6479128012	0.919510667963
411.401204797	503.273595562	-0.857224929256
-194.783393375	-83.0364337364	4.01256501383
-221.955638054	372.299410445	3.85920028514
-272.46962057	-320.140244311	9.85747605441
-264.11996683	-217.121465996	6.66055929589
178.280741178	393.373301729	-0.840006456715
-85.7686685454	-223.321039165	5.99804399428
279.241251886	339.343661294	8.02127087523
-133.340417775	187.939442072	6.73680458194
39.6662550291	-233.801514405	-0.407249683626
-313.07758231	375.93086858	6.72293802375
-109.769430241	-253.054347246	2.76319744217
37.4138065736	102.003662857	3.36955429763
355.851825928	67.3115141727	12.8072166264
-180.353656762	309.514633422	9.16746304914
334.431659908	413.493792043	3.99879795008
-202.043397877	-230.377536587	-3.43488661835
242.2953945	258.344153584	5.51374924966
441.594038672	19.6680303939	22.4273747384
-285.859005313	302.100515962	0.354917316653
150.158750677	-147.759779762	6.14520402918
-48.2090746291	226.758438737	2.0531273914
455.359310868	-215.887967901	15.2469237877
420.39757222	254.824996642	-2.61783520778
-264.859675642	104.323444385	3.9281431785
232.592075643	464.766327797	8.6208056741
-254.884317406	-283.713479999	9.70440132235
302.867201159	339.018271666	11.1516123383
396.841155132	498.323142886	3.08936739
-255.090146762	-38.5601103392	3.89564470115
-169.227486545	37.7943756477	14.2054251853
119.714221585	-91.27963943	-4.1878386732
10.1474182667	-45.9719131571	0.795137956473
348.542558007	428.576500088	0.740523609879
-26.4346278036	-31.6339330785	1.4996986257
-159.906533403	107.209606796	-0.795855489114
135.278506929	-42.9659058004	5.23337541173
-231.08877002	-306.567035764	2.01022483742
-248.016538121	145.664544137	4.9984815764
397.761550672	63.2705837179	12.2951311757
-72.8549356138	-331.321779321	9.21887114588
-99.5442432108	302.834642415	6.5004280424
12.1307955521	-114.273865356	-6.73789093678
243.750128818	458.921109843	19.1134703361
289.089440967	-176.701621736	10.7993522398
108.829417318	298.159519751	-4.05580674351
-85.5756540008	149.959183124	6.45475473477
21.8375557553	289.709381789	17.9880888239
-78.008931723	197.567778114	2.62587143478
506.956887949	426.503776691	22.7487905846
-15.901053205	190.263521191	7.98592520939
-243.802713953	392.809420444	-3.52296647505
-6.72834903582	-270.985748655	-0.995281489361
238.344406195	356.524880593	15.0866829325
529.409461483	78.0746584747	6.86589036591
313.367205645	188.268944028	6.17775286065
263.822666462	-243.583312748	8.36481372836
-93.8783742136	-97.8525521581	-3.23460257214
458.947528981	-23.8470822166	17.4556516186
4.04682923542	364.147020616	18.8630229292
507.372850308	429.29913521	12.3920355749
136.838964852	43.6598209453	10.2572003637
-177.51799385	171.630469242	9.3472389756
174.859916072	-290.622189515	5.39127535809
-306.746612126	196.136350154	0.0721480508207
87.5502701612	-71.9105897607	9.1544943261
378.920875071	264.91945681	5.06542346772
19.170025561	-204.55266474	1.30720756644
57.6281641202	12.3380629563	-0.136821491312
274.978650463	-26.1579867415	5.01845459056
129.146101239	268.145762017	0.534375646603
304.323132263	171.393886816	4.22101076228
342.1523741	-131.975957075	7.26482709652
113.64687974	154.396210451	3.48470189541
373.105157842	-328.409327886	1.37299666376
338.666760536	-184.801011259	-3.61974865356
-149.541402478	-156.2565492	2.0784834251
378.087652736	487.859551936	-6.94663783013
433.170063703	243.410065543	-5.87355749142
345.655090295	348.272159674	5.67919862972
-101.458616663	-135.698298098	1.3865353002
-231.541752893	-324.970284354	10.9060530796
-263.310820084	-32.3798559061	11.609945686
-239.12317196	528.157215335	12.6179571899
-0.85472511199	17.639204669	4.71591408742
352.577192065	7.4793169635	17.7269353171
168.826462459	392.545515969	0.089304495436
-188.849992918	87.3579997494	9.71804231573
501.606278032	-160.328696202	11.4276900208
187.920705278	-22.1127576333	1.34693446448
267.639185735	193.828404405	6.78500637899
378.682738532	390.646746393	15.8905459128
17.5206749299	-11.0646313061	3.52390565774
32.8512398058	-210.348410029	2.3648642952
-198.78981508	-82.3151948669	-1.29839608213
204.859109738	308.685759408	6.61471587756
-56.8675159258	58.8044040875	-0.607046019226
343.717181889	73.4524972641	0.930288039252
-5.94382857537	530.419345487	5.508933841
236.578322682	181.283261053	9.39682277048
328.73846068	-210.275828186	12.161636514
-231.753902316	257.192269709	4.81806318918
427.107143371	450.418250972	14.0855141508
238.625646164	272.112889629	1.76776988508
446.22482608	398.264543603	20.3448355117
-147.917659269	253.788305687	2.56156158699
-251.503827755	-196.564453621	2.78255406892
-212.360413681	66.0872755704	5.54465370826
-42.3934917948	-218.639334013	-0.9846463701
264.346022062	-140.874532378	4.78970895881
-137.559194763	-290.461352068	4.37455040902
-117.809223586	445.039945225	10.4802973401
-318.712364944	240.303217306	-3.33314757334
-249.665437904	482.429216589	-10.7550492991
-288.916027901	345.718828124	-2.16308005588
-173.325157643	375.25778254	2.13494095711
312.253967434	343.621298573	-2.10201035912
-88.0006343999	430.724396903	0.741725462499
-0.905431335811	-251.900376152	10.044485073
423.88474845	-195.334475705	9.68778042352
82.6312013181	-208.872757695	5.76564583431
-203.912856378	280.829216917	6.60705076883
187.981590926	-106.642976872	9.57092187133
-233.539560794	330.84661875	-0.15851168579
395.272684467	-201.96937979	13.2620299093
100.721036707	404.575305838	11.6684895307
85.095954758	502.352084352	0.367866022783
-297.554606566	-154.043544948	-3.04387792973
488.417554715	282.911151854	0.120940016109
19.1398956815	-128.934096625	3.28966130162
-283.515235878	-74.1188791441	8.11124422169
-105.9093297	392.629454518	0.0949014854169
71.0608126093	210.045288069	16.426951509
407.095520122	-326.662205398	14.7778618774
390.706816165	522.792933302	1.31804222011
90.1178156952	509.319016114	4.75162967913
245.676395489	-97.479493582	10.0259979263
204.759889647	362.106791735	12.6587291471
453.80789128	285.026569464	0.453086868194
505.671072351	88.3364723367	8.0675773953
-249.670927205	331.228697042	5.5445826459
-92.2185839591	-175.258784264	1.1698439354
139.79107803	474.425369061	4.73591726819
8.85676206452	178.553477072	-5.66104065139
-104.801623296	-209.956956914	10.2382801097
184.718265706	-78.9844240476	9.11388125427
54.4201792644	447.056920134	3.50513202931
321.608789955	179.471410954	6.841197885
267.742792869	168.55800639	7.44602534774
154.446330033	220.976319908	-0.72022195039
476.392261887	-167.816920687	7.80725426623
212.315982073	173.18520449	8.46942972487
-52.6368616942	481.144242723	-4.24591547408
154.265255414	352.629652599	6.76213833828
-264.937381547	-303.263580612	12.3270989437
32.967590957	451.351386287	17.7773354746
144.993309363	362.374630598	9.43007081976
258.346821065	-235.320331817	0.404855721165
-119.251367646	164.568399519	0.129084255324
478.855711483	110.113025106	16.6890703186
-330.467746095	-139.087082625	-4.88667948129
140.088933998	353.292707973	3.5744459452
215.908874492	-173.356971792	-0.702729015031
297.138467376	-189.305543352	3.85326499823
502.299117116	305.293559005	8.41954407073
498.991037714	24.6065392345	18.6966885771
-236.286551548	417.528887125	1.33619079068
-143.472013377	249.377148595	2.8327448804
459.763930848	-105.981856285	5.92310295957
369.485458935	42.1981371748	24.1653186255
243.933523737	436.046848681	5.76375699939
200.252437872	361.729014016	12.5436089628
444.408480732	211.379542522	-5.08311106055
-187.93209182	310.859311936	8.55054110401
-172.902040687	54.7898963893	0.574494258151
-156.752195953	99.5412944772	-1.15499939664
527.769880978	-244.723639914	22.6874921225
120.731545164	450.325046283	-9.64216018448
160.369600733	-184.057935099	-1.85037938727
226.618787167	31.9654030913	15.7780914062
100.366454673	523.42959125	-4.24661869536
208.563737827	164.851380898	3.17396624829
-200.874888282	60.6744334871	12.1777554793
509.980423165	67.0242553154	13.6130206305
-302.937352571	-161.084056715	4.02830847047
191.151579399	-19.908582551	4.11256194056
134.927760548	-307.742074496	-2.92451019586
-185.289767524	109.193000563	0.0535141489096
397.430407768	-227.057810648	3.97776714607
443.927609647	503.453399841	14.3017229429
-55.6529611248	-8.8206135438	1.62635848209
304.663945829	83.8980294398	14.1836265669
230.619857347	-57.8061174377	7.04072965232
176.945805045	322.447148825	7.38278517484
88.539358965	-204.076637059	2.07010816377
100.186922619	164.447703091	10.2464891604
190.961899308	44.1381093892	3.11013131417
253.236219597	508.880741838	-4.10007251053
490.077079351	-20.6348456738	19.3721617217
240.834083425	-272.64410512	-1.48736660462
276.179548907	-168.640288807	12.90802245
-37.9471518894	150.799304674	10.3581761667
-98.4604054025	338.78041119	2.13383527104
-309.688550228	437.782561045	-3.56858405145
240.981017245	407.434989363	-4.36898775912
34.9454117323	-175.288729892	12.6829335941
-329.611873957	433.303868084	19.7710848105
357.774795332	48.3555019314	15.0225495491
264.163333671	-152.302234016	11.8602596066
-229.087510036	416.583548812	9.22501435252
-0.00440185061612	-324.650019874	-0.97140624795
454.732456677	-94.9141002873	0.250535214407
211.502065242	-174.700182334	6.37541820598
179.984675802	449.884899807	7.03006235237
-151.444589649	332.581596118	5.94189556907
340.963408521	357.847101837	7.38710088587
473.802485482	-127.618570371	15.1837281395
50.423552501	-116.116724956	-0.77325429833
-60.4689272669	441.394344075	14.8771592899
383.47162762	-8.1120946472	-0.299748672509
-216.834670776	23.6288806799	2.64476992849
-126.094074685	451.478186907	-8.42632233262
255.278824932	-245.867837538	3.15265109173
436.389766579	-114.788715362	13.2827536636
78.000410325	-317.22300637	12.1352266816
459.329895229	443.909820739	16.1417052531
389.080995624	-289.128728576	16.3844442829
23.6761611016	319.903063187	0.818801172102
-45.5625000008	-100.876438626	2.78621575736
-82.2230986725	30.3556176476	8.46691242916
346.326712716	133.30246464	11.3243464032
-99.5518624769	94.1918053567	7.04049009114
404.477171123	327.546039128	3.82120219188
221.342991534	503.896578872	10.0257447057
353.715661723	236.703240394	10.6201993373
362.807799072	474.618715005	3.39439141165
443.749852272	348.578344628	13.359534654
171.542741199	-78.927885183	6.1443375356
103.370793373	510.44091259	12.8677234553
8.17648324052	471.024442039	16.0401185965
-259.021183544	42.9324014274	7.46744355843
26.9737097875	335.030792562	2.11395510343
-209.512529917	350.097887609	13.4885474938
158.389844118	-166.99396492	11.7951730018
-220.323116124	203.267339308	5.98584080968
121.674211489	200.462199425	10.8661317478
88.9438893368	302.080018801	9.24631242803
93.4944948791	-131.945495428	12.3213133584
-252.500164419	-109.995866718	2.57105420668
-289.745065208	15.1292212892	11.9054023917
368.612414575	152.695550044	4.96407361772
88.6653070522	-149.320595687	4.07789368102
203.964621196	356.642809408	10.1596223386
480.834014305	-51.9664017213	0.817378403604
298.996034006	-164.224308901	8.80794042909
492.328591089	104.453770099	13.2553370401
436.774914098	-2.13000812683	1.26898241063
-289.99041927	184.847312432	0.278144117975
-117.656387325	259.491628885	2.31644432657
-86.0028937577	-55.276693377	-1.91613109625
341.567261125	-158.070395651	3.40849427414
-221.876158869	-291.620940434	-3.52390045486
-243.643159885	125.522751786	0.198846831409
-160.917617256	457.404764079	7.51769387991
-34.1131124402	177.187245811	-1.90827815405
295.050958175	-170.987027097	6.97206513754
-250.555552731	378.303535113	4.21565080299
339.562290757	-207.610187228	2.9971163572
-77.5086285883	94.6274984396	0.985177808983
-65.1764590241	-307.876628126	7.05756969468
412.473278102	504.384160843	-1.64049200357
-166.117791	169.273900837	6.78851050816
84.5073530249	516.143304113	22.6680802683
135.797193318	-174.151798898	-0.0480358869529
76.3008718074	-194.995559291	14.3875380534
-264.941729468	-1.88620392934	-0.242751481919
195.73157365	-51.4361393483	4.50952463512
42.7286695173	-223.957049471	4.69656061155
120.931410449	-206.54718042	10.6759125166
445.709134684	-196.668298804	1.75493469449
-295.84833154	-10.7614446323	6.96864644681
362.610851364	-312.203366109	20.3834656776
445.329190239	134.347312714	-2.72350595055
423.616160132	480.766363947	24.0192693463
-200.661543102	360.901748109	8.59326559063
-83.5290720829	-330.632156744	14.3603011861
503.307321015	467.878493211	28.0203740913
184.026223433	91.2921854517	0.724006823578
-162.510348609	-32.1559483213	5.1392042712
515.574217221	394.450457664	12.7414733833
51.3229561861	-12.8694985089	2.81309275897
233.288439785	492.728062488	25.6766815278
208.771349928	169.598989076	7.2232627428
259.794393258	165.71518666	8.30558504896
300.147578245	-279.450046029	6.8627860486
-114.208593226	-193.535719722	1.9400229317
200.419909648	-87.7827112361	8.11755676084
94.6867762501	475.80338705	14.765879635
-274.131828197	478.98159794	0.596241597041
-86.0994585273	422.540452978	2.41381545118
306.701498996	-221.222258726	3.77615739991
475.713129576	309.782479035	10.2433167467
422.329395232	-279.444128574	4.71827888507
366.059603215	442.165914278	-8.40088298218
-27.2542587048	400.723427064	3.88740670645
-130.109745358	410.618838586	-3.28015062139
121.80298219	95.516406663	0.81291146908
373.593905932	373.16798867	2.6258670598
464.0412835	71.5559708871	20.2403335683
487.53737039	326.662520869	17.3960054677
231.010589275	16.7777897999	9.12305204857
-216.225181004	-52.6495549375	5.57990762103
368.850363026	189.002093194	14.8836810925
228.682930187	114.010040085	6.29985415886
-171.060264703	-204.160258853	0.543409735863
-50.6455525536	447.667107846	17.5856469336
-8.26768750422	60.2295083932	7.23007053177
-174.240220191	-187.683376077	10.4912525875
-260.078668812	179.156400568	8.45787269437
-129.856578736	-302.987174863	8.97178975458
491.783203409	128.281515816	10.4248976792
-292.945100036	496.126988598	6.771768277
-135.133308169	421.690516718	0.124973381546
283.330330338	-258.467004875	-2.26611536461
62.5755959799	304.371090899	-10.5716636917
29.7303914683	-171.80208037	1.41395932821
9.1067064861	110.292183439	-2.04780000759
282.141132835	169.748117966	8.76291854711
-71.7851644812	269.537368615	11.7951292727
303.574032021	71.3921979451	-4.72515469122
500.451782177	375.543029051	15.1482665206
276.009775995	383.006111138	-4.67147198008
-50.7803653273	117.764658866	10.0093090009
-15.2205117508	113.53378958	9.51074569048
67.3441094709	13.5124588475	3.74422306917
285.257771512	225.066764627	-0.506358537601
270.593647127	161.678612317	3.55287940625
135.729280473	-274.877631977	-4.05540819643
278.302834085	226.816952973	11.0935530328
297.192266809	166.476898174	-1.48278633514
392.897363637	-203.86214974	17.0051228783
399.519100354	105.770117348	26.4215299367
-112.341099466	-65.4229651459	-3.84143885499
-139.621798437	-33.7213724104	11.2611316314
-161.417992751	-242.080805375	-0.608546805022
-315.674215158	-3.83669759051	5.78933388564
-326.533003589	-313.887482288	-0.690465825519
-282.389269632	-326.623246137	-2.83228672088
21.6705791633	76.7943049201	1.11516106483
271.799768035	168.403367392	3.00532740134
210.947728634	-61.511957128	6.29444281228
-150.813068831	285.07995731	2.49059295725
439.138451428	-253.409598136	12.628399249
-155.78493616	-222.30765668	5.47076646511
-50.1128462452	-153.069048897	8.628094704
-70.0867105093	-322.0320554	10.8565839827
-298.726306734	-37.8292673356	2.00540095437
215.238328524	214.360572441	7.09591039847
-139.641431315	237.67699633	2.57869402991
78.7233279787	-199.710314942	11.2743688999
-248.353186571	462.661167817	-6.01655116895
-315.586919145	-70.3711668521	5.00935568253
499.074165553	-120.020261955	21.166709881
470.22185878	-235.362446841	11.4486604493
38.3994340503	483.138974349	20.0029000465
395.086094414	421.91703882	2.31237095713
370.441648521	-200.010532173	5.12568473268
393.488458429	469.721812839	5.42101678028
484.603396308	-180.748156818	18.0504659332
-146.340939155	-25.6584980758	-5.4038684298
-314.839687849	59.0314500243	-4.64978278021
397.675576563	-208.549165972	9.14486786455
191.445168974	185.613868853	3.1426239942
81.5160243249	-151.138942656	9.11903607737
-225.544327689	-242.448787607	-3.96379998848
-235.046422993	-128.062465048	-0.831371707257
-304.395823461	12.5006887956	10.270529566
268.945073116	-256.430490366	5.94989831643
74.7046796516	272.708114285	-6.8347027427
102.005464465	-71.2421405421	-7.82998851517
-238.229969883	23.8155404915	3.22363679482
-317.415972818	401.998480406	-10.8503092136
-274.399696226	317.519606955	-4.32665395882
308.646957382	-325.357091235	14.2278228816
378.459688647	258.603649834	-0.959155808945
415.697084143	462.805984138	5.55853149737
102.987879041	-7.23394725741	0.851085504356
324.285259557	417.492425741	2.09884885702
0.245809251168	433.716430351	3.18499911122
43.5433822109	446.666419461	10.2328652121
368.692866843	-303.115406235	12.544192293
-307.199976819	202.101762072	0.128894044299
80.6336418789	342.543817449	-3.73446642554
-323.828079195	-129.495948977	2.23742870022
-35.5963111736	50.0172336067	2.31745286672
-144.483920411	506.634958468	18.7561780766
461.779741582	-1.16675397378	23.3598970721
-319.91442319	-291.707028367	4.06033710172
199.968390053	-326.907747133	3.36636679802
-157.25786358	229.915345518	3.77759390231
115.465334835	-312.280796274	-4.07349476828
-81.8715946793	248.385882621	-5.27379016269
-109.551399455	4.34143115671	8.46345165976
437.004761088	456.223752901	10.8971707321
172.149678599	-170.682342755	2.73965609758
485.042096133	51.3258652769	16.7911929781
-120.713134675	6.26609274104	-5.7950656011
145.185992272	283.908292472	11.5065647882
152.059953164	-329.02738636	-10.2116422041
-32.8367095177	-311.362146152	-1.71968764987
279.295889722	24.5178127294	-1.62431796846
258.078095303	68.2634338491	-0.196111965332
-321.052717635	-147.394704871	2.49014962525
239.068030328	523.740599158	18.4497707048
103.261360241	354.213122622	0.589870472008
350.449951571	-25.0419551713	0.157935817786
71.3222765529	520.465877825	19.8200982656
-85.587713034	317.542811457	8.54637747375
307.290600769	163.786493558	2.26506809731
472.623211037	258.587345171	13.0683394241
-111.449655912	516.844531259	11.2352192256
37.6431408767	-128.265636843	-1.76890938117
39.3435286481	-229.050210047	1.63669864943
-298.917492583	206.727347418	-0.214314038576
-195.721510356	-287.031677629	-9.09074975478
-261.780227219	61.3859247636	0.433067802975
-269.796421376	381.162043284	0.754744403173
58.7171507592	-8.97407847476	1.52072454968
26.7773057673	-176.237960451	3.7577970246
501.333615764	-233.60356531	12.1193487463
267.571386901	-23.7527457907	-2.13402329339
-242.590684809	244.035495154	3.92998137923
292.50221961	-257.013863331	0.00469128361618
7.53932600284	514.068633093	4.4779214474
376.602315688	284.3479333	5.07448428371
-11.9845580822	446.509887891	4.59229847137
497.231997226	315.726514146	-3.02760663486
233.127695986	-209.44206449	-1.79923694998
-255.075082527	-40.3751275567	-0.979490696736
-201.530776057	406.780929559	-7.80202322675
377.126792206	398.921154586	7.65027202616
441.301093843	-148.037941875	9.32784796075
272.029051338	-114.030418804	4.88247827283
371.378556804	486.574444351	18.967967909
-212.292611649	47.0086632998	-0.424447779861
-57.9998285317	249.718243143	5.59694359221
504.519759234	184.514392372	-1.50717682445
55.5507787379	523.357684612	21.3188274706
-323.052115333	-267.324576376	2.76559069976
399.262252058	128.524751928	12.1604756582
-28.766445489	463.727189398	-2.89102136847
-66.1147083781	-27.7941025096	3.52293764406
247.854769628	-16.1100346249	5.54992031101
499.453859264	505.969214724	37.661131382
185.300629651	97.4962999525	3.0207684399
522.645944555	320.795854623	-1.26641816711
86.7115338153	-125.171997787	-3.65436360943
-118.944158512	354.864659744	-4.66727098233
