166.085570605	375.912998079	5.34943335696
394.478600105	-155.0475924	-0.0929340294314
350.138300228	258.918080731	5.52495393005
348.879167134	-141.568993639	1.13906210878
275.705104942	239.85507605	-4.05988363653
-308.920256946	-13.2756185947	5.32073259088
-21.9512563492	484.639017236	-0.417034038067
233.773180223	22.8930092239	3.7226550483
446.593319787	108.965854502	-1.26219860088
178.181326677	-32.6301860489	2.11227063914
135.923233702	64.2834365135	5.28201773158
-252.436167852	493.335187872	4.31080622755
-202.487307069	-5.37876454118	1.27263331648
-13.5255931161	210.024553921	-3.13244031302
-52.1683661138	44.5618946885	0.878739546935
355.119743085	225.430089438	0.927174524792
264.576034915	-63.933604192	2.62771881555
-193.245283494	440.555535016	8.66259861558
262.172700987	-33.5962317999	2.02713954517
-177.368161104	443.827061309	15.0582317615
-144.114931645	-20.5953564829	3.26547335822
251.889482858	-181.158696726	6.75199364633
-162.941916383	-163.910087458	-2.54854325157
-83.3494567451	169.545232812	-2.14013453632
-72.7751419324	226.916890438	3.26809049584
-66.6469018832	-62.1375172124	2.4490856289
139.920173615	-138.68439306	3.8497364815
364.587546398	259.223200901	13.9269969308
-119.927518596	471.463696967	9.06880888191
160.045803884	349.953836168	-2.51968624241
-167.750942703	426.112514248	-2.30520037047
-311.728172642	104.512257122	-2.93723292358
-33.3558567346	140.001438444	-1.55445943687
-250.353826974	-39.7736467004	6.31489571432
-174.403097604	126.052949697	3.20695399468
-190.091675219	212.930957518	1.42789155571
-213.327293981	55.5829767396	-0.0475706270132
-87.2084680778	110.936369332	1.49457109428
191.474425395	-128.604193531	-0.66346288509
282.038268323	190.347896899	-0.679324126857
350.898139055	-239.450441099	-0.755582990258
302.467333775	-88.9298650557	4.03322777048
-231.165653293	493.380006725	7.31532658927
114.602222261	-292.279830475	4.53036120231
297.909907715	99.030896197	3.55764971306
73.1389399858	283.466931699	3.38756719985
449.333774509	-100.172747116	4.45125060952
8.47015582157	378.383736722	4.08551206694
-227.643930138	389.78569612	3.20519892285
-85.4323487996	355.351046719	1.80855488931
-295.141513058	214.531521236	3.51547755157
206.026957059	488.457865248	-2.06979484455
20.288509969	-214.852982878	-3.01517258969
-84.6723105414	396.922673294	0.525387329592
-67.1706395171	-3.27635368571	-0.298660208807
-52.8863802721	-145.888290347	-1.87284885069
465.534974992	-53.5530043881	6.80910298018
465.996782507	-39.9765450985	1.98902491925
-242.787099593	-279.168943618	5.94894887445
290.427604058	-40.8077217836	8.74628928883
-218.136360025	269.083280722	3.44427371903
-237.380315165	153.700299336	-3.70058353705
245.785605919	176.492982406	3.44079918526
-26.5900453891	-234.429320564	0.169287270574
-199.687755572	144.022621604	4.36245484419
-255.115845999	7.90933867668	-3.06154638888
-33.0421117016	459.836660311	-7.93701381341
275.575842623	290.204698003	6.57544198922
-242.69396462	-156.63424852	0.338934066302
198.963652876	239.922874022	10.0651081786
-241.638598644	423.196065644	0.30865706063
92.0899977962	9.83909209231	3.96271062038
375.797417798	290.641797562	9.12835248363
57.1901329326	421.245696632	7.2106760215
-280.634407003	-82.5520554235	1.75151785198
174.064825506	252.637527768	0.367586219366
370.603934947	-205.93292573	11.4664264166
-156.370264571	-236.802614925	6.75606070563
477.861717912	28.8140749998	4.47021287062
-166.009625898	225.233517848	-1.48081053994
369.874448224	-152.426954612	2.15512040376
-128.108510934	-264.435228715	-3.29248942492
110.875893867	-236.542951486	7.84633904584
466.650559828	369.810059212	7.51745734989
105.207606384	411.704222211	8.14890895165
163.800611079	-186.981101624	7.35582569705
-192.244609278	-200.931828961	8.4541169328
8.04088784184	-313.863606506	-0.764691885514
399.3011209	-138.973747134	4.34936910037
-101.469019776	82.4435895041	0.630590556188
10.5931404173	280.520695755	1.55144877876
-233.724592244	-152.118797803	-1.83462132623
84.7237112221	324.403579756	-1.52125057875
297.076559795	324.81465943	-4.07069146878
-180.727365359	183.648812693	0.423022586909
223.329060781	245.85775002	0.643651841632
125.385851352	-153.826215868	8.03288999916
-173.995531309	231.304455555	5.06564269543
392.422019703	179.421591547	-5.50419118787
329.42849088	365.939447823	12.4889900632
164.807755581	-35.9198101577	1.14050202632
391.153964513	250.78183433	-8.65281473576
377.869734693	-127.662117	6.29873195917
141.396318332	374.348169777	7.13435822489
336.726424261	-258.431718335	-0.822001323843
74.1977617588	454.285194604	-1.22590906201
-148.552992309	-100.443372299	1.63787704403
373.245515596	-259.458503866	6.6165626312
-204.559589965	447.881152844	-4.15036665616
159.246976965	-85.1232150946	4.80522870068
150.529147435	-132.918621115	0.776108787475
402.137269285	-23.6529436216	4.31335563729
238.299880093	-284.433322448	0.568067451012
-149.040038247	256.174362057	2.46590838623
-110.25308428	340.464466377	2.77473234222
-16.7453368859	383.636360774	-1.81986578617
-129.798589146	188.234257475	-0.0479193617104
465.619196368	-91.7940524678	0.803701290285
-107.476663121	325.405076306	0.0720539623679
-155.641926153	36.8797777261	2.87954022937
-309.424193865	392.267976341	5.54568511281
72.9778709926	-61.9032136383	1.40181353383
218.255558498	-84.1598427299	7.09051498413
446.590770755	113.878296149	2.67954158056
476.305481165	-99.7961423383	-6.78605399563
336.556127127	414.497768388	0.909568336348
267.940027392	-83.9922844113	3.52943800153
196.829445177	179.145545409	3.70450316991
414.858626953	-65.0458571571	8.36539885007
-208.881301117	71.0952553166	1.98524361271
-181.393566808	415.691603011	13.9520072887
139.260276286	186.525753247	-0.185169425786
382.012880547	-81.098902043	4.8928619797
415.586479934	199.495702588	-3.21170244033
262.522922917	181.980341434	-2.83164227609
-56.8260585322	-297.980631164	10.9335153274
345.48352679	293.375197774	13.8687888926
-224.064262686	501.043745194	-1.85042985608
273.788370364	-20.8918807064	0.050578217407
336.60102962	169.166002605	3.50120827167
-291.534421041	176.790540752	3.14958251223
89.8088559625	219.578812954	6.09164522849
127.399483235	483.27625431	7.76303939441
387.269768849	-116.103895217	5.06960705839
-254.799544615	219.47249713	-0.176535172144
-40.6469194568	254.682665811	3.31382372763
20.69467846	114.585810593	1.22605630932
25.5913820288	229.987366038	0.218451380881
-32.9772252241	-197.317893751	2.02698469724
-98.2294797581	-46.3481255755	-0.0746810504397
-76.4314807074	164.648889078	1.47928250606
66.6918789452	402.52437778	-4.0079283072
314.768812498	179.483749202	7.04032716949
341.69942863	108.851111977	11.2748770076
-154.94241539	-122.017053697	4.03513561364
-120.912568889	-85.9320569747	2.26549904044
386.789861034	195.059068776	2.33285041882
226.955301637	-181.970252401	0.852997235357
259.399897964	309.007913772	2.71523243487
114.358321043	499.26176709	0.507425067678
-132.429746041	104.821050957	-1.55652462298
203.981191424	487.615794996	10.7067110038
200.044258907	-191.052846181	1.12105988507
132.748581195	422.866838391	15.0775927675
264.33051336	299.740394153	4.87670393653
-132.364468434	-165.612473994	-0.224664410739
-252.401543176	463.297667378	-7.64171349547
362.710543367	-105.630020104	8.78151916327
157.71172627	-130.927335688	3.52549828793
-156.483532506	48.2458298673	-2.63708108555
477.525064531	73.6005814411	-1.61777387048
-252.593693054	169.502491972	-2.51590242406
-194.493069547	209.40622248	1.25425212333
-197.178159856	-24.4406726319	3.41774716893
43.1273709969	-300.313745536	1.06150822338
-108.667995	124.067775066	6.12766130258
-172.502155826	-129.37083545	6.45167582948
-69.7144572666	363.417504641	1.35699871057
269.081383036	187.496744587	-2.29438770666
127.597867993	373.451680382	12.4434693364
25.5583550656	457.049386787	5.6218197987
308.361385322	358.763219032	5.94137267949
87.0094834358	-212.378577848	-2.0258675928
-31.0950653797	338.373438843	-0.0326754417391
271.071935436	381.406667891	-1.43670072751
-278.613821533	-130.965744917	0.360497934135
468.23305436	-55.7750771452	1.16886651118
49.8801218393	-52.749564236	1.23779568988
-36.1828832364	91.0358431006	2.66109496959
-151.895807974	-70.6886441493	7.3184014328
376.95778883	-51.2234446028	4.12628192868
-270.211209477	151.711067758	4.25130580305
150.909688517	439.972246184	6.48389312617
156.499106464	292.77343881	1.0641035465
-2.5691073496	-303.741025409	0.868915310934
356.399977009	115.697311626	5.17881508347
116.04467535	421.079060568	0.900079866483
249.602051547	224.134598241	3.81567430458
-80.6678268151	-224.64529504	-4.03170333387
24.4518026316	87.9318342693	0.38086394932
437.003401839	-142.259791462	-2.39652270317
-23.3281554608	-282.467184466	7.87925841227
-106.44340303	-16.731672062	0.631549736744
458.725151513	252.916484298	13.6738012818
384.431996031	184.828797938	-4.16671002084
458.318083354	303.426473197	-12.0045754806
434.672341208	320.14402038	-5.24696386158
-119.436388483	-107.091519803	-5.51173444469
497.337925668	53.0661624563	-2.51290184697
-288.939361125	60.9390825306	1.23176259569
-171.074211868	172.711763599	0.0721163957365
88.6111082882	355.707537247	4.84178621511
-220.322588583	245.549094521	-0.0444714503884
180.658901475	165.22921542	1.75422259784
-100.31728456	492.253552516	11.5166451262
-213.970340416	267.934560286	-1.77487099328
232.382551451	178.911866024	-0.387008461304
469.118753095	315.922646903	2.23897404961
-14.9931043233	324.134485767	5.14305249921
440.462345637	435.260030367	4.45225382282
83.7256776519	116.842830084	10.7560404407
-195.173038707	-80.2059019652	-2.25602154878
-220.843969944	-208.241208742	-6.09035175678
-80.8342642891	-57.9473442073	1.40949768764
-224.956311752	172.474166103	0.870825233634
461.759920441	-209.598412043	1.98043572254
-77.3659332306	-256.043832481	-3.01752556088
-112.118807071	-179.75127868	1.63412882452
20.5788812761	468.93707451	-4.53841984855
315.35833921	-52.6740477099	5.6669644948
-6.17517662565	-54.2177154339	1.35228332347
40.7755897554	-271.743397071	-1.25869699699
264.769385586	166.544664867	1.42626672208
75.9320475759	-77.1553347092	0.516187827595
232.001823049	472.935148646	13.2242304134
456.780329125	202.734188556	1.8050955645
8.8295129996	-166.242995698	7.80336621731
155.4476617	93.6481822711	2.90843976859
280.103491688	-124.365590256	0.307812737904
238.216535101	-151.987299253	5.27308897995
119.232291115	327.193422312	-2.14168690354
-82.8391106653	340.867828179	-8.55701641137
37.6605704367	-65.5016006665	-0.907116621081
-147.954733073	491.734255079	-2.8617542148
99.4875380553	-44.9856072283	-0.143158938192
394.159742647	-56.552178208	11.2368028987
496.887377333	360.961682406	8.25035973136
404.895573117	290.594533274	-14.0377055144
460.470695899	-127.257950251	14.1751659662
341.846363813	157.262196807	1.24211116883
-190.541850157	167.551544821	4.85481340989
73.8880201823	-160.461882076	-1.04924772784
-204.040020675	-170.877493044	-4.08694358818
-24.733330127	106.75757435	2.72386742479
-275.897785822	180.227127188	-0.116400742104
-217.148183944	-47.185237789	2.58891853573
240.872140239	-9.33237081516	1.46071474014
-238.595260442	311.775327527	-0.25879778717
-81.4109062877	317.764384516	-0.5200681166
-31.4010747534	190.433419851	-1.73814150551
-189.186793483	293.790380769	1.18695715827
-228.998591586	63.9533122083	0.819699471652
-190.918693259	489.879832442	-3.71990009844
-223.427261831	220.838269895	4.67478016731
425.467540737	-76.0928493136	13.373853321
-280.442918967	-272.803137648	5.88539995433
118.373084416	21.6222523414	0.0887496643195
203.792175212	443.500030144	-3.6045085376
408.10322603	41.5695737115	2.59160920931
-205.501769068	-226.171679085	-5.58920459091
151.663329517	168.629653715	2.74391602322
212.692600035	486.09350097	6.32320889898
82.1489438164	425.651085115	-10.6270000822
144.947293826	-157.705498002	6.04927299212
196.595435685	318.821827295	3.07342681564
216.633376505	111.261566159	3.21871617795
-215.912595919	-190.508736179	-5.3394832357
385.935645343	427.279163483	-0.0442605891041
339.870953018	-287.17623091	4.62843114889
92.0408916392	433.36648561	7.86416633928
-31.80545464	-286.145313986	-5.06112160469
-193.24348875	153.867058492	1.21687523806
412.850211032	-113.920382902	13.9966692523
-270.357281657	202.66431986	1.97246398653
501.967863567	93.5429736949	14.2046437194
-282.283158298	-177.241225724	2.42126323771
437.60401211	-243.70919307	-7.87783220141
9.9996214959	-16.2950102675	0.445025337143
-243.570631222	214.917466491	0.956918301264
273.014624988	431.496343475	0.432245972161
186.023460945	341.286845699	-0.661233580678
447.353162331	345.40926219	-6.61614233656
450.39395868	358.15298469	-3.94158176735
107.949612593	-123.703255401	1.653302055
-228.861971118	-205.955777432	-1.87386219557
433.436097706	-313.080952164	2.5356755648
-197.452656433	-250.196996043	-2.36491303536
178.342646013	-289.791124926	3.70072137781
153.315630054	243.531229509	-0.439230733803
-261.690784041	-103.900265815	5.66524698705
77.0249716095	215.069584068	2.47045876926
-8.92597504507	148.308691831	4.42245897219
-36.5589778095	-56.0019313011	5.13806652454
-148.209928728	-311.227159549	-10.1068077235
255.595151058	-92.0448549306	1.46536368494
410.780880339	418.757790933	-0.285259749885
305.542151813	145.830092834	6.77482555917
-146.315631958	109.636892048	1.4988305357
184.627864933	-292.533211358	4.07980472247
-285.623467117	177.753009669	2.90236083138
365.190594876	263.142712657	-4.82095376412
446.558619286	173.750600315	0.661650433311
158.912332429	211.247973428	3.30306235152
373.441876883	220.370952884	-0.733271636229
-50.8089385787	-12.2806805264	-0.367814449705
-85.9955270485	-192.94253411	-0.784324696083
-81.89851606	-247.679791791	5.05347115391
192.679085069	-216.697228135	10.1025361643
223.430418333	242.764687716	3.4147442896
-303.273683154	148.182005391	5.92292086777
-114.985290504	299.288586815	-7.51879245977
434.085279561	-207.366135035	0.476114563887
-121.882686278	477.034472127	1.57992412669
241.273594709	277.608362342	2.24533215081
262.647235969	202.454662138	-0.515331811566
106.080212113	231.636934606	-3.77117494948
-105.318425737	383.784213211	-2.51378657577
30.7388128541	47.9945998749	10.9272769383
-139.814327355	-150.899710976	-1.19548467424
-285.945143911	167.754360401	5.85626845894
-40.0364003408	-297.297692679	-0.36764022227
441.951405647	-222.424230169	0.670425488272
-115.570682073	-138.348489486	0.109041301022
327.140939897	-32.3565093421	3.19955968038
295.672991544	159.823154279	3.75041775473
128.497642605	-96.4615714962	4.53516002241
424.514022048	-17.1399396699	12.5224327786
-163.967462145	215.456539303	0.898771318727
97.2158001032	-126.079940036	2.3996689158
501.024638662	-0.364694822438	16.312822163
12.8506719371	124.116877255	0.343107669532
497.228682246	180.198116137	-0.696955183084
471.368928344	300.966500339	2.02658598126
418.476197116	499.788603234	-5.541560436
-138.793885819	467.876667341	-14.3641528765
447.143549024	374.973066166	-0.982727247093
-178.147055157	117.957479261	1.74437908512
468.021553854	-183.700200736	2.43121480421
19.9404846094	419.312087186	7.46421117958
-212.353441651	63.0800821625	2.34987456233
484.520534288	-147.198173807	3.69168598007
190.583929255	349.121850973	6.20192150889
279.879098397	235.254334653	3.36981899198
120.505035462	254.052803539	-0.312673364899
249.245659715	11.5260020753	-1.38091314353
484.263648088	-178.364614498	11.0831262425
-233.746773951	11.096797208	1.31733063203
-148.341816296	262.126697069	0.905289995546
-142.361195566	360.714012726	-2.51997789618
-132.863223443	220.417976648	-1.29266024411
412.963870616	-271.495801177	0.695349655689
-74.2619361397	104.842175711	-0.74146703088
-144.715953721	-101.302382086	0.766890774211
344.051512337	-68.8192440852	3.93469973569
-301.155556435	151.2101053	1.18809072574
144.480559707	236.484375017	4.85371805458
50.0676922713	482.458051607	-0.747787464162
-247.27415471	163.096901193	-0.459417519478
-64.7143850022	-250.254587844	5.90135165282
130.623779627	-240.020642459	1.88002805083
202.037715661	276.407490906	9.18398268698
320.338690027	-39.3778446104	8.85237633081
347.584808314	83.1763810999	-5.3355083528
-87.3192546943	-26.0598300835	7.36462117691
-253.516554378	104.856493801	3.20982953457
310.288226512	287.484877009	0.391245100032
73.7295976101	274.964105434	1.47131242049
453.387777829	-190.494443348	-8.92108617831
305.333454215	378.245044313	-8.03055876787
10.3048095204	402.285938633	-8.63289896039
-215.188415281	-114.602055722	6.46049146846
189.070686177	499.123809529	7.14982134724
71.5746510365	279.561393425	0.491060126917
212.635001231	-255.681713583	6.71991045211
361.945635057	255.988021596	8.54900448876
218.466444287	54.0202668532	1.89296252798
130.156400521	-160.025159359	7.26720831769
-310.96971912	295.996186224	-0.451683304588
466.424911272	-122.386573372	5.58266006814
67.7723179166	-121.035766708	3.04348229343
399.718910098	-300.090588649	5.89625493645
-42.1992023875	275.033281838	2.30614150895
347.88658656	164.423354431	-2.73827228575
283.062344226	-294.473796355	2.82514542922
413.345780347	394.329735666	1.16142024608
-129.659283872	-99.2740333533	2.7219077992
-184.296515927	-32.6549066504	-2.30590052967
47.6736419957	465.106878885	-2.42030457363
415.233349553	285.023002805	-9.89306039102
308.784687576	397.921227541	-0.297349713284
-95.3677247757	-66.6814907986	0.943047722202
-162.611887829	495.526406267	16.1661143704
482.244664725	-286.088332828	4.68617431127
-229.093676378	125.186130818	1.59936006777
374.551682366	-144.334690143	15.0029545892
239.723008686	-297.052508601	1.55666218028
172.583034471	314.110210115	6.1136790449
393.817389629	-132.459231709	11.8456744057
-305.564256942	-161.041861332	6.69116106095
298.622334929	-113.679714143	7.04996431774
121.449186289	267.470515543	-1.8155451713
-119.279899425	462.005373796	7.21536424438
316.842094252	158.730392773	1.44370676211
395.331256823	384.220419556	14.2600513441
-100.363868949	-127.108828562	2.99107648986
-20.357854589	-24.1626353844	1.687788273
329.8574836	461.716077442	9.3380033677
146.829510585	296.093143312	3.81536182722
-50.5082534996	-140.629890473	-5.26938124918
370.021848331	442.846039363	5.09965682326
162.904353103	-131.821087356	-0.546544161007
25.3876427371	-278.219966477	4.08369387796
369.122674316	221.07881517	-6.23051546733
62.564438018	-89.7374004392	1.74994686588
-146.501643159	351.807536085	-3.32868691016
-156.625305922	-161.943122396	-5.31944342827
-112.443420072	58.7978213606	-0.879129999672
-301.307823942	227.817837099	6.97757337445
134.047145248	-168.202661093	2.13745699201
244.987032777	-180.783258938	6.7383388313
-155.100449111	-168.467258264	-4.42121300958
423.992081994	207.208211948	4.37545743793
380.706760616	-259.486105216	2.64136167488
-3.0205061685	248.365935785	0.85312747673
387.629445841	147.424313914	8.91754716851
171.894461552	-46.87722207	5.63657623512
-46.1522209989	355.153709592	-0.123324941905
247.988450697	310.275165614	-5.7328652886
364.442150821	-176.691060289	6.44745377424
-106.061969522	358.95482218	13.405914936
360.002416339	-166.132177332	-0.394153885857
443.634473462	60.3753047111	1.63469386191
-91.2725885388	345.29250726	-1.86995552998
-88.8810777293	-23.9467925761	1.49270909541
417.316425235	-153.862639727	0.548416089836
425.54805489	20.91289638	8.1828382763
-15.2103578202	213.600937286	8.56868396321
-163.023059801	-74.5990042538	6.27695239821
-139.878307784	378.927940434	2.45460261288
-26.0074384248	72.7066468474	1.47428507111
130.830885795	-32.1066677103	-0.961238929245
-234.609126651	9.72414087942	-3.94448116456
281.83191111	263.484921906	5.61920923231
189.232584832	199.874920623	-0.604606512832
250.310963217	340.105004051	2.07891668488
82.4523279067	1.21781052435	-0.812756416743
59.9227020364	310.430281239	5.7926749234
-76.2988619922	418.993899356	-2.66836449532
-239.055009439	295.29715039	1.52375113471
54.2663745129	-233.81308698	0.845539814543
-137.812376859	-141.117510738	-2.65134798193
199.833922118	101.60151663	1.02795368901
-162.425705317	-116.556890959	-0.177294543499
-232.406087237	-131.52672019	0.699888870449
184.752281302	483.689895684	1.95850299452
90.2287208897	57.1814278487	3.31645785043
-277.136179083	-230.623019308	1.90812239493
188.967282984	248.649365529	0.577024827911
494.017643079	-154.598351888	8.89733775688
118.226561296	198.755266315	0.720471261353
-201.590792059	117.785792712	5.72861455303
-31.7764280872	-52.7143716028	5.5291913619
332.18800007	209.164250379	2.82506699072
-133.623114675	59.0431564712	4.64453085747
252.532970017	461.477981291	-14.325772525
365.402628812	353.082615355	-6.69821707393
144.649498032	-287.570820656	-0.59049373961
299.397392821	-216.009171299	6.6612142511
133.720618102	54.590221448	2.63444955341
-192.866464915	41.965903214	3.02255520237
193.242709194	123.946898551	3.26956673552
-96.8709760151	-240.373342241	1.08412815831
208.310525488	30.0176129533	-2.30206549944
375.699653289	289.026775022	7.43414993085
-283.775953221	-149.968576721	0.542026436784
-307.628980968	-195.264561015	2.03998674348
422.996604329	-157.476289483	5.77420000288
114.673679214	410.604593624	-3.50139656552
165.41290598	427.209717595	3.58594086483
-178.258835146	-285.663403648	7.33661206983
-181.707365144	-283.115713523	-6.22009797709
205.326728826	-156.085358739	4.17029242972
-150.552322384	113.389052017	0.201152984623
195.773234514	-269.066618019	0.0416222402102
-290.745486419	278.749890658	4.69611370135
378.33129115	263.671085567	-5.36180644384
-72.0025504706	-259.086371796	-7.71166446226
307.433492415	418.853289999	5.96628736469
-306.840469004	134.961935683	0.410899052203
269.76882105	344.178993231	-5.17576559943
267.852477493	-167.712623078	-0.574696021816
-154.866397713	396.14219798	16.1523644261
266.254171384	221.179075174	9.8555261207
354.624518779	302.352997633	12.1625359855
300.819045765	225.629262455	0.774199343003
286.51015307	-252.250887553	8.11190214888
415.439872534	-309.387727736	2.233943092
127.695159517	465.057573253	-10.4946530412
176.380168531	-231.28986969	5.59451547939
405.358933035	-207.671791191	-5.24671242211
393.456534998	461.821087376	0.211042825695
-141.389013207	-70.7408952012	2.43936262848
-242.991092525	309.699776144	3.40235632463
143.497744049	-249.21583858	2.03426282042
224.468313562	-287.443047694	2.43098240603
51.6965485616	323.071645562	-1.16240636036
-249.246116381	211.404272689	1.71043089886
456.990933493	-306.014015737	-5.28843194988
26.2653465783	-89.8941364673	1.73501515254
181.684327696	24.5815925614	9.03976799513
191.251299948	-265.679519964	-2.77716904933
38.2418486109	8.23297021667	-1.76551495942
418.731164318	-142.385102085	15.0519893947
-72.5293691289	381.310588266	12.7939884548
127.883111737	252.007756605	2.38272318944
82.2150125869	310.489150036	-0.813621754037
391.871489414	-236.504290202	4.14053475735
142.295903723	164.243964758	7.68289149141
-203.150869998	468.38685544	0.728818694112
-16.2605364146	188.474334447	2.37322142458
369.019467437	288.312187953	0.186432428575
-226.693393323	139.395230671	2.08525611197
500.886204293	-245.453828389	2.96239422909
84.773309336	-95.7483152412	3.64398178195
462.548243977	308.91625487	-0.441387295914
64.2340240541	270.382031414	1.67524211675
474.300350127	19.0999747	15.917423504
399.433606082	-25.441603704	5.79555542349
-66.2762739808	218.553638821	1.35825416376
346.717200093	-125.781640498	7.33166430775
46.8010873418	140.032821117	4.60439484626
309.484222107	328.584838767	1.6451584868
464.225304326	-229.844046126	-7.84416261929
8.13809216092	300.105696478	1.1472380731
-28.0691703816	74.2033427607	1.68233578762
156.53711918	78.8608010047	5.33339598717
495.344653455	381.135547493	-4.50541965311
162.233329241	97.9133081295	0.0295953913641
-120.957058801	365.024638318	12.1895000986
104.946653926	492.527488056	-4.14928428841
42.602172964	-193.695879298	-1.50529142131
-212.774513735	266.630909909	1.14437909948
431.940896844	-223.112468716	-0.776594047653
438.07361002	-218.12010314	-6.88545319601
-224.070874343	11.1771328899	4.41932528982
-250.052971094	350.951785414	1.17616248369
334.028732795	-305.425063202	4.59517323217
-62.2160311704	-273.832091549	8.5437324723
-86.8372759905	-2.44774459319	0.610545876475
-46.3195460169	72.8010588988	0.870066997884
322.819604407	297.390166082	1.5256323586
-1.85329545589	355.846913314	-3.91445216414
-209.915143496	494.144051574	5.9912529102
-38.1137488102	364.57355213	6.95963292193
145.54628838	-176.78379207	8.17261212852
-45.025266861	-82.9561310248	0.633679722027
244.548765183	294.294426918	-3.02050351573
69.339105021	33.3807463656	2.4737969388
219.990307572	-20.4562413111	-1.58410053863
-6.31036566326	331.43035367	0.687425235705
25.7321542332	193.539184012	2.13624389388
88.3448425154	-240.581801532	3.16058860734
65.6365416231	21.4070560027	4.59327078671
423.753646579	-276.332235453	5.42291362247
183.150425803	-152.123200897	4.79611367283
369.676992715	42.1987799799	1.4317024013
-211.347076767	48.6684811406	-1.03508876338
7.13833067851	39.4930861802	-0.0452702781517
106.864331082	312.268130582	2.88207225144
-84.1684202053	421.358133211	-10.1212085698
487.964772523	-254.660536148	5.67435014107
120.120440092	48.466749931	6.17893540764
-278.385808067	-195.147007906	-0.541172057845
418.441873612	137.477071433	7.24210910567
-268.59210686	157.83173667	2.55148005251
470.130953184	-110.988802019	0.634199942416
86.3614611007	365.874568338	8.16346701543
485.913355617	43.7385217027	9.33026837669
-74.8419474384	-286.395519585	2.29753685034
259.409013981	435.132746894	-3.02173388818
-11.9653227367	301.356578757	-2.42539333542
476.369606544	133.472220702	19.4373049436
49.053502687	191.194529193	-4.49465692121
374.39800819	421.285924962	0.72340492634
463.297326952	497.860825271	-12.9055669724
462.298864472	166.691913193	15.4218460353
-249.780545048	23.2474979215	1.7172975492
348.605510412	-312.287561092	1.73920479103
240.407618304	155.281364755	4.70598361192
132.87605872	270.157637689	-1.23102482105
370.368130568	392.691681303	11.4556560231
141.358624633	-175.514514588	9.44209094335
498.159099589	337.995070934	12.6704474979
295.657736675	-65.8190314669	7.67926575219
-62.6957908013	-227.86429028	-1.17776653668
368.150302983	185.765043713	-1.51474468626
-216.271625144	-169.706845461	10.1327694968
-77.6487677135	223.49600254	2.83661022394
-157.864444689	-154.858761598	-4.19386171764
429.508038821	-302.934837131	5.18586494498
267.75117791	96.487549356	9.20357618336
336.628244001	139.074337465	7.39946783708
-49.3897593756	-70.5077178349	-0.0973209400912
-78.5423327644	319.404920568	-3.36822804049
-110.360430508	-99.1440817584	0.424841895344
310.14495074	141.543212301	7.49410151893
-19.3158096662	189.588599855	1.16399163254
241.183202188	82.7178680282	5.17827115823
-106.32718692	-139.060859657	3.12576288608
494.340898015	-255.241734019	6.88800479275
289.572203398	-84.3730856957	5.72580748511
-59.1790100353	104.851624526	-1.43272757811
32.5442347194	-251.285288912	6.49222098759
-149.198411038	7.27370265613	1.58510266197
-148.229587252	77.8695315329	-0.359328061139
366.575907192	-204.544989617	-2.62489664625
-243.422771601	-185.943388714	3.23937707608
151.477406576	-86.3216327662	0.74184749201
-262.485579111	233.005045761	0.690591948623
23.6142500857	-228.30301781	-1.8738258558
43.4684805672	-36.7404344154	8.2474549141
351.704218488	233.126927752	4.33625074442
403.387670877	-85.1869963903	2.111135756
-95.6149971743	442.421991154	-0.158068779213
380.623801914	69.3124318974	11.6920603977
224.410922554	-290.196415174	6.93938850648
172.331809533	131.485819789	1.63080181308
165.297089513	-57.9184701201	7.09349421078
-59.4773221911	-260.327584563	-1.5377830207
206.22654816	-183.153233033	2.77870335235
366.881383596	107.065790835	-3.27883775795
497.854665321	179.074808587	12.9575099929
327.037769568	-305.685520097	-1.88187365465
445.428628086	-26.1132648862	23.1410785084
159.994704253	103.309617201	5.15419263098
24.8962897134	11.4635688789	4.75138435677
-255.731673051	127.187171731	5.50355499522
134.05318466	213.847832794	2.30405936916
248.483822917	-302.291646988	3.4326817427
291.346394176	-300.711614959	2.60440215524
168.459395583	318.53990971	-0.28009243395
306.366529994	-109.220954984	-1.6971656853
41.3523857892	305.9517591	3.5652341011
403.944320496	293.511873443	5.64275958288
79.9106618211	-273.098895443	-1.46641414392
70.4804647481	-56.0748034269	9.619740763
-66.8665690431	-233.655288381	4.80039265644
-106.918972473	314.611247836	-1.77871607339
416.26642279	215.050267903	1.59101457372
-308.789181748	7.38831951091	2.00236374578
121.294003828	-199.793198482	8.51983663798
455.238299008	-277.084167972	8.95621015266
-132.309779642	169.999844092	6.26480575581
293.935711993	-32.9836629724	3.36500054865
164.214887627	271.087107006	10.6036749228
488.097610623	359.269049836	1.72673265645
63.4639534163	424.465174218	5.53993107478
-82.7545020621	69.876950987	1.08428397749
-6.36289056096	-40.1170461648	-1.03700614616
20.2976642211	401.703158216	-8.00737668122
-32.7891802144	-192.707528013	-0.83931817429
-311.924918435	-213.163039932	2.72113196567
136.117329958	-230.736782111	7.6396052758
83.9044716813	91.5654613487	-0.39702729086
274.212568505	-206.815635363	0.989022458119
381.125656248	-166.120528899	-1.88772155692
185.238250137	68.5306263231	1.70510963032
-191.266176221	-137.305643697	0.834262256969
429.698633589	432.512872161	-9.99651790539
125.888026399	477.823300231	-2.70677289072
-172.883840704	-6.6662384362	1.12539163347
358.567819436	178.797733193	2.78990373279
376.257323872	41.8538416826	0.47497766576
467.372749618	-162.121316554	14.4601892357
36.1081068056	399.631204206	-0.737257616237
-77.5892264394	87.3406354485	3.33384560551
400.97976435	289.544242419	3.99250935921
153.452637811	475.27357191	5.43933356776
-304.735318486	-2.18749752083	3.7866591097
265.196183573	476.900203258	3.50713724105
231.672082275	140.157772143	-2.5201194302
292.200140527	-3.15330099585	9.46215460784
-220.38926035	311.06991135	3.5133337513
-115.827638514	209.866460743	-0.14394068731
-268.773462096	122.286773462	0.0719495959179
-78.1620824112	-0.191733851811	8.96440969141
229.193014983	3.23860369759	-1.58768408574
-237.961747127	275.409111661	1.48193182464
-225.304677346	-75.7759904354	0.154722634135
86.6244478679	221.389978759	-0.189684909605
187.853193515	80.0926290159	2.96871510644
268.159229487	-55.2706040718	2.48207986603
-300.821423969	-265.711318472	1.29767977861
-94.1067997583	137.862028308	1.36643540019
-179.705263158	-75.1273882699	1.55958151747
14.6700341963	444.42645222	6.69582508981
-157.265655485	-275.112610665	-6.31962284002
300.788392849	237.135706275	-4.02965112787
174.104253488	-134.971878673	2.31174764107
309.119465064	485.401921847	10.4322968331
328.41839026	230.829957197	9.02200438514
-196.056559199	-138.48417965	-4.32124072495
-242.700717934	378.115447564	-0.334595177431
336.687421094	294.215321549	-1.11595241771
480.026944716	-7.15486012497	13.4863055591
-156.615209322	121.961443992	1.9500058053
313.529775312	88.2010830335	7.52257329598
297.51994698	252.790233926	-0.176388281921
-1.39432000179	-278.026161685	5.6766862222
255.854695937	388.203162002	1.43433565636
65.8465130897	-99.3602644594	0.342636208594
-64.8730976186	366.733547429	6.41632423601
275.435324376	378.232091229	6.72908404901
344.797505646	-20.6241751709	10.9581925051
-139.838662918	-200.003309815	2.32744831683
120.064225284	-306.341153188	4.49634614917
-280.600347189	244.635845809	1.16459203278
313.714946929	91.363440446	7.67810400724
92.7152710691	-24.3779363947	0.996950046552
206.878532651	293.698632029	-2.40966733435
259.467709609	401.246358952	2.17779351443
15.1509743993	55.3668651623	5.9386924407
304.645824731	-270.458813222	3.82908965183
-159.077202905	346.03386074	-2.20288179799
-262.425915811	264.952447531	-1.47147095942
449.077295736	-53.6397492914	10.3820678525
-50.0183645397	212.062654472	5.82788873341
378.787370139	346.356474027	-4.89886467162
-220.267222444	27.3077382925	-0.221831038479
418.987191416	169.470240721	2.43715466418
-70.5206065451	412.924121167	10.9325945114
411.670027789	450.166652521	8.53090616963
97.0794130238	88.0637378089	-3.24625169042
300.164975404	299.789330956	-2.06363863297
-272.140362562	-109.467204227	6.26027232187
451.793314823	-190.885452436	4.81681018898
448.635758014	55.3739252919	1.22526429083
299.337523167	405.56699101	12.5135661383
86.4321693865	233.208877099	8.68430189686
371.284941667	376.010636284	-0.933882795924
179.945594733	-270.80637536	4.90434332332
5.73947092459	180.056744977	1.93287673677
85.1717560633	76.77843358	-1.55211198955
426.911253095	347.429580896	-3.97137368141
-133.120468788	-290.710642803	-12.0985949151
-278.254546306	115.112255631	3.93321295609
-198.194928572	405.791064047	1.65242020309
12.5685890648	-248.845706676	2.87255705602
28.6129662912	-85.94658989	-2.74740724451
-311.940653281	-282.755561907	-8.09209840364
-85.9762844818	301.785532217	-1.92111678586
435.518087562	370.562411589	4.72795956362
37.1139841569	34.7329869282	6.93346000379
339.27608358	163.372942191	6.82422513536
-189.407135624	434.320898779	-3.54417889502
436.277199025	-126.946685245	14.0063937224
179.839545947	-279.71828286	4.82412364189
-18.4391269129	37.9187687903	13.7557880214
-292.593469427	443.24315363	-1.3222051277
-174.574973075	358.948156306	4.20140937476
61.5757192842	-65.7037884382	0.449941289246
185.860467815	-150.651790909	2.38420654035
64.7540752699	-273.018117954	1.43918681026
-60.4815236798	473.341822027	7.80500167282
-26.6793789112	124.718454782	-0.493552148833
-129.029572496	-104.971139121	0.950431369879
-169.924674042	-266.181155213	1.46424252013
327.045391124	364.104885371	4.01746141907
-92.290933346	427.881533845	0.619021225107
189.776913934	-189.226331268	7.87269624328
-144.181712588	-241.134527868	2.00838459471
222.353352732	-297.649255251	4.06175111803
-254.328986591	-301.160290172	-7.25113007929
360.576776894	157.167398065	-1.82364322602
380.612055253	-307.734163791	0.558476712661
-27.2265861952	145.36821153	0.265560376613
59.0241169932	387.856233411	-4.99122899635
306.316739292	-273.68116	0.0804842921236
101.703861586	-188.493246477	4.27355829932
138.355962031	12.2073608406	2.18429082227
60.1799716588	21.2751934687	1.15255664929
262.127529587	56.1720155075	2.40212247364
246.94712562	171.587596502	2.48609342298
322.751820647	323.321807098	0.252882207362
153.350954267	464.509398764	13.2200032449
94.9404536626	468.52359909	-5.72016754604
124.851224544	-292.612865806	11.0761990363
-154.814622004	405.166325541	-1.3546392422
-75.0704908115	325.382368177	0.718268394913
320.696581681	270.441195741	-1.53191243121
291.622154181	-113.363124963	3.13960892499
300.034180878	113.175953446	-2.59365224427
-8.02990952472	-134.194901758	-4.8437068524
-108.535732853	-117.637049033	1.72304504271
453.622850801	-181.925256864	-7.85947222075
145.276911427	-147.344545708	0.931689292392
-50.8320285946	-169.763259067	-4.37108776272
318.999250729	239.791185782	1.06161147494
-262.618563697	-3.45649516652	1.28721397141
224.968767634	-36.7194513455	5.1977325647
438.348353999	328.197141033	3.17771379391
275.055733208	-9.88715910481	8.56047208059
152.942317842	10.6428398621	5.07623801212
-93.4552233182	186.328069901	5.39279128701
171.345826635	144.685815774	4.65273778105
-256.464520422	141.476462655	4.4407012796
414.859893744	-170.88672934	4.79846053875
289.315255833	453.911046762	7.87735284652
408.9587478	476.258517552	-3.01651937652
-242.046359394	-254.757697661	6.07722174414
431.388999731	486.204662614	-4.45107119035
244.727490945	256.36606748	-3.19056539367
284.014458115	393.300239571	-0.0216287989731
-219.474119849	-185.567897697	-1.51817870807
-237.24456213	149.172602634	2.15672227254
123.081591541	-226.038234928	9.7933373392
496.056483814	387.728826365	10.5051882269
268.894515117	-100.588633098	7.66881924964
279.258368864	164.564380422	2.52193293371
-183.841898941	-156.353381155	7.61508376
-148.19091309	-21.7688001561	3.62680789476
387.438307208	-68.7250722425	5.03991431955
67.4096463498	-188.465139428	3.53453762783
395.459799401	-58.3167195843	12.0497239029
487.935003805	-310.933342408	-3.79180092297
24.8600379314	-255.613024759	9.09771606958
-151.111668048	-252.566402125	-6.59832838615
-301.898248887	-215.235963732	4.42576600518
67.3390933686	210.384497673	0.996139125966
153.076971213	-80.1010289784	7.30787161441
297.521779452	337.805060176	-4.32232847145
-184.880583969	11.5968231052	-0.771208689317
15.9843569634	223.471774937	0.0212472646401
246.472307285	336.306718177	-8.36298435996
328.784911524	-153.250189539	12.7171293325
330.01834996	444.897804135	12.7286031954
-63.6953450612	450.802911388	-11.6065222468
-125.776642529	-244.099293674	-5.72615901197
268.364556366	472.362382002	-4.01712019035
-283.747093849	389.99855893	1.93757329156
458.675712752	181.974997043	8.50303067361
197.915290175	235.644601703	0.370891288452
-92.4898683951	-85.3761027485	3.49677374452
-113.649287837	498.321854398	-2.61088377217
-111.368436979	258.7330265	1.84399754019
-214.185425741	468.518669799	-8.91013266937
270.337842939	81.7374503571	-4.24927409187
-183.411785244	-40.4661604171	-1.30860300117
-161.59469543	131.567475337	1.31304103214
-162.774241193	-275.054496657	6.77938000003
445.413651119	-300.978059082	-5.72463344507
-303.660980077	-129.797399859	-1.89419033472
13.0553427092	-265.264663516	3.80456413336
-6.4914228048	365.012831698	-0.226872587745
-14.3074039821	33.6694413059	3.64537523404
383.697334191	-28.3523039735	-0.689019219164
-52.4926175566	91.3104815139	10.4443066234
132.529329513	317.108873175	8.41446796324
477.768892809	215.390036294	-7.03882856738
-93.93519524	-133.332146653	0.437132079126
-303.25274244	21.6868511738	1.01206357975
423.937039204	197.257723555	6.94641144504
271.253885884	-266.267815553	7.53274311893
-74.0690743104	-149.433360922	4.87506628938
-98.7860476459	468.204468791	8.27459155797
-281.942074899	423.45982431	7.77294211559
-85.5039685746	-228.126863253	-1.57310643952
-139.332944125	-240.876523396	-10.750300185
177.180019254	-43.275089082	0.0852508166901
383.8064984	374.747398646	-9.07237069045
253.305087177	412.167741178	-6.87997757378
119.668396937	-123.588140019	0.55744269257
-168.790205833	365.875079298	7.65040728114
52.5358470108	-16.8879061231	-2.09111563156
-239.801738902	-127.582469914	7.28919038042
-68.6444778581	-57.0397778724	3.81133576039
445.730338722	191.427855363	2.76343712018
-178.511046575	-162.803803616	-0.965138736194
130.279894496	25.6261004862	-1.00140274981
-163.952328539	334.732564481	-3.10023804766
-291.833048725	112.617259494	-0.94501910643
372.011049263	175.817976532	-1.32342548325
-72.4189294401	480.173032112	1.51327401678
-202.123689096	186.601321545	2.24020338225
216.354689899	246.327405672	1.27499438655
380.074423777	-128.759500948	-3.40197870008
-190.608250576	-36.8823110985	-1.38843800388
127.871912008	217.576456475	0.950648431131
19.6051732292	-283.476463643	0.089580747922
180.870805507	497.670424948	10.7963192727
376.109993791	-204.170859765	-2.68606348147
193.133959823	272.622110372	5.12740167917
441.599541955	-163.698621143	-0.374256769145
-219.550618303	345.208179632	7.83814346207
-3.58129241777	418.826966823	-2.45254429055
330.34943776	-66.0594291783	8.97525266954
-134.581945743	-272.575972129	2.18709438846
485.317952021	-277.118004611	4.09539185544
86.9886115195	13.4899967139	-0.786352162572
-137.689025693	-48.2949490127	-0.422936314783
267.701608408	221.478478231	1.44483720614
444.615534519	387.256473321	2.08880398386
-147.816466882	477.991588927	-3.18678438482
55.089925897	-42.7017894918	7.71516316968
103.13982697	-90.6424003704	2.10968250858
-20.1864037974	-103.326193411	0.717231231507
-264.830576246	237.71648875	7.84837266052
496.649639766	191.728716069	-2.71785381736
194.150064657	-206.755134618	8.74438824788
-219.635391536	-146.605139791	6.01086299705
-309.465877957	145.031994996	4.33033074544
114.885044662	-96.2672432364	2.66202336075
-13.4484621939	-159.47002001	1.71055774379
-148.09492415	-232.694571307	2.88095523268
113.074490486	248.69092773	1.42141652709
124.062286538	-90.9366151329	2.91009455698
443.240963783	490.570049832	-9.10346508205
-114.683260149	-312.456485966	-6.26769875896
-109.219697182	213.172524302	0.0718141790038
-13.4809099532	-36.6418333591	0.640827434735
-43.2300712714	-210.84253692	-0.385150644183
282.433769475	262.087922134	-0.497861710582
-34.5988011885	331.795136959	2.36917062319
-86.7780603728	129.309180593	0.213193757764
372.189884409	62.6358219117	0.760559083504
346.903293297	259.440581358	3.76933978453
424.030732411	16.5959998182	-1.59861578444
401.471628004	204.240175295	1.00632515245
272.716238561	375.641310691	11.2766882879
483.359237905	347.652632101	1.9547130264
465.037685575	-181.070474312	20.5966749193
3.64388976596	-184.231762725	1.26255000913
224.732215404	402.440528795	1.72625603162
326.698204621	-193.422964096	0.874444558106
7.24829670699	81.0899430928	0.36277706955
-300.133981736	212.264674144	2.02225168689
380.31094767	397.485629306	-0.720166784886
-100.404611789	152.460211296	-1.90922898034
243.067728686	346.40744199	-3.92219391456
-137.950230494	-248.210645553	7.8708373895
412.932276641	462.365166904	-2.39552805394
-49.4045588813	-227.607348678	2.19324648721
74.4711582485	-23.000371128	2.74873162099
245.279485486	306.442843164	-4.70499015588
335.324764925	391.096298592	-13.18373551
496.895315129	-18.5566440973	23.3853574977
-103.285360303	337.471576031	5.36569807023
161.687181674	-311.573191728	6.8217012331
-9.71650498912	131.635250746	4.08341130562
-29.9088066391	464.620479272	0.787664686358
278.358675917	481.332963518	8.02633936689
-204.837924364	289.039733608	-1.52882735961
-10.5715699005	-31.0431342518	-1.15707339418
406.849461649	263.662068171	-14.9649016972
232.365668877	-132.421195432	1.83611503411
226.542366466	429.29502855	4.49332906635
-155.209032453	471.1185789	2.9103155041
-279.47127793	20.7571268203	1.78539560118
116.298052447	-141.365968298	5.38112832945
145.33716427	407.232718813	-2.47211406214
0.493403744055	353.952159625	-2.3017197552
155.171006573	-56.0167986365	-2.53177300398
314.689991879	428.422837267	-2.62870209521
291.271737035	57.7568221968	0.775963213264
312.312304731	438.280403974	-10.3290051161
370.749988382	-213.512729242	3.52334451522
17.5245387377	-146.547549901	0.955617604106
441.780783661	-213.099541736	3.75789597474
445.686885689	-70.5984012734	19.0426028529
400.199874774	-130.095756804	7.86860388596
343.489328858	-192.745431358	11.1738352552
228.22965472	-242.567639083	0.750988317928
301.386953592	-79.8123166978	5.39912434398
216.734912881	466.683174199	14.5170095273
208.63777733	481.275171888	-12.1371689485
227.974462646	11.424977493	0.460326116164
222.057931852	-265.724965381	3.03542115191
271.767996048	-121.597368365	-1.82249100395
171.748917058	326.037047986	-3.11182644945
232.166415711	404.356176542	0.734653708072
259.507082046	160.512898885	6.39198126542
8.70392567407	243.953733295	0.55217770294
405.155654841	140.246265612	10.8755888774
396.801423606	12.1481802045	6.74267472087
-55.3119535602	-77.9969645421	2.46039808825
156.669738075	210.813953877	10.7435684364
-77.4171319043	-148.270899071	2.71806757716
366.118264886	7.7515084938	0.17390177752
215.479457921	-277.237155576	0.0300737837844
140.983827505	328.868007271	-2.1741236548
-4.71352923315	303.918379463	3.4206253423
-38.8877997125	-60.6570427807	-0.391423573818
119.76938879	88.3871659769	3.3499607298
71.7314521284	-34.8499799313	0.139662345268
38.2851166467	275.637850833	2.84601194317
-269.444511555	-273.802018241	-5.21979251147
93.8088071659	208.350282663	-5.83831783901
-175.979710279	-111.451650174	-2.35245960063
404.643465236	494.824623029	-2.32760647496
68.0686447894	-89.098542029	10.1139411559
-12.0457533421	352.922179147	6.93622158262
427.916208931	-169.431101362	16.4471570642
32.7410675205	98.9200050439	-0.733033332754
-227.546754823	-76.248822798	0.0685405203751
11.0350093056	-91.7801853472	10.5382098288
438.736169545	-208.448183186	6.23226102535
399.143786167	266.763194843	2.97415920798
146.484258324	125.434422681	-2.4629265222
374.70343428	146.31807622	-3.03799002188
225.98045371	149.059287768	-0.167325710645
-258.335281826	87.1348051949	-0.0277449495377
174.158523108	-134.280959034	1.28572228859
244.890411803	476.459955579	6.8876592295
-254.13294369	-36.2265433192	2.15067328217
-270.910165288	-178.707082769	4.24927563484
446.673165305	186.181188435	-7.92019562413
254.440205768	271.700380901	2.51275785225
-288.510543696	416.036326866	3.55750399435
-260.443465051	255.67847114	5.18852483286
-95.7893928275	-133.323468416	3.02545916584
64.9231555894	317.275776548	3.60326023625
122.530255256	250.375334374	13.4902051815
-48.9272005811	-106.320090696	3.0357373633
409.363825115	-58.8062561077	11.857976732
45.1454051224	7.4480463247	2.79006955594
-35.4895077803	-12.1834670213	-1.94900597381
79.4960495013	138.45102449	2.1769768358
-77.077713924	240.824953745	1.35861483382
172.779504028	-83.7472412222	7.62050012235
-116.491531706	302.488959729	-4.92868382647
-229.920753809	-138.558550945	2.28732982216
87.9706905983	187.947216336	1.71054328239
36.2238622959	-206.073783784	3.24252959108
-223.35102628	-230.283714271	2.76428787834
335.807637175	365.578854009	15.1550508865
-105.749757671	439.50359483	2.93300880573
-284.894282898	433.758653097	-4.32420512108
369.239359376	403.213187439	10.4041921337
121.685338182	225.529469109	-0.605027658388
488.395975865	37.2399298434	13.191685347
30.0551500786	-20.3740854138	4.73516254399
218.228279548	453.205202704	-12.5777383622
-193.381765423	369.497074384	-2.38179607974
-67.7965011885	-308.919680176	10.7491739938
-128.238019156	168.417735061	-0.856337280803
-189.169438522	403.799893156	-0.76601991275
493.924198189	371.434865362	10.2285231634
-287.662298267	293.076225545	-0.358838978966
161.744434151	-134.864414662	0.661644326689
322.965531484	130.742658408	2.27330924674
142.293902112	498.632804114	-5.0332829686
-167.752246488	377.084341536	-6.19636371413
476.183377424	353.090168511	10.2292761294
-105.644576168	381.914764996	11.6049651224
153.903179237	396.132215851	6.02786856478
500.7660902	329.87598793	7.78020190797
-83.6837949755	108.227929518	1.5537969742
104.324180115	128.015085312	2.31731572573
-235.824512624	279.085739096	1.75906281285
-115.779982265	-113.729425457	3.12052177871
-66.8897493275	296.796300373	-0.807788668751
-59.3759080444	405.230616614	-0.232588824933
307.426419846	-246.780634532	1.94070268388
-257.38086749	477.593484558	-4.06612112747
-236.082702445	282.972898209	2.11501345714
112.195128629	196.395129494	2.7885805308
445.340105242	-113.300315915	1.63783944021
48.2968225571	-205.931437798	5.87972541901
189.191865839	215.193726656	10.3258712883
224.780242764	345.951162265	10.0402374994
-154.426888089	383.610784957	2.30708980129
-263.293097226	469.798818676	-3.18491930845
340.922154794	131.627618392	-0.397675295063
399.547136184	75.7828026482	-7.11129439409
266.085525851	139.00414115	6.97141413486
191.286889207	409.42837103	9.18836679807
90.1170596998	274.951383006	7.91229850541
-144.181451251	-239.758215679	-6.69276871788
43.8873265107	341.897527443	2.44590747841
-261.600870473	-89.7232593268	0.638336936919
269.963370091	425.4190475	-8.97914431654
194.365036502	184.469476485	0.791433258495
-70.002403437	-44.8642398242	2.64765003217
266.044012902	153.178882565	0.611593515739
424.610190552	492.295658369	3.62035114876
105.741594047	76.0261445348	0.229141453698
381.197130796	-79.6969768652	5.80939441036
-219.544499942	209.135011085	8.29547405313
34.4970781494	-303.833398051	1.15072779949
-101.690730138	177.820891492	3.17812951628
372.941696546	-213.757798372	14.2660543675
378.900811926	-258.35582448	-4.03468383891
193.291590273	21.872723637	0.0836210207504
-271.647229883	-289.734097263	8.16664496372
-310.759655599	11.2259151599	4.55379040348
489.911136089	269.19168232	11.3947714613
215.847296742	56.9257013512	0.151925180395
438.314121712	38.1779458556	-4.10907127314
57.3856213857	357.461454656	3.24767451711
-44.1890458075	-114.062473728	-3.61733517039
-9.5254560303	209.074721345	-1.92427160548
327.656603434	397.25977569	5.42753775407
-191.740011437	66.8950999294	-0.39872150466
159.75470509	-292.500924611	7.19227199242
-36.5190123944	325.716960041	12.0506929938
338.330761666	10.2254666341	8.29886922305
84.9464279566	31.8263497382	6.12861941885
250.422725184	-38.9526080519	-2.69000668364
17.7853265579	35.4880154205	-1.64224215441
125.865990582	90.330782191	3.16153726493
339.669991937	103.091608915	1.19789403151
-281.089437994	267.707438071	5.39280880656
-112.818536627	491.127286877	-7.61689211555
355.62063119	-290.110536671	-1.68406709214
32.4061861948	-154.558754822	6.27546717907
191.949533882	-77.4761468326	2.16827716254
-300.320151703	365.823142449	-1.2320037593
273.733012154	-146.814060033	6.56281340576
480.563403221	321.093939852	9.09926193603
31.1457750781	62.3073458605	1.07523402797
139.638783984	286.760476073	1.61613664938
-217.502139437	96.1561784701	-0.532292797755
4.2983442691	160.923816888	1.79714918715
-265.867831827	453.039476874	-12.7226451484
-119.877949544	-68.4206044951	-0.286376010052
-1.31491980693	381.540700909	-1.49171534968
381.076887215	112.787295405	2.81142008521
394.263853481	-160.689164583	3.09332451737
122.88233265	377.928531398	9.49638146045
500.12786558	-19.0820535554	8.77568977069
-150.467240809	-310.833596226	-9.23713554217
-251.150644803	-108.330962225	1.38432448988
245.088908003	303.462432214	2.10403157361
254.295560111	457.070109736	-2.55015886231
318.813730199	-112.02084483	7.24258253003
122.484448026	-184.866376613	6.11210988006
21.5428013196	-1.49655847999	3.57206542095
-291.931599348	-221.392300242	-1.00915271994
446.241528023	-313.534023497	0.765402132773
254.440192591	187.684589944	-1.62088442422
398.872177398	233.67640753	4.25622774733
84.3060113597	139.377823546	0.123384462767
49.0275979168	287.374598699	4.28115206488
436.130111581	272.885108185	0.674710635727
500.150664123	155.575589396	11.9981920465
-127.500960667	177.873001821	2.95842052588
-143.839175757	493.299582873	3.17510551363
57.0139380802	-160.872844044	3.5289894859
285.10453287	307.978414153	3.90544457511
22.8904147558	-173.990148079	0.807624874779
433.145649137	309.862699103	3.25716237576
-172.031808342	105.60570665	3.72602141549
431.192585153	408.638485188	-2.69353107046
-259.740897158	338.845629431	0.0574708328767
-219.1166492	294.306556649	0.90621947306
8.28218239422	46.9068153379	1.96070607556
488.275149358	88.9905460668	8.50382207326
346.072079749	-120.696588985	1.35858174548
56.0051278684	372.641076038	1.90600644093
305.282140779	-224.809683238	7.84992284429
293.639496487	229.596302203	3.69937480666
307.58304794	12.2856937707	10.2752455209
-210.164687559	-207.340279901	6.89769067095
405.866726492	445.355385818	0.0352222464129
296.500240201	200.909207143	7.26627342557
-77.4980004524	109.719150669	1.93343375801
128.003559563	177.733563196	4.80131062995
343.433152006	-210.908907782	1.82065772504
-307.005718455	29.9401359464	-3.82619470928
-5.17041679376	445.228105731	0.888548536518
-20.5447580241	120.403528956	3.67403895032
-45.5531448282	-123.558039088	5.12625556264
100.342469494	-8.33469009527	6.65194765401
-154.40385323	212.041819769	0.0862352917305
353.637365733	501.784514998	8.3173930157
-43.2774999483	-288.736167725	4.05763321537
14.2086753626	-222.300946523	0.784056359604
-75.6111110761	-18.1969349757	2.25143170844
501.66649071	-243.930171887	7.04690799221
-182.852734	-112.907902062	-0.743603629009
-260.001131669	-255.049858859	-1.52248651496
219.03596753	-80.9264234332	2.44707466658
133.593867933	-81.5263307362	1.8810228365
-168.894888055	94.0343160061	-1.14728206069
186.348760863	17.3623736989	3.18049930276
95.5406573186	-239.799665957	7.09918207076
164.619040855	-308.367901045	4.40110436148
-49.256738192	99.35947334	-0.177932223794
206.007516206	-97.38930909	1.99385435093
-105.753136556	502.556370312	-3.55035153469
7.67452940926	-264.99711765	2.50899666502
-86.7317482852	72.5990787321	-0.329771732564
347.974119166	263.849267073	6.74669546342
434.062386295	207.363984367	2.3027569625
-53.4240961623	-168.276691278	7.59790273157
-18.6566312286	9.10930307021	4.30421662114
-274.232394339	-18.1846852221	-0.506689846915
131.756937243	257.513028274	6.1397252726
336.538139597	266.015557745	10.9130631749
92.9096487606	-169.344367365	0.921746973562
93.8494654743	47.4054316075	4.32957445972
-295.178344602	-155.244036567	2.16285829196
201.816510357	-112.689000993	2.01433147669
-302.020091171	77.7252945175	0.568266324718
231.412767773	-25.301116133	8.24794314191
82.8478891009	199.553298012	8.51274064879
63.9137610096	70.6684148562	1.95044225037
-55.7646443415	-139.516422457	3.16423102842
-122.981725938	243.185137815	-2.09965133958
405.163333083	-18.0364767589	15.3388354308
167.519575158	455.09324762	7.1705404272
-276.339851154	122.99512453	5.1548678032
343.950639326	220.239271627	10.0395182253
330.540136041	443.983440759	-3.70732312894
389.74914858	35.5513187178	1.84231384536
36.9903271721	-263.73823244	-2.78732855052
141.200563081	-204.626280941	7.84800372716
-26.490780808	-135.612233747	9.75636365994
96.4500857098	-128.138128415	0.300973501595
298.19073305	91.5782032204	4.66675078908
180.253975964	396.429844554	1.62157535713
-17.8009433473	-54.3644220809	6.94691585707
-150.95572052	-65.9224501985	2.90130407133
485.028097935	-267.325533416	1.30968134269
270.572782303	-196.754914112	6.66115811177
-280.166404079	-126.331161244	-0.0686377254041
45.7308142232	202.988422667	7.04451381588
337.006201181	-257.536669094	5.17314533477
99.2729457754	268.223745541	4.12193630772
-241.929468973	-210.510995558	-0.748853670937
389.382613268	384.428960412	-1.72250961554
55.7302937969	14.8622747038	-1.84633159865
46.8801620945	228.377240901	4.92742767336
449.586708415	161.490969899	14.3790456574
162.107000644	-54.634808822	3.61618129076
421.512369896	-250.774856258	14.7550653389
364.866353097	141.326346661	1.90705037161
442.375153624	454.251133473	-4.13447083754
291.427203088	485.929426558	3.14642819594
-68.2746922333	286.018918268	-1.38222261075
-287.170346842	-42.2759803356	2.14424775727
-56.2979753731	-10.7478606367	-0.260397129878
186.126698773	-86.0907766336	7.63287100492
237.038710469	166.407185814	0.615751332577
-253.624324563	443.882405373	-4.39885661085
-60.1718327254	344.771249976	-7.99839603908
147.138490487	-240.654400209	3.88323941601
445.15940786	481.645886851	-10.8725111222
79.4807299245	321.309097907	0.366157828053
-310.261180931	354.200854901	4.47611466311
255.529244022	149.012325206	4.65312552216
283.042646274	458.543868174	-9.51914935335
209.377942911	436.533142476	-5.47148126998
-279.060255068	-243.0533039	2.7074981636
-77.7517810623	154.324472932	4.88675324818
-137.963140784	327.497653474	4.37627798809
-2.22202692905	163.763640238	7.14954114556
356.700149185	170.520074274	-2.813391628
-208.634455384	436.427777673	-6.89754304656
-151.895507106	130.574847778	0.576754541676
-33.6259070909	106.216022729	4.58966411097
103.408008642	-155.59942534	-0.0923785484004
381.300151614	-38.9695356234	4.21370166037
376.338180267	360.253867681	-8.11546362193
301.171075129	501.557907426	6.57271780105
-141.471674363	286.551578097	0.407485933147
-267.995767504	-193.827455247	-0.42570798355
472.61917182	-73.9917005241	11.7976470352
-85.1515637525	66.433522576	-0.411864841143
-33.0119240643	232.037882275	-1.70737886182
120.987962369	80.8737946253	1.60802320819
-150.159035697	274.624804783	0.899604456527
-314.155782205	344.470341067	-0.22934222519
-40.7301263706	-73.8278215801	0.574981432189
135.945352988	68.7590450022	7.79120062181
-134.031442737	-127.773132098	0.71354602591
-3.60530522078	135.970690783	1.07901617469
337.29470337	-203.34129797	5.972088374
-108.720144201	244.925483693	-0.521602965914
-95.1612192773	358.300300718	-4.24367426577
-183.197120423	106.50617554	2.99639386103
472.958305301	16.1107688296	10.7174289674
283.510259532	-31.099523798	4.11555610554
461.109046643	313.957377661	-5.83353773874
121.324519664	331.818729762	2.5033388007
357.333732296	264.755116697	3.21077125144
-131.939445039	-303.445137349	2.55235046772
-108.729252005	-61.4721009026	0.465200371139
-88.5811339933	-125.707235989	3.53590005392
158.99212816	-44.1700983679	2.72107980953
247.323033773	-176.435508643	-0.850154589218
-205.371950394	-137.304415582	-5.03469946725
24.908151973	16.7107139339	-5.71651614763
-129.376042128	250.313773929	-0.0908398702109
465.612708908	-145.542436319	-6.10789844916
-280.50674313	173.169004168	2.88300907076
275.152440387	42.8352270872	2.37648527665
386.311168451	-68.3655125223	9.76809157287
386.221259884	34.1870784612	10.9370494827
174.758573564	-44.7718448168	2.56394687263
278.915325105	-43.4776475586	0.0578524728045
223.796258105	-103.873234602	5.12637790437
-268.804841193	325.850415152	8.47882295872
484.78811062	62.1482869459	2.15327905227
451.803213109	369.816626174	13.5613515125
139.538524899	479.60874817	-8.26854016023
247.291202744	-205.441512982	5.39386226746
11.1934043346	42.2169420328	-1.51656032503
-65.3634601418	82.5580106687	2.5629154621
455.485349907	-4.28155333319	7.2828877464
223.180719335	328.047984586	-2.22502428568
414.496219561	-305.49319737	10.313601859
410.024605167	-174.772843222	-4.57822422295
430.032198718	357.55483082	12.3019723816
-136.589665623	92.5427435936	2.10679390614
345.246881633	-182.697027544	1.0795526974
68.3905844899	-224.057051032	-1.09681628308
59.3062020836	107.875362474	-3.16801487078
147.137428674	60.7994529914	3.02411157151
168.010122037	-163.067580706	1.29257969445
190.800690743	2.11792460931	1.51519138655
397.978010588	283.845914408	-5.49004904016
21.7331714422	245.228128109	9.91948251223
138.727590127	-123.194162257	1.01890790042
-158.50843765	-235.93022803	2.91267150001
-88.0495094425	-159.096208752	2.16546965048
163.548862527	172.367016099	0.373149293824
302.010693456	453.346683557	11.1217013077
-107.580878912	-62.5729872991	0.946319345815
419.435834065	1.05952756115	14.2795089899
-225.632835997	-117.70608979	2.7150322934
197.319413008	327.23716	9.58087399612
364.494966668	289.723858435	7.84227228422
322.878192952	-210.44199093	0.687555771304
88.3536370252	-309.212803903	1.79855593942
52.8886363888	-218.260488957	1.97095716241
-128.040693659	-98.2496442658	8.14226599174
309.831377518	-75.3748772128	7.95353525753
456.020449279	123.654072174	0.0144111140112
-267.652462509	-22.1980872932	-0.146322360779
-69.0398079886	-161.342550819	0.0907240693693
423.265288249	-25.023958365	5.85791881869
-225.858363131	459.946629496	1.41723207412
71.9269958198	59.6249978932	3.20171852936
-249.102625227	239.458799493	-2.57021781347
-193.859006166	-203.216424848	-1.22564028065
494.014105141	272.215350937	-1.51096042225
114.01289218	-209.425765041	3.43005919234
280.369355247	194.438738423	5.00135886775
-117.309637001	-224.396444737	9.20668493358
262.298074856	488.096741096	5.11962208658
226.359107158	-154.515773611	6.36772827396
75.3089367228	295.878078852	-1.7310712729
299.843911837	139.924170532	-0.572794649746
-291.036232247	-212.349422512	6.31259538724
455.100782837	238.794579258	-1.28169679555
-112.150748946	71.142033388	-0.957089065537
445.605067755	-117.627368641	0.420385078442
155.135167712	-84.3092569834	0.83534802939
354.4521839	201.381547086	12.2969900623
310.713461335	373.462534707	5.96002304355
-148.895119032	441.967369566	4.22469389509
160.563850415	384.988712275	3.3999847763
186.993451012	124.072024973	1.99775767119
238.809752067	376.832997533	1.36441326156
399.423014977	24.7370273404	2.79938681661
242.10406559	44.1672713232	3.20381385703
396.941013652	-55.0112796302	-1.16541993263
-196.342864412	498.866418007	13.4340860054
-235.151520169	225.07570818	6.36584348774
-305.80994011	-160.947084331	-0.642494228512
-240.096865007	-246.952774028	4.37110230238
-18.9868554492	3.18704728114	1.50831159342
-270.125755764	279.297109051	1.65139273255
56.0957860654	479.868445411	-3.74507354236
363.289442546	73.0998964086	13.1296358373
-230.210197099	80.9912304775	1.99601566885
-171.341096051	179.261220225	-1.57796403323
-78.1270677668	95.5739654273	-0.344452930276
192.980804292	-130.540549108	2.36151277502
-136.604719595	289.314334524	9.34849943272
164.059434855	-85.4564973007	4.66124194093
-64.5897509575	335.427893263	2.3773794559
254.175642384	-181.683281655	5.58694487221
259.673744724	-174.997629173	6.45295461935
331.787068199	89.2991770384	10.0026211648
221.82723675	-20.1929027176	-1.19060663049
87.6237570153	203.369903074	-1.56583007645
65.0915116543	-142.843223589	-1.20661330249
428.714984223	237.543807575	1.80848127579
